44400226666225577337755115544336677771133880000110033008833331111770077884411221188774422005688522233227822486
4008888664422220066553311773355771111883333446622551100112233777700005500776600228855558806881155684411443325230
4222266888811335511775533770000661111440022555566773344887788664466550077666622001155441102112711877744772455863333144
4666622888833117733557711550000224400885511113333777700447744880011886611005555663388116688723366558842553300621822703
488880066665511775533771133222200557733115566223388664400224411000077445555444470114463442211885588412
000888866662222337777335511555577556600225533111177118833444455442266110055004400368811448877428822416
02222773311775577888800444466663377221111335533883322447711556677774488776644554426118865551100008140605030701
0666655111177775533222288005555444466881122771100331166001144772200883333000044338877888844113355002211557744552408556611882487034
08888006666551177553377113355777744442222556600223388778811114411001188220044773333445522443308555584867766163
20000777755553333113322668888667722880011551177116644110022778833665566663388218855881111445576112400330055006444743
222337777331155551166660000775533888811220088444433667711335577440011110066886644225522114488004413228855030
266668888331111335555777711000055887722333344446622117788552277001155007766338811225533774400445544228844118144702
2886666880000223333117755111166557733554444771122558822220044887744005566441188846600330066336677661422172
600888800115555777711333355116622112277004444668822332255337733667722440066338855884488664424700071052
62222008888006677551177337777883311115555335522557711332288665544114422440000110046802211226666118726434745870
66622220088880033775555777733111133553344440055117711661188663300004455660077227764333388778844224488228810221544641
6882222337711331155773300663388551144440000550088881188777766552266117722443333558866775566662033655531116477448844580
8000066668822221155771133111122777744440077553333446655886622556644776600887733667788337722332206114433530
8222233771133551177556666000088333344442255777733115533661144550077220033005544332266446655888855227788776632448844780
866661111335555337777880000225500332288116677222244882211445511554411006688446633887766226655660044771333005577331200142
8886622226600003377113355115577774444554488001177666655553322552211223333883311110022446611840055007700663344775566443044142
4113377115555332222778800008866664455007777551166552200663355773333111188558888443344887722330477044402442211017
43333111177775500002222888877335511226666440044882233005577665588116688334447485555337255461100114622486600608
4557733551133771188882222000066665566440077774422331155881111226677660012446622772213225088775844333344728
4775511773311553388880066661133002222442211441188337711005555446633332277225577667777008866000033540012344
1115555333377888822660000662255007777444477334466887755227711772222881122002211441188558866554488335566440055170088038844330455763366142
333117777115555888866222266000077001188335544445500664422332200880411116611334477446677551144885527640
555777711113333666688880000222255337766004444112244335544226622778811661188664455885522115822331100117080532280334060720
77755333311222266668800881155007744445511882255660055441177116633773355776655886622336644770044003300002214227722484
011555511773377662222888833113300002266770044443322111144771166110033885544006666553355660077774466884422441577550055882
03377551177335577226600228844446633885555887711554433666611334400552255332222778822007777000011116622112238114046406
0557777331155338822228800444466661111886622117755112200335555000066002244336633776688374455226655441144088844225588113488710
0775555773311113388886666222200882255337700444433005500228844115511771166556688118833335522332211224488010477776407834
10088880066665555113377773322221111557788663333660044440033442277662255224466443542667700772200223877416688217758414
122888833335511775566660000227733668877003377225555444422224455778866441111006622116633885533084436765
1333355775566660000110044222233668833884411777788773322886677440066447700776611221166550035551155385582554455262434818441114
1555533331177778888662222660000550033774444773344887711885577664455116611442277558800443355221122330022007700666633665566884405424
16666888822220000553377551133115577773344446655447788117711114433003355008877225555662211880011228854110077004277438833624
177553377008888005522662233661111665555442255118822112277114444667733550033330044331133224455883388663344777722002281006600141
1888866223355113333880066777755224444225577110000111144772222663300778833660055556688440088220024550044303
2113377118888333366662255115500003388552200117777444477335555660022228844334466886677004488227788114322407765480
233777733115555116666000022888833338855220033667744447711770055334455887755772266440077668844681133550011448255421111806
25577335511337711888866662200003311552288334444336677778800555566558022332277222211226681770011116477546333830244240
2773333775511115566660088007788444422113355334411226622445588228855552200667777005544661166447711774400443140200
3008888111133115577776666551144442222771100228877445533335555667733668822112255226633775588332430770058403046400
31111775522220000666688883377338855112255772244447711553366441100440033335566550011448844330077776677446602887704580
322227777115588886666000077883311112211446611337700885577224444226688441100445522555544051183436633335566765502338286420
35511117777553322220000666655554444888811223333668877118800774455225588330033882244334466221100226644004416742
3666688882222111133557755117733880000660044443333225555446633112277771100558877223377602288330088152200124455078565347484140
377113355117755222288886666000011555577774466440088443333444422111122441144776677226622332255005533002200331855682
388882222000066661111771155551100887733775533444433552244001122333322557722116677776633118855883300774455448866002266556644604
50000666611117755222288118800444433331122773344667722664455330021663355448833776628551428668877774888470088207
51111773377000022226688885555006677775533112288776666110044883344007744333300336644447722005522332277884464571088180
5226666220000777755331133771155554488440088551166006633558822557733334455603477227768770411881111021122344
53311117755772222000066668833335555444400778866330088777711338888115511443377334455225500427766774022885588223055660
566660000117755113388882222115577337744225544006622003300443333446611664450880072886676881188448411447634465
5771155000077333311666688882222113355114444006622553344660011885588775555665288441111008800547788337740212
5880000886666111155337733117755554422441133335500667722884400338833468888112233222266336622556655116608227788557711070
611555511337777332222000066888811667711008822331177444433554411880077226600114466224488338855778877604477005500302
6331155771133775500002222668811773322884444880033882277778866660066551111661100770011836644662477404
6551133557733117722228888333344446600005566111188001155003377116622552233224433663388667755554400445644270
677551177331155338888662222000011337700444433555577118822665544007722446666336611116688114033330058334088002877778857406
700002266553311557722333377888811882244446611664433004400667733448844114455442255222211332277558833885567776877186
71155773355113322220000886666553333444411775588774400118833116633776688110022555544336677223300556604228844688822426
72222008888006666555577331111335511775544441144226633778877771155881100002233332288662277667700440488221122447166018
733335511775555226666113322008800778833118844448888224455337722221166228877770033004411556633660000227744006144271108134
755553311773388882222113355772266663333000055664444111100224455116611880033668877007777884488558833771500443344001655242
76622223333773311888855551155006611777700778844001144666677228877113344225544335533664455683388000088603300204
788000055551133337722228866661177660011553311118877112244557700220088441144883344443322116677552255047733582233665306368
811113333557755662200667722337788005555331177330077445588226666114400110000441180871166336606447777634
8331111335577222288006666005555117733884444661144775588118877110044116622443333440022556655448266400033007700827777820
85511337711550000223333116622886611004444226677770033554488227722111177334455774477558888008871220055552255668834665642406
87733117755113355666600002222778811662266118888444455557777447722448855882200550033001422332255270077638
04444008822666622113355117755777788773333886633227711115555888855337766554433445800110000331166007742884300222238314
14444668888333355110000662233002277775577336600447788555522556655882288776677226666337711661133880322224455441155364
2444422660088880033777733555577551177666622333311118855334411220000558811006677440044886688443566445500746548782
344442288881111773300002266112255775511006677664488332233553377118800333311555502113822772204552222454
54444006666111177552222008811003377331122887788446655005533557711551133334434556677660022662277774484118425855
64444222288000088661133771155111166227755773355554400333388774488331177881122663366006777218888470348582
7444400002222553333771155662233117777888833667733555588661188441122111100114433226655776644882288008877003388147
844440066222266008811551133557755880055665533777711773311118833668822770077847744333300002283442255221144655505424
444882222666688000011553311773355771133888833221111665555118855447777442200775622440033441066460043705
