4440022666622557733775511554466000033661188770088881122007777642233006388004418332288222244501
400008866661155331177335577222288442266775555111122443322006655664466333377444477771188778833885588003344850022123
42266668844005511115533770022883333117733448811446600335566220066777722444041887788886655550755885522223322716
4666600888800442222773333775577776644335511770055554455225566111133003311002288334488447443887633668811516
488880022662277115555113333775533661122882255777744007700116633554433883300886688117766772211110000446600647422344
00066222266888855117755337733111144443355776611880022334400446606467788777711558842555506613333020
022666622888800775577335555117744445533331111668822001133771155441100660008118866448833887788542277222233234
0662222668888005577335511555533113377114444558877550077664488661111221100330088227722446655663333441168554433836177770477852
0888866665511335577553333444400115522773377771177222288550000556633111166887788443300226611882255554422024477446677660366441
200007755337711335511888866662277228800333344443388557744668833111144222266777700221177652235550055608
2226666880000885511335577555522773311110077444455337777663333887788115588660066221122443344770844228644114486118677230
2666688000088221133331177557777115566444411440055883377336600118866338877228811602222778888555522551422084
2888833117733557711550000666622333344448855111133770088776677775533225544778844221166007744110011868122227022030
600005577115533117733888822226655554444111144003377772211336644551100886666335566116677552277447700112244681188442588580
62222000077555577113333777744448888666611551122664422110088228833447733554455880022405525017781118363038727670
6662222880000887733117755777711335533337722005511114444883322447788118844665566776600661165558277442260702
6888811115533335577770000226622331100444422447744882222551144666611665548773377883388558860332061334188412807650
800002222337755331133666677117777335555008822556611118888333300664422112288441100332200448877005477226788643344446
822223377113355117755666600008833334444225577773311553366114455007722003300554400662288885588441322774555226648067
866222266000088111133335533773311775555444433668877112255115522002277772233441188228855888477005577865500746666301166740
88800006666222277331177557777002255333377665555115500445522882211114411334422444433556611003300116633885588118832664400508
4113377115555332222778800008877225511883311665577005566663355228866444477448844550011007266111122114466004422436688581
43311553377551166660000778888224455557733887700662200112288664444608777647744821111333355436233018273210
455773355111177222233008888003322115500775566113388116666771122006644443344004411884422885522665555305588227744824
477551177331155666688883322220044111133770055553344446600003366557766772277114488224455226622550422385434077742878
111553333778888662222660000117777663311444400334477228822775555005544110066551166113355664688338855266
3337777111155888866222266113355778855551144440000338822005544660077221122443344518877008811001166884800423766474
5551111777733000022226666888811887755331100333366221166335544005500115577443377113344448800885322882200660422776677886654145
7773333555511110000662222668888771133002233664433881155334455221122774466684444114422448055804255701175603
011557711668855558866003333772222777744440066117755334422667733556662883360080844582111443321838
0337755331155771166668888002222332255118811330066554444887744224466776611770045660055001111008866207788200
0557777553311332266662288881111007733000088774444114422555544006677661166003388333355886522118822227722024
0775555773311113388886666002222777788337722117744664444224411440088553355887700665566336688005546220000433305082
10088880066665555117733775533111144224466221133882200115544116688550000330055777700776600228633444433332233525
1226666888822000055553377558866552244443311557733550044662277771111332255664477887722333300660022228031774411445511861
1333355778888666600002222330044447711118822555533668800338855883377006677221122777755220177441104887761546
155333377118888222200006666557755663344442288777700224455117733884433660055003300776647225545880046774856221122632
1666655551133777733222288008811557766330000331144334455888822007788448877444477005533886644225500646522635542427
17733337755551188886666000022227722114444883366224455334477005522668800664466111166778811204413154428758
1888866665555331177333300222255772200556644337711113388558822334411440077000033663355115500145544446244247
2113377118888333366662255557700001155338866334444222277773311005500335544551144772233007744332244006644178806160
233775511773311556666000077008888338855226677221166884444333355777711820065330277824455558425046
2557733551133771188883322444466223388006611110000117777550077003477887726445528666688116671248
2773311775511338888666655220000772211557788006633332222330088554400336600110022664444662821114434541476848
300888800222277773311555511666622660044447788221133775533443333557766111188668833664411225544665244510011714
31155771133775500002222773366668888110055116644441122663333880011884422114400887766556677774477225522004455553622803
3222288881111337777556666000055115577882266887733336611440011003300770044558855224488441177446655554444221122334476443311862
3551111773377000022228888665555333344448800667766115588221100113300771166331836441244554400826687442255227755060
3662222668888111133557755117733334400448822337711553388005555444600884200114666472740663000270036577
377551177331155666688880000222277006633338811335577221111442255445500444466555533448877662288660087774477824433020
3888822226600001133777755117766335555004444881111445522116611006677336688003300770466227722547784132203123
5000066667711113355773322228888333344446611551144330088775533770022004455223388224422664488662744068848536
5111177337700002266333322335500661122004411065577558877668833666624330888448855642408044
52266662200007777551133331188887733555588224444110066774433221177661111223366885577116225440088445500337300438863480025305
533111177557722220000666688333355554444660011228811007788771188447733662211334422330088556655041156332244027777026
566661111557733337722228800881100444455112266447755330055550077774411665588554011721148224022332255263366234
577771111333355886666880000222233881166004444337755440055332255551155226655663311773344662288227700774477884411448855003300608
588000088666611115533773311775555442244662255770022885511445500663344882277774477667711333366003300110077223322112268116844383
61155771133551188006666338844440022555522333377775566776688112277334411110011674488886200883544605822447268722
6331111335555777788000022227744446688337700558811226655333366440033001100445544114433885511888822115322306
6551133771155773322228888118800005500331166777744446622004477552211117722334488661122666644227788776688340
67755117733115533888866222200007700882233776611335555444455772255664488006688333322884422447777110055004411446655874400326
70000222233337755551188886666557711003366444400882211554466330077338833113322004433468877881111228806077722414
711335511880000883366226655227777005577668811445533332255002233111104334401624477885555887733774444884412220468621
72222000066888855553377558844664422883311110077338811226611774444882277660011552244118800330044556633440055443355777784771677025623336
733557711550000662222668888118877004444228844113333112200121477660055336633274033065547556666178777234515238
7555533112222888866337733556600007711557722113300118844226655885511445544774444003322778877008826441100666685262
76622220000668888333355332288551133001155777744556611117711224444775588441166002277880044334422114488770403118811072266738
78800008822226666113355117755337777664444883388555577111188447733115544227722112253223333443366220066330077002100345
81155773333111122666655558800007755330011776633772288882222444411440066777700335508338844552255164488554433634
83333115577116666550088222277001133662244447777884488551111007766772211773300005522002255553122861144664421804
855113377115500002222331166888822557777446677886666004433663344448811110055447766224642687751772333001148338840332061218
8773311775533226666228800007777003377111144442244882222555511881100660044663333002233668400143355076655667545852
0444488882266662200337755331133336611551111881177335555777722771166338800114455228877000066442222112230225566886677407
1444488886666335511337733110022223344557766777755003333220066885555330055226600774477008844116622111122483366564
2444466880000886622333355337711336677774477221111557755112200550022666644885566554811773311055888276611884306083348732
34444228888111177330000226666118877116688551100555577772244554433331122553377883388667766336622770033580066407740408
5444400666611117755222200888811667711228877336600555588443344551100446622485567225533557777880077000022776377423322126
64444220088881111775555770033335533227733006655118822116633887711001155222244007777885500002288004477223411325
74444222200883355773333005500338866887788118844001133223311228482451111666600006645270041002611476677134
8444400662222660088111177115555333355113300112255777700227755665544663377668866773366441144331166604422110244582208548
44466008888001155777755551133552211661111002222007711882266224477666677331144885588338844337700332414000066354
40000662222667755117733771111448888335533885577880022113322774477228844555500110044265520554600364155876611807
