44422226600446655112233888844557755881188553322776666110077331166770066228833008822115500005555443022464131471202574777278
444886655333366114400110088003388556622888833447755226633554452443311332233007711506666887766477722504
44466883311773366771188445588776662003300443377770055774478681111002222885555224400888801441544850514256333853323534
44433115577440044662200333377110077888877553344111188113300554422448833665566661122117777227702668855551166045522558844728805038
4007744228866558800553300003388441133663355227766110011550066444433775556777722224488111188778833221122302
4006611225522665555331155666688778833550055114433772277116622880077003388664444111188448814647888200023008423245
42288220066554433330044886677884477445533441111888877002277555588550011446633661166662211226600776684432255223381005512273
4224455008822772211001111884466116644338833004411444488886655222266335555332255775588002233337733477761336077803311774155412280600
466008877441144221155554455330033111166224400222277558866883388557733556655212050433377663366667788100
466554400116622442266888811117744433377115500773322880040002211225566331133553366114033406666776648220277557777285555883878684
48844554433441144664477882233558877331188004811663333227755330077000055771177225555224200222266221082860676550516668
48877775500331133006666776644334411553322004400227788883377338844222255228811112211771106116633660577455562624
000332277881100663300446666114422668877660022334444551188636177556411158887447777220082555544022214852243557703138
02211227733006611335544117777666655004444338877885522070866331166224466883377557744711188114511058888060
066220011668855448822773333224433442288887788667777445523118833770000553300775551446666111177664411236811504408071101344
088222233550044445522553388774488880022003333776600667700026644777755771144117788118833113326885588436
20077002222115577223377114444774422883322667777550066665588446633440011776644882255224733004555611188116855333355138
222883311555588227766775577335533446666888811770011665544110033220000542266225440221122430088004133664188414
26644666655448855668833776611222233667744001111335511773388227755005533220044114433000033116626088811533
288557766118866550055110000883355667777884488006666003333441133853377444433111144007733662277224477164422122267075
6003344552233115555880066664433882244773366553355442200048888111177113377774411440677221122775611632
6228833882200665555227766770077774455773322556666886600553375441166443300224400334488110000888800446611884444236478715131485171211
66611665544447722113322226622887711223366004433001188557788886688220000555511115533446844881022576357524387031743773332777
688661133552288447777555533114422774466333300778811222233440055001188225588004488772266773655664411110711683
80044330022118822770077333311008888553377116644887788334400668844111177555577226630114422225522000055444466777746103816523242886626660
82255334444228866335544557700667711118877446600113332115566555884000022662277222230773044861122464177814
86677552200227700555588007722224411110088774477888655443344663333666644442211331166003374006622668566153322304
88822116644001144115500446666880055775544551177776658774433886633444486222233228422772266000081113311003333502
41155001133002288553377448888777722008833554477880000663388111122558866884466661144336622665577555522773055118822110244217
4332200226688003333007744664444222288551100662233660044884455888811887777117755770003116555476387834
4553300661133110011114477118811226633332277224488446688335555223366002200882288880030554788774677362857064756566867776
47777880011660022442277007722664400448888558811444877551188408255000055330033220066333355554155773366667741334106221223861
11177884433222266881100775544002244112288772233335588220033888855776677336655150044660066334477000088330422562212761668680444845
3335522224488880022334411001177008866885500331111882211330044228833660077663377116644446655887777227788167755774476225555166
5558822001144888844442233661188110055773311224477775533885511550077228877000033771166660022663333006677664433554466283344145
77722661133776622008877440077338822333366778888442288118855552277117700665544556602550155712244446644122
0114466668855667755005544334455887744472200221166422277883311888866004822333377330033563322600061336100770081524
03311000077556633228822334488776655442211770022553388116666445522772200883377771111446600440055558855788804412226867623336
055778811555588223322666611006688330033441122117777660077337744556633667755228888554422443311440088002255313482716201811512250464744
0775555663366113388666688441188112277002244005500443377664422115540885533001111400066222200332288226333583347331727771
100446633775555223322771177226644777744005588661155330088334422448845770011225511113355665542000811667688880606266878285181436383133
12266116622445511114444330044888811336644772255222288553322110088220033883317440077557788005500663333556684146666734020100605465555837
1332255111144448888117777886600882277118855336644221122005566665577663355223333110033002244004455000077447755554412801
155445566332255007766884488665533775411004477440066444466113344224433118811112288887711666677762222660022308828501
16600771155773388222255334477001122668833000044888877556633114433662244105555446677776655885522335500666642003333761
177335500446611553366886622003333444400005511227788552244887744118883114422557722116655554455830267013564310281123227647717577
18833227733667711774444665511443333558844228811008866440055334133003388552222662255556611554600666687663011677722300
21111446600226633887722330088443322883355222255444477774422441100336611220066227755553377885500440333158805156
233771100224477338866778855333344887722775566112266220033115577770011113300005511445555884433554466332688365500708
25522778844883388880044335544116655776666331111771144442200336688555500864455115563222211223300110022833377334537470000672
27788001122110033222200888855557744443377338844771177225500556644554411330044228755335521558655118333146666340
30000440077443388337722115500228888775522226611885544224488110033335566551133662277112200667766664477778844668577055584553606373171644411411
31177337711338866887766667755445577225588551144778833555566118880552211660033000077774466448277006322334362224011502
32255117766661144663300770055777788667722441122660000665555448888558844334444550044221133118811564477322278302
35533224411116622330000557788003377551188221155881100771177448277773333445544331133804444201140865526663066102
366000077887711330055770066882200111155224477331188884400445544333100885511446677776644486611663266522
377115555330033338844557777881133223311220088225511886688885522110011665544773344662244441144883355005567558744007044328222726420206001711
3886688771177003355224422005588447766775544557744660011116611226664882233330022221188551143227777337725336833400060704
500660022221133443366115588441122776644778811114444003333110044667777224455775511885555416233000058883388632288017
5110055330011444422332277225555882266443344113366002200662288880088666833775577447733335544503381112311804
52233887722118855008844661144116600556666227733442263330022558822228860445533554488113377778833203311551127557700006740171
533882233660066665555113377226633221122444411601100333355883311888811556477005500002200771111440044334455446255227777557788776088480748573222886
56644337788118877666677555544551133558866884442777200002233222266228100550033006600714
577333366551122000088772266223300447788667744002255884433556611117700118822224411445555448855334440550755264811063311332666860
58888668833881122440077553377442255551166665500223311004444111133330011771155663366114733203358006677664877284
61100880022662200112244447733225522888844334411551133665566003355004466886666337722770077771177667744006643005877578858214163183388133
6334411003388443311336622000088222266440022117700775555001144446666118855881166005577887777335533771288825
655666633557744884411331144554444333344003300115500558811885233887700888822886677661166424252221111775262777711220040272360678733707003210
6772266005522550077117733884488115566662288770022336633222744111133444477555511445544000011008611876
700338866336677557788331166005588226622556655552244664455337777334400228811110011332277443333008800668215004422341470761480020664422
711222211550077556622445544770044118833113300881144664488885588778866884066333355336666557733777742338266725283220
722448855223366446655443344118844777733222255668800115100006600888811270077886666338833337766230046131
7337711550033447755335511774433118833225566882222114400002288666655776677778855887700888800613388441111244465216
755886644334422113322338800440011446633553744551111228844883177226677778877307700222255552200556655700066008856261828188680366
766220033555566881188667777442288883322116611336644446655880055775522223388554411002255000077006400143822672248473
7886677771166663333448888223322220088336655227733554477555511887700557744441100221133111155661122662284660433040
8110055880011116666557766332288440022003366882211338644224411447744334466004485117700007733335533775555044
8330088441155005577440077227788881166773388551144555522662253666644775466111122110011331172220022442288204433448003732
85522666644118866777733665544337722335588776600115533447700778822002211330044448844661111225555638808322287571
8772266773344000022442200331100555577558855225533554444883377882288118800771144662212776644106666004477770084550687443
04411775555440077772255883311668888447711110011227744443366008855773388114422002244552233446644887288665566663333553300662266721612200
1446611003388005555222244884455885533336666226688886677773300440088335511665500115577556422772200223322882133771127800
244008866660022004422227722338877336611226644333300558825113344888836881100770011447744550066778855557755600038415181676177711
34466333300777788000022114400116644117766883311005566552222555544224477112277337744448844336877513388570061115458604038281887208
5441100882244226666001144885577880077776611225500553322335522116633775566774433444466883333184477227730628877020
6447788550088887711884444554466225555775511334422440066331100553333226611667744886600777700111122115388002278137363530040323008320222882
74488007733008866662277224433884400441133445566118822111177553311444011551166557777855523550055410033760
8448822883377330033225522665533113622444455558866778800221111222277256600666611774477770088116644007755441155110004314
4441177001111445566118866447733338811336688334422330077552222000044888877885588426666077711610
4447722336622880055557777664455666655116611114400338855220000778844112244335533337755406677118822660041334177422211510
44422005500440077448811778888003366333344553311083377222233026644777711441188773388551826555526832356270617660
4445566001133663322664488886611008855005555117744223388772222778833115533777711221188114466776622882200224588003545206655770000784046668
40022660055888833338822880077443355000033222277220066556666111144778866441133444488555544662257004847112211675760173
400772255553300335511228811448866222188773333888766004477441166336664332000210055006133144
4223300445522777722554411440033335533446655773388666644884477110011550055883311332246308827007751776110602007874
4227744662266115511770011002288555522007722118811448866005566771788003333553388882255004412223322443366558833163378740
466335544224488667722000011555522225566661144002211007711773377880088770044553333111188558844338833016
466448833442233221122776600662288882200775533663333552255665544002244111177222388110088444450447744370000380017771788785
4886633007733550088887700551144441188440011664455338855220000228833443466661111226622117722227766742
4882200887733334433224411881177772211556677552266880011005511223312228033776665778533555500771477000064404025854363038
00088333344007722445566881166331111332211442255552222884477557788006600550033004466665533554488886671037361715182620
022006655116611110000882277774422338800117766221144775522553311336688118877332226004444557788441155448074058503056375512353334
066775522778877112255448888004433007744221100226688332233115577772222447766444411445511665111881136062
0888877334477771144557788111155335544006666555500448800551188661100001122331133225588337766772277003337446636443416228446024216820262275
2002244553322558888661133667722223311444424330066557788007766663377333835662040116680008055551155403187011106012176452
2226611668888443344552200337744770066558800777766223333112088335533685544441133271
2664466003388666622333322220088113355225566118822116655884422880022440044114477667700110066311155117711273544850
288113388444400003311773355665588224433775500888833004477116600551155225577226688666611112233667777441144554483442011802
600554400664455886655114466883322112233331111667777225500778800008711776622773377553355774422444475552133843344818
622330044773366006688112200770033110000557788224488335544666633777755333388771112776677425566555588551266122
6663377447722660077665522718875664422113344443355338888330088000055446622881100333366111166786680115044840
688558822667733118844338811775544441144008800112255665522886622777711110000770044774452113377824
800551144772277001122553366007711002233115588444433006611742288226620445555441168550488333388746
82266885566770033116655558877557788442244663355115544773366114433334400660044113377771100776666220022330277422288164388083722588
86611334488335522665588771111222288007744221155446644472200227755330088555566888826331177003388433367332000401140506
88877332288554400661122665500005533001111886600443366220077884411770022551166667755557744542233368801315831014818221222427
411883333888811555588554477553377004455000066882277884444228081224480222233666633226600330052173314076656272
433663377665522662277008822228811778866668844888855005511332200116611880044664444556600777733334422457725300067158030274547555
4558811884411224477220011666644886655110055667733004466226633557700008822337744334444202611440788333327775317636718588873880
47700331100112222113388115577445500883333223377228888668877667788007733442277551186224433555566005586440044120
11122332288444422551166226688885566000088661133006244883363114411554477445577005722777737102
33355440000224455003311337755883322880011110044338822564411588844776688777788661166770088112200772277446233006850534367314177118
55533225588882244220066003300557777667744773333441155113366668844550008063377117702331144338526446627572
777112288880044331111440066001155883366335522002222441100774488775577884466556622333388667722664444776165332504245371817341330
0114477555511668833005588664455335577222211115544000066118811007711223388778800332280446622543333663377334444266677660087002136541
03344220022665511774488885522111133883355553333776611662222778800445588441100112233006604447712854464050
0557733666644883300338811331100228888550000442233778844006688001155558877443355220088222211225533224455118866007766777722662277063
07722666677887744881122442200117766116633114455410066550045336622886688335566027733880822118848885222332251164343037777133
1003311664477224411448877886611222255444433665588105555668855775533446633338844523300440066002208227777442218062677176
1224400004411335511114433110088118888444488661177338822666622115533445588333600116655777755222277667700550066380022007422554460347
1333388331177004400665555775566335522443322002211223822888844118811666688558622667777664466007720001050845737842034847717444
15511118866887722661144116633117744883366221133442288443300888244667733335555332255222200006600277755771077665544778644558044066
1666688111100660011336644886677771155118888773311222266117766552233332255444433445555774422114288008840770000330040205
177778800664422554488338855550011002288775522000166033377447722221122446688111133115511484583663343566676232
18844662244332255005577112277883311110077338800333377776611336644448888554422335522116664115533445511447744008722220022830000670
2117755227744662222443311223377773300004422888811556688005544113366440033883766006631882266170
2335522447722888811443344663300448855550077778800667746113366557755884033111166226666886640554377660322773188222205310
255005588556655448888772288006633227752116666440011114411771133110000776600447744668848336678108373033342438
277003366551111228866881155332255776600221144550055664422647788004444118844888877440388535
3001100006677551144442244116666335522770022117722662288776644665577113333443311884455338833704555685588011
311445511557733666655441133556622337777448833221166885555227700776422228888220044440011880088110000638862426
32244558844005544220077113300667755665522777733888866003333448800001100883166221111885022663611428
3551144000011338822005555224444771155883377334433007744880066003311885500441177881122666622557777661466772222763422308
36677226655228855778822553377002222008877660044447733445511663322333388330011554488884422441122771188662211000555811135046
37722338855777788228866226688842222773333115555448044440055666644113344776600774455221122543462414200003060875020111101617711870
388443322000033330022664466221155883355223377250055331144204455556611668811773366551111888866771133441100666088501744777
500331188443322220066445522885555334422668866554411666677224477663355775588333388880055617777337744407711336000251111504
511001155446633338833226600228800776644114488447733665577558811112211887711778822777700886300005562223522055
5224477558822772233665500660033228888333344113388005558111100446611444433116666776644001177112211586688448300026622570731877782274
533225511884466883344778822887711007744335566331166773333665555000022008855222211772277503388106622442233766308088484541264440
577111188553377661100665588887722220077770088221177440055442266883333556622448800331133223300228866441144660044445555284
588665511888811447700223333771133443322887755664466117777882200660011550055227766667733584484441122225033808312445264236743004720007
61133222277112200662288115511007700330000886688558877223377443366001177783388226666554411440044202311884345033355352
63366000088662200447755557788335500776666444466770011334411443335445522551111221177118811002244882288885611573408480278723162622
655880055222288117700666677663366118888555566882211442277448877884444662233445577226600220077773322440081012333864433515
6778833005544008877443322664411000066662233442211777755888855771188111133882200115511268866553333555560331520702370436
7002266772288557733112233771155333322000044552277447766440011888822225588738833555566221422441
71188002255441100334477558822113322443388665500556644557722335522008844887788555511553306777744442277363
7225533881166222244551177444433668888442200118822332266000044663333775555777711115544770077365500558877840
733446644222288551100333300005522447777002200118800884433771177448811338880445533557766336677555542332277225501465566021
7558811110055333344443311662222338800227744884455226611224466668877335566330000117711840033777700778600672200450087632
766556600666688662277881177220000887700112233448833226633558800552244447755771188885511007777446555425501114213031368433
78855558833337711551133008811110066442277552288772211445533550022557400556666000078886688023366338266122204724
81111227744008844220055222211665577668800224455443333448866773311444633556616488587772606266787571703238373630
833888811006666220088442244333355330044447788556677222255554481117777118211331155251166112466001145776683773340365637564747002050007
8551100883366443311223377002266880055771144225555666677886633821166111133224466554444558277660522220283033344117723515621873407548477477
87744770022772255223333003322881155001133118855882200771111006633554433440050446666776654441166226644583377336888086788412222114772438
04422884400887733334477883300226633775511222277117777662211006677446655552233224411115533888811880311344588661166882666457726054
144337766885511118877335588005522660077000022332277221122550088445566554422883388881100667744004444761466348
2446666008877551122118844440033115566554488000077661044338855883377773333667722774555725532223622028
344441111001122883311337766446655221155668888773300554422336666338822674400004435114477007777117755002255558855772228645
544888833553344662255005555661100114444007700447711882288552222432233877755776677865516058687364
644005588337755336666221133110033334455002255111188447700772234668811222200667766115564371177773888752280400
74400332255662266660022441100885577228822111155005533331133446633664444337733884477117777568877012228386
8448855332288667777880033440066888155118133775555222233114445000011007700525300833366338600417746512
4445577773322338855114466881177226655667744887755228844335500886622001100224477115555336633113300660004288827061647666588354
44477884488773377008800441188881155665577220011225583664466006633330077443344003311335233826
444228844006633441177445544335588771144667755550033222244773366225511553377770055778855266611333388880088368826572760186028100
4448822443333004455334255887711774355772288668800776666778811883385662211000080661122770022665511555522205
4006611665544551155660088442222447744880033001177550077886688221111223311335522555533227711443333773344666677663366444046200
4007711445566220055332277447766661133006633337733448844115544446600221111001177222248551122552268331187000033550087877
422886655337766777722002233661166332277001133000066444411773333443666221155224455557744004477114488446600726688225588788838556501218101154
4226600111122221188116633556611331100887788880077224444550066552288664466771177337755334400003333002233225555443387776477048
4667722443355331111888822555500558811442277773366447711338866222211228833006661556260884444140000334077802753274760437700133
4662255110033000022001122882224885566338844264455006666117711555577553355432111465588118888778805283861673777674
4884433005500664422665511114444772255883311777711557744667788886666002288776611663366885544007700001100821133775533445555222355638043203187312
4883344336644554477332277116677886666220000660044668877226635661177665522221122882245770011002111551188458
0003377338877665566664455007700448866116677118883005511113311221155552233332222843354772244644414077783626
02244004411447777881100115500770088446666116677225566332266555522771122883300334422118872005533551233331622258600006686454
066774466004477555522338866441144551188008855770011662244005533778888773344442200771155661111777722776122558822221355033322636
08855220066776633223300112222664444662211338888253344115500447711007788668833666655887733777755557721131338151
200337700880011445555665522667733225577886644006688884466116661007711554422882277551133447744443355333311117044838
222117700223311228822446600772255115522001144227733777788667766111100447755558888006655443366444488557711666633330000332264113347408
266778822337777554488884411336600553388661166227722804433440084771122446680225555115577333311117766335011800
6000044111122551100885500118811335566662244668866115544222200777722882277552233444488063366773333774433145
6220055112222663311337777446611771155221111668800270088557788775555888833447736556644550488444407243
6667766331155772222662211440022338866001100555533558811336611778844887744112255000033004455443333770186446204744
6888855442233338844777711336600440000770033775500225538228837327766224466667722661166557744886640663122111100118811708878051
8002277661144113366228855338844554444666644772266771167778811551111001188222255223322005588335555774433330088724
822448811110044220022337700663311226611886600776655441155333388884455113344330011444647117722775577778740552222803
8668822337755114400338888115544113366445533112222660077118844335577663322777744770011773344224448000066778200833302821
88822775522667744116666332288008833330022118844007777338566006611446644443366854422445555334477117133550055111255848310301042300205722
4111155770066886600003322884422553300224477665544338877771177444400883333666642337788007888213355214
433558855118888113300886655666622440011777788006600002277444455220055554477007733663388333311661122664488776688421100414
455772200336644224411663377778833223388444477448877660044334700002222115588885555008866882288018811061122733355462
4772200112277554455006655880055553300226611551133228888240077331166667777446688556633886623552444214488336640434333757
11144000077442211771166118822884413173388660055008833558877557766772222552266223333220033488855554022406688151
3330088667777663366447700773377880033224466550055554455111100113355638844004444221167448888775577125277223288120
555223333002266227744550088332200001155664444003377880044225588661177116677770055118877553344773388554433588844148
77766444433552233221144778877110055117733446666556600448833668800226622485555331133882200003333001155770125881111888865037541684
0110055116633331122004466225544556600008811336688007744887700221188228866447722332277771177888845222663034
03322664488775577668866330022006611771100881122333355004477444455224411665588885566662288222255551188438602777787021
055115500224433222266111144774400008800110033113344881188444388663333776642117755882277367722555522885567004788387
077558866003344550055446688226677665477772222006633008833115444111166448811771144224433774400223333225042110122784878088182813353638
100774422444477880088227711115522666688660044661188555500558811222733113333001144867700337777553355772643402161756065451
1226644227766551166774477553333444488225577337788111188446622885555441100556688330077117700113311552233663322224454320030440082106720277
133660044558855774477005522448811887766668866444422337722880000331155111177882222638887112211633345327
155226622008877556611773366558833116633005533774422113333440022881111001144666600445500644418448544723
166880088448822111155110077888477336644004433863322666600112255552244554422775566235533113333441144430
1774411338822880088335555114488112244665544336666856622223300226600111100664444771166334400777723337733105585257
188885500666655778877776622551155552266004433220088005544445566884488335533336633112233773344222211117755874477116077003022441
2110022773311117777558888116666114488668877113300776677884400860033843322226644770066551185446622552234457722450
233443300552222554466668811558800886655338855111100661122888822002277333322118844114444771177555577448356063244026624564677078727776
2556688334444008877220044336600074477667777032244223305016655337711226644118888115588555511338822884622227635452171014118086
2771100443366555522221122551177337777447722007700661155881188224444008804556622668877685533550133111163457308486325414338883
30044550033880077885577775533118888440022221100886600117744662266664422337733336677663344447711332200668811655560500
31188880066663377112277440011558811117733883355336611330033443322225500441144662200005555223337557600221100751168524
32255440088114422771177001188776611115577222288226677444455886644337788885511338833336655666688448800447733446633553315550055277750700
355551188227744001177664433003333770066222233224444112211331155338811110088445548772888661166665857778077567710500
36666112233773344226622003300665555118833113333222277552255007700028811117711443388441106335866776608546688887728240
37766331188445522335511228877000088221111775555338811668044830033666655772222554466444477440066771055002200742
3881144446633667722662288442222441166111122332211883344775522000044310066668888558822557766445544002277448800555500770015171777853605673
50022771166554433662244553344447788552266442211888800441111256611446633774400333300666600515733287777086848131823835
511332222114433668888552266776622446655337777117744778877227422335588444411164455448833338055550000860
52255446622227722440033777733556688333300117766007700444422881144115511886655336666443388445557116611110488263888580876747
53355222277220088662288440055660066114463113377001155117711007788118855442265002244111168077744773344443333282
56688551111667755332200557700660022113344880088338822440011446666550003335544442288661177771155552633112455872744173
57744553388661100113322220066005511441122442233558888225566443377228844883344668877336633330033117777667788118850880024004441565
588114488772288332200550044225544335577001122334411661188665566440077666600003377331177778844774448880111362211585247175268222
611330066660077226644888800118811005555883366884466556633227700886233778577447711776311112211452200002222453512854
6338822440011003333005588004433666677002200028855227788441166014444554422332255111155553344881122673355056
6558822555522227788666611116677776644000011335500443300668877224488820033771144447733331177442233645
6773333448877886644330033554477112277662222555566880088557744446663221111770077558811553361882288884411606
70022005566557766112277880011443311335500774400442211660000338811771188222288337722662244132233485588777366333308467646866255552515354
711443355880055554400445522663388332244118844667744770022227788703288885511553611113644468826260815066565786
7226622115577554422556644440077335588665522888833445555331111001133337788004466668822224511667766006611770088771122350
73333221177441155668888445522223377551122008877113366228833116600003355006677004400554488226666558855553388664422557788018817643474644
755886633557766117744006666000088445533222200771100556644662255441144227777228825001111330033116800283
76677110011445577444411334400226688220033550088442233883377555522553322770077885544811166660066221285156
78855334411775588338877772211112266000066118866224455740055004444881144330033222288001155554200737888264846735026831083666656333
81144118855117777558833111166338822448844227700330022115522880066820077664455334444335544771100556611278366004333701555708006267326665
83300331155888866001122447766668800553355771133221111008877318855225500222277220655554455167788448822662284223466344
855663377553322338877330088112266884433661133444411447766770011660044006644227722115577133355550033100022520
877664400772266770066220088881111448866004433334422777744668855001122228833663388223322558804484655115555224311030
04488330022775577446611887700772200660011778844440033773333442266777766558866338855110002228477112144315544555566813
144113377557777112277007722117744888800116688773318330066332244660088444455553355225566551622223388558822642
2447722335588442222886655662211666644334455778800002277003324005544660011007755331144463368212300883388885500433371311
34488668844554400662288223333005500443355777711883311660077446644227722112222008855338700226441775522411145651
5441166115588333355556666775522004477880054336633112266574488446688534288887777660088118822221177330077000033227722364022511138601
644338822330088883366111100447733118800335511770022116688556677884422555522775577222244448455005585432151214741376
744007788773377668822664466116600665555771188554488330044225511550000113344777100886676228888112278038525358564445
844558866003377882233225544885522441133557744773300111100775500664433444200888211661182831172666682204140215120500
4446688440044222255223322117722778822000055116666336655557733001144887777550066003333447622881133112248611100702
444557700228855335544776611448822555400883300667711772233116666226633668847773377507780333322113382227122404013400
444554488008811886644331177227711338833442282555533004466807700667777552222112244111155110622066
444337733663355112233110022776611441133228877558822005544226677884477007777117728666600664466808333440155016533038561811744557485255
40033776622888833663388008822442222778844445566772200007711557777001100226600448866887581665511213
40077551188008811446600001155221111005566661133443300337788884422887733886636444822227722665500668555470045317
4224477004411885511445588110000665500333355337733112255664400882211771166334444638844887788032
4224466777755558822778844880011114444771188330088886666556600550066226633668100003333223355338700472
466882255665511663300667733887788117755886611007700884487662211224433228544441155553355005572714455204420002470103313740343336
466000066338811115511007788337711882244777744558866223322227755552255008844228855444411448877220355336655666688030404334648867611726211331161233
488000033661100557722887766004444117700226655664477881111335533882244662277555500112855207888333311684
4882244331177112200661188003344005511002222114422665555662766001155337700773138550044558888441465783
000660022663311661188443388776666222233447788110077441111228800448855558833337733553361445544025
02255338888114411887766336622007744447755556644665511110033116688443377224455426600113333000066117733528800866677005277778210423342232
06688775522331122558844661111557766007711772266554455114488553333555566778822224400110000444422773322116622888866664417770033005800802
0883344773311224411880033332211442277774455115577886666558855446600005522225566776633661111662233881133706688884400210
200778844770000662266330044337733334455001177666644118866771100331111228833224488227744446688777755772144208
22233553322880055773311221100114466552255443300004400778822775511770811662244777766772666055566848
2660044337744770055662233551188881122777788330011441100334488775500771310228822122244442200008844064455446655552257332633680
288661166882200447711118877225522778811335555448855115577665566003366332244442400880000773348884066777755310
60088775522556655776688555588335511003311448811222211338844770000771111824411773377440044333344664265420363032282327
62288441144558800550088666633668811006655221155444422448855331122332255660077667777887700004133774333503387502
66600661188773300332200886644556633116688444411112288114488882211555577554422550022777700552222372264778460100
68877000033334400661111774444223300886666445500771155888844337777222211225522482200227855665555335511660055404106338186762145736133231
80044556655222233220088111144331188441122773300221166887777447755334400664444666633335555826
822661177223311557777556622110088666633220011222244442255336600333344111144002277884455005522881188555588000044606
866556622227744777755552288771122002266117033332244336644441188884400551166330000882455885574880078106
888774400556644777788117711008822552288665533334433116633667666224411226688446600661144823355554444502
41111220066116677223333773366005577114444663355443300228866880033222244008833885500007766445555666622558822665517775524770534281488887747884
43388332211554455887733112233552222660044225533005577006622008800002444778855665511446638884688117755513
4554477118811772277001100556600221144883372228844220000887255888855338800333355761122462643006633665555016
477776655112255227711884488226633221177442222331144550000555544003355333300444433446666420088556155783361086
1117700443355228888114455776688446611556644118877336655337744001133330055000033220087223317175555162266034
3337788000077114433225577226600888844661122003388335555328811116631340066886677662222775522358877770106474
55522333366338888330022003355778822664444008844113344770077443155666622446655111166110066704255000012885588005608186872122
777114433225544224488227744113311778888666633001188336611660000558844770044008855557722335533862282075505126
01144117755118877774433331133778855334400222236365555228838220036111004772277148888442255776688162
0333322115555663344662255884477112244337744440077551188772277666600668866753366554428550088100040201
055775544002222661166007788111144117766448822115588008044451100667733774203334621263366872
07788884422111155667766220011337744775577332233660022666688110004885588664455118833887411744825354168052125550
1000077660011223355333311338800554444665555117733002277771144886622225577228855018822111155226633770844332244220644587676636348183
122113355883311774400661155330044447733338844337755551188116676662255664455436633422266000072001288885278024
13322008800447711226688551111443311554444667700665500335577507788660000528833777766118877333388222233001166221450236848188
1556633882255447744220011448800770066221122885522664400002221113355558888331188777766003333667733771866665533443785161
16611551122443322665566005555448866221133335500331177334464220044778888775577445533001100880000228822506111881143638
1771188224455777700553377338811222255221144442266228833336611330022776674115500335555885511008800660011188866446633448844304
1882288664422771122552222006611114411002266773366276688440033777724770003335533043314663345775555665506066
2117788775500332277222244226611006644883355228866000077776666225511115588118855331133771122002233447744445577301141604
2332266887766555544448866772211445577775588111166442200770000446666006633005566210021280033661088553355033347182
25555118888668844881144332233775588227722842266663344440000662455207777333355331133847700117711002166774413065
300555566222200223322773333115522888800883388111188554466337708226611771133667777551166557766664477245534448415860
31122774466555500224477885522005588881100442222882255441166333377111366660066886622335518334433003328007733876644508
32255112211442200335555330044001133668855441111006633338888775566778833776655771177447722770022444488446644328800023826062456686168118
3551188882233004455227722556688336633444488558877447733337711666611002200113311770077778811115500526600667766584
36666881122772233226622110000334488773388550044447766001188228844663333006655771177551111302222552246115587778537056
377005544664411778800116600883355666611004455331122338877555500662222442211114488482200227711333300332811800
388115566553300555577448866661177773366885500667752884433227768003377110011113311882211440044445344226200724
5008855887700334400773366660066551111880055445522555433220000114477117788224411221166888844667777648834227722344
5115500552222446677111122548844110033335800117777226666330077004433668833773388114444223318882277886877576852021287447453440
52222443344118800884444664455338833335555116666330077117766881155888277556611440011002211331111223322557733777720336600004655478620605
5332200558877444422337755667733882266001133448888118866221100447766117700666644336633003334111122257777114688407720250
56688222277334422440066008844116677551133118800776633226655885500114488661155221255446664777742000033330057002877181
577338811443333770066771122772211003355000011778866111255553316887766007755445516336663222288224488444400558880830463477
58800005577442200881111223344337788776622664444770011338888446667333300331100432222552241553355556141736162718
6113333883344332211117733664400116655662266002244881100331122884455005544485511418866888877882277225533555588006677666200008700471
63311117744778800773366662288443322224455000033448855556688771155777700440022001102553355444866533388330166114811382
6558800442288331122668844773388775555661111440000118866335500667722221155334455220033332233007711777786224411002274808
6778855882233110077006644111122446633777766668888775544008844222211445522555808118866228833447711572266520483638274430323533
