4447766884433554400555500008822773333114466110011777722883366224488886666330022225522112200304655775566774060713182316
44411446666006655225511554488116644001133662200335500007755884455557777447788663300228800888855338833224422773688771177223211243
4440033881100556633774466226600885544225511771111443322227733665588887766886661228822333300220000170
44455443344771188113333222277225566662211551177660022441111228855226650446677000066882200110088003300540074223351614313736388884838687
400886688443322228855881133335511778877445577336677771100444488880011882244221144111122772233115544661166330022662255220077553600364
4006688228811556600773366111100223377443311772266227762446800330044445522114422254473448333855500108
42200333355446600662222771177668855000477228844332255881144113377773311115533663388886655775555224488345567826
422003388332222777700226644331155662288114466775511661111330044888855440055225577887761037348480555386821858171250
466447755774433448811117766333300426688331140554355660066223322552222001100777788773388221122451155888855550031361
4665555227777333377885544001144222244882288881122115577002255335588664477667711774433663311666611110077220066275564441133887450503040800
4887755550000661144112277884433338855881155445566857722660033002200553366335522551166222284221133224400810466644
488228866663333226622221166552233775533003344667766440055118844774433887711336722550011004444555544115567881120770000217065714
00011002288447766220055553333770044443311883344888811224411336677882222660088664466115500773322552274003875654512357065821
022778844883344005533113322221144115577123377665522556644442244661544772288886688000033008822055776663388581603562
44488442211116600225500773322008833778877662277440044331144552288551177001100557722261126775555466683400
444667788441133774488006688885522776633116611770077118818223333443017347777550000220088660038772288356666555586225545153
4448877002288447744008822223333776633005533668811331122445511000044332277111166660066557722003355667466242
4441177445577005533008866440022001111226622558877884466007711881144831155442222335555110007552655666633334677337777213383268
400666611116677663322336644330033118822665522775577113388115533335511225555001177773377000022228833445044744488885244120
4008844664455661166228877774477554444882277665522117711226666003388553300667733772788000044333366331100288700113321114500755511835
422000033115511664411887722661144888822883344667766004444770088668533856633666622777733337742335577554657871132524211710221112
4221188448855004433440022553377335544116622777766003300556633883322224577117755523611112687064
466004411777700662200771144008855551100111833332222888813005500003355775588445533666655225544856644447742324
46644336677665533003344115566335544557722660088887700666622442222884400112277771111000022007511668800531133723
48800006666773300447788772222885577008833445522558888440188223383662211115544331122664466337755556602444422720
48888444466225511776666558800882288336611668855443377886500552222115533556744114422440022000033001100472
0007722881166115555338888224400660088775588444455112202333322554433773355664466880266331133427711110211877766774577022
0225588660077881155338888554444001177443377220088223355221188006677333366334466442241332166287711114688457755010
06622332222118811443355887744553388664422000044441155111166550088883377117755773344668855552288402255663366724
2001144886666555522228811880044221133110022663322776688338888554411550077224444553355884777006626457711633363051
22277004411883377666600226622112233332288880000334488668855775544447744552200882255111144667777331177110052443300706
2665533110055770011777744118877884466881122550071186666783355882276333322334433002288556644442200040244721
28844778866336611666677770088554466004455631133444433005555007762558822221122338811118888332244880024035
600006677770044441166225577228833003311778877558888661144222277112211555522002855335501880455143
622553322880000227744882222111122004455558855771133114444116655117766887755005522642477333388337788646
66611550055556600884455771122221133330044224444776677772266334488885511002277553377064466238877886355431111474
6883377887766005500221144006666552222888855773333662266443388441188117700331155335511113322330088227744886633446244447711620255872755677424554
800334466226644225555773366882277006611115511440088441122000588776677772233224477443377117788113311666561018547550
822555533110033668833335566112211550011337755778888667700666633881177114488776622227744224444554411660022000055228800772655830080446
86611775511445533558877220033226688330088554488006622770077112255228811116600110044222211550411888433336473744
888114488008822441188774400660000332211113333115500771122777788663377664466775577334455447722884433555566885588365522061
41122887766882255661188663355330066446677447733884422777700221168883322440000114433334088550033755522336055804
43311005500883333554422884411880011558855332222004477221122445520282700667744663366660077330777664448661166271111756
45555661177110077000066222255778822335511443300550088446655336600333311337733880011552200221122775588554400447777683864226442824
4773366332244226644003388331166117788557722550066662233000011446677448811333355552225110088004433777711118877560
1110033776600113333117733447788007711441200444400883388882233668855446666777744224066552277222266225566332210228847005555386
3337700552288557711668833888866227733555566001133225511775588223455320088447722444466441144361111800044006671007630365
55533225566663388442233336600880000441155006611112200775544558866773344883622117747668877222288226640227700110058578147703181316
77788337733112244663344333366113322664400002255551100338888116677668844221177222477557711556655448855205530774088766
01100551133000044442200770022228866880066112244045544334643775555667777221177115577331166553333888811887788363
0334477445522331100112244338877771155442211770000227766111355008800558866006666888814420047883366332222672
0555511553311668800444400884466227744886600110033663322667733554477556666111133882222333340664888102245021
0775500332266112222005577006688114411553333008855111100118844660000442210228877886633552255556655444455883366662233888477776677424
10044887722334411113388224455331188007788440088885544337766225555220055112266660033330000261777058814642
1226644117755550044558833554477111144446688440088224422330055113322007733888877886655777700110000267726006666356625276618580
133006611888866557766332200883366003388555533778822552266881177551111442277441166777211000044664444334488440022447622201155850
155666688227711444477000088887733442244004433001177448811007755886600554466336611665577662255552222332211112266441138445180302
1665588774400448822447700330066222211333388666600555544453355775511118886117711473366872266376647827
177113377000055008877448866228833441100227755333366776688881155773388552244746655551188004433114422332200116122544
188335588001100441111553333661144887733882233777755440000772255530022117766334444664477888852665812071282474702227
211554488444477003344002233330011443377664422446677226655000588332222773366338811116666117866080
2330011446666000066443377665500226677880055551188881155222255771100335588770044007722112244448823447633331133261
25533338800771144223366662277558855661188115522228866330000668844440044667700557777660088334434772211778877345122024
2777755004455663344223377338866114444118833558811005511330033331155446655226622006677117788776666888800770000224433221122225572840
30077113311004433442200552244445588440066223388355488508866887788225777667741664177060188814
311227766880022118811336655772255111155553388884444778877554466226600666633332222810044550644256523430
3220033442211333377445588443300555577111144001122224477883355661166773644885511552255402288227700408
355441155116688227777114455332255881122662211334422448866661188403377007733000066008577667722333311778552228207574361011
366770033884455113377220066007744330044661111557733442222332244447766668877778833118855440051448888225333508866501
3778866660066115555447733882277116644667777557722110055111122448833113333550033243366240044488855881188417
3886677223355668855110000884433663344771177553377882277003322115500222200442244440011113466118626065
500223377113355338800333300448877774400885555772244558866007788825511118420556677661166664411246633117344368
511332222114477227700554422007744446622882266441188887788440066667433330033553366338833708866881166112235885566555526015
522555566223300554466115577220022227777444400666677668811712266333322118833665533558855003344345428886488747
53333115500005577772255110011882277883366776655886688008733443300771136002222447744441122006622111166114422364400445544875
56633552233008800777755884488331177447711664422000044110066661122553366555544551155785333222244018
57788440033882211228866846655226644337766000081777733006633445555335585666700551155442255004470224444816183127203336222332
58800112222110022887700332277772266334400885566667766884444553333000055004433554411115511446611331177118822407755260
6118822557755662266885522115511113333114444773322886666008844880077117722770033001100006633553366558836445544388
6331188661111334411554444557744335511005566776600664422884488003388227788117722223322552211440046883366226663758855350205524
6554444110044330022884477883377445566481188667755550077663322423355888800001111331177116211527
6778822227700442200001133003344551122660066333311665500885588852233773366661177668144111180774444335544802
700775511117777112222778866885577330011882233552255550044887744110055888833338800884422003322662284556633666610667533443310002376554466044
71144442233332244330077448800337788775544004277666688662200116641882266555533550055881177288840885113602060083383134
72233667733448866338811001111880077888855557755117700446611337766445588220522444433330122883355331744265544741683262
733116677772288115588668844880044000055220011338855665500224466674455775555111188842277830082110322223373614
755558877118888665522117777440022667722448822554455330066338811661200446644773333770033443362776288332000778844244
76600112277004477774422444488005533443377557788556688113355000033115511882222552266223366445544663333002200755
788880066223311115544007711775522224466116677225533556655885555003300445571444488442088338823334646002633766
81177773344883333224444664400887744555533558800221188550000443300113377882255775511666622336684226655661722007700354
833223311005577558811113388552244556611554433774400444411666633660088442222880022068822777788773344886644714466553306721
8551133665588222277334477220022330066333388771122118811115577001144554422444488440055000044660036655538380
877330033440077005511443311112266004466333388668844221177557788113366667766448822772244116655558855335520888800102
044110022332244001133882222880033446666333300775577772277335511550122667707883366443311662555211188614
144886600115555445522883366113344330088112255111188556655882211663322006688805577776644662233553333775500441177110033173384772277800
244007744334477118877558866117733881166441577005544551677222200225522333355337778444488331088032368556825088
344118833663300221177331144880011227766008855664433558844000466226681552255332222072235157
544885577441188112266000011003311775533661144446688771166552277770022115588882244555500443352220077666677886622513383705080628233033343211
64411884400557733555588001144222266115566224466770000448877225511220077553366552288554455027744443322333388221633068866634
744551100114400557755556666334422667722773388444466111188552233665544335688777712007700008800330026483313776047806
44477555566004433666688771100778866227777331111441133776633330055223322550033553344665588554400880022664422488811516
44477228844221122440055661111555533220000335522770044551144882233443388002266554411337755774466331166886666771170885588118888362608764
4441188551100113322111177116612887722227744223344336688135566330033158833880022446644007766775500057738886626066535254558284
4000033772211773366550011005522335566777711114433447700880066881188330022555588551466226633332222082288660488784
40055558877448855004455667722330000660022662255770444336611664411338811888833111122117711547777882277633
42200778811223300441133444477001100888855332255886655662244005577554455116633883366887744337733331033576060272710077
422115577888811224444884411338866228833334455665511005588550000330066664466347711117722220011454258007747773762627081816042302
4660011221111448888224444116655556677663344558811551133335544222277774433668877337715770077504
48877553311667711882255113388880066002233220044446688664422681155777788558833335555247733056847217765450747012141011
48822660033884444558866885566442233227788770055772288111177567777441100112211443311337711661344662222004766366
00044555511770011110033115566223355448866668877226611883344336600664422552277882222481133371127650
02255441133008811771155224488227700558833223333772288007766331122004466444433886600668888556655336666774477787144550033440011662262242188410
0663311007766881188553388008888448866000033446655882222444455113333775566447780115555005577772255220022332300442401412
08866777766336655334455770066664462881133772244222255221165558877888733223311802271226044111155114444830
2006622771155112244443388552222664466884477776600004488770022117733335555331133665588332424541111640828088
222444466116644110000445555888866884433554477660077551122881177114422556677337788777744882011133388336800206035305
266224488003322881177337755660088882200227700661100118833335533000044771111440077665555112222336688777728443344442633854416764
288771122220000227777444433446622663300775577005544884400338811456666886655553355208888083377667788536611882331011176064161513
60066667766448855334422558888668811661177002233663377332200552211222264550000880011003400444474382840715575113541856551411
622335522001133331177774400336644112288008811882277116600005500668722442044773377557766778101553344332444554481446655811516663615655
6665533226611881144886622552222883300005577664466338855880011555200337777223311771122444477007744110066002400834
68800440077552244334444113300110422664455111122554477661155556633517777332288116601448844638822188858772277186
800442277664400335544551177228833336611888844448822668855800082337711330066553344115555773311110011220022221600563382477706662
822880044115555667711112222778833335500888844007755446633776666226655114433113300557722001188152246832343802060036
866222233772200115577447755332211116644003311227711885500887773551173448822444433330044184455442633865
888228855112255008833448811661111772233774400662200770055773322778800224478763311001133336688444266660048664141853545856521555
4117766663333008888777722115522338844554477556611337788334422700032664400444488551111665555005531046606224
4332277334477002266115577222244664444228888221100550033775533665527660088771144886633330047778133551166212
455333355552288775577002244004477771166550088883366117744332222551100667788005588223377330031885566000077666688664466344482001416221272654
47700661188884400228800883322666600446644115544223300771144881100005522777766773344338855551122113333116622003366382244456681725112265
1113355116611220055554477332288446644004422557777443344552211556633336677550022330033885588882271880000841
33355888822113366228877005577555511001166778855332244440022338800330077226611115566664466331144117766884455006600827733777744254
555337722558855000011443344222211777700773300338877556688661133336666776633552288845544774411123316008266227786440044844
777550044440066225555114433334411553355446644887733113300007766002222772211228822668811886011110844288858032
011337744228844336611881111227711773355668866338888331155330066550077005511445588002255222244664477554444004410333346720
03377884411228800664422221188223366551155881022440000552255001045553333487733556633008833886666776682662207227713170
055338866003355221177333344116611008833776677006633001133115588004433222244554422555566448822385511881111446075012
07744663333440000330011552211666677337711226644110088660022557770555544551144222288224444338811118888704
10033550000883311330022668811771122445544777766553388227788444466773344223322114438770066005566662200774585116630464
1220066440044111144884477334422453333113388880022551166662222330088226655228866337755558877005563654810774000371760172
1337755000088223344661166664455442244001111885522558866331177333366881766220066503322227722888433847777041
155002255885544443344117722118822442277883355557700556633338844004466000011337766223366553311228888161300771262286877380777574
1665544111155225500445566668877221144882222332244443344662400775588883388663333003366000088001133164
177557777331133778822885511448800111155445500225533008833226622446633335588447740336611004711223346005526856
188448800112288840055006644445522446611551133000077117777337722776677557780333355556666331111665533662255842
2116633001155554444000033773388778811113355220044888822224411886677117766661122662277772284660023332100770055331455842
233116633558888117766550000448844551188552255668866007722182244332222774400330066446666287544201676102380533363408
255330000221155443333446622224400663388775577885588447744441132007700448811445511117711883888661166667766480
27766883344330033884444662255312235880088222200552211661155777711302266775566541177348877881111040
30022331155667711888844113355336688004466224422112200774444885555166617222288275588338866334433776644552000554500308786077
31133336677554455111122884466555522666611886633224444335566885200221166005622338877778811770077447762504488308
322558844001188337711112222007722666688114433113300228877448655115555000422777755773411776611062245254
3553311667755443322668844445566223333665555882288001122550022770055777733776660703344224468111143888871883522115511704
36611008866225588224444885555777755005533551166331177007711554477334455660033778883000066664466774422228144338411112202113402627
3777700558811001188000044772288555511771155446666113355224433667733220020333344884444553388886644114420665506883407562
38844775577334411556600888800220066770000555544442233330033221144886644551100443377228822227741225311771166663186278
5006666005555770077886622553311221133883355665544441166115822445333447744004422223368443328000021446811110851788
511558877008866883388227722113300003333550055771122555544884433664422885533773655222200447744441144062248061181117776710166366
522551188338800334455554466440088226666777733004444888877112277550066222244774433331144113366001100221166111158142
533554411220044445500552277774400333322443388772266114488551177888811883311116677666688662288434
566334433117777662277553388004488115522440022887711006666557733336611335544668888226088442211118411630
5772211331111007744665544883344333355553366444422226611445522004400005588118855115500117700330088882627887777167758060
5888811776633556611001122551133882266662233224477116677333377440066003344557724336644114444668800555500008855404840286
611440033227722221166004488444566407740558877771107335508226633667788337755333388881177011182524
63388330066117744660011558811664488665500553322770000228855447722113311222233773333662266884347775577111100776877851
65511444466224455770077447733882200884411667711556600228800118877888833775555335500666611223333003322221722548
6778877552211336611445500002200112266444400558811880044657711608822447722330554222271110311583338485888617
700007733338866557755004433112277774488883355221188006633220011661155445533002255110033441144440056442244608
71188557788006644774411662288882200772211776666770022661111338833448862558844410033222248700055553333552233104
722554433776644550088224477771155551111226622001177886655884422338833330033113344004444888800006688514416005463635320207
733001111668844775588667722226655448800661177444422883333440033553311332211000022550055112200852
7552277118811333344778855774466337733665500888833224435117775884400001100556600220066454111661152112226762
76655662233116688447722886411552244674488111188755511001133000033225500558800885533338833722
7887711332211550044552266228811118855337744440055116644334633660088880077000011003662006588625555427
811003366338800440000221111884444558886008486116622777744222233332255226666556677664411224055551155335577228066807
8332222555588777711665522882200440055118855337755003311443366442211113388881155448844478866333306773355774177061683460
855551144558888224433331100550033444466112233556622220022115577554477000088116600771110666688667766387744827732842
877005522334477333311001188882244004411666633662288555577117766113300227788442255114588338211112077775500008377456677253645403066560
04488445544221188661155117742880022668822001133770066775500773333116655227722553366223322281111271140335555663347808
144331188338888221100332266337733448800225544662244223777208811667744007788445588668611550000444411117711364475112530152575665056660
244110022226688772277115500880011885577883322882233000066007708865511661111713314220455225566255534048
3448855220022557788441122447711117777665588001144005511337733661155335500446666331188116688222277228866455547556888726078306080300
5445577448833222266331188660000551177546611338888221100884444116666443366776652006683334477773377802
64455665555440011444488008844334466004247331111006666772288552233774688333322225511771125007766116633000023678701375771815
744440011664488777755553322331111224422883388000055663355008866557711330044117766115511003377847733660211452277222206854
844887766112211113355444400220077004466778888001144115555338814774322668622225522758
444332244558822886611116600333377552266330055441177447711338877667775008800666688336655540044820121815106414
44411665566335522443388446677558855332222001144004488000022772211228888668822666644555577447777660077305500306
444338822886622552222771177884411888833551155556633331122667744004466664855336611113300337777007765000081402057275730601
4441144771177888855661155110000220077443333118866337755440066777733448800882211112288722255884166226666001138152236404
4005555777733110077112200444422887788663300667744115588401111776611666655113322227722482266225522385545053
400665544446633222211448844116666118822004422338811770077886644552255880022772248775557111100113311274
4222244445500002211885588666677447777117755773355115566555544338888001111227700526644882288110083220722333311336633416
42211551100001166887733886611885544111122224488330022662288447787660055003333443355336700444455223322574
466117711224411664444558844887788006622332222667700334477550000220077227733555511008811553311333377665522111187740683038366360432566284214
46644447722112233117711557744551100663366220044882266008833556655441114243388005588668888170077778666103377601
488777788442200665500445577668855223333000055440077118888664433444466772266660022441100882277553377332222556622112283813311570741614
48844556622665588664411447788885511550066332200773355777700443333660022887766813344446033000233153385552255424
000665566227744880077881111441166775500887766447708553355112266336666883333223344331208882468486383755545852
022660000886666337744881188772244440033006688005511332233110011447700441155884422552222083333888566555533557755477785016
0665522667722338877661122227700225511005533664461443377880033331164008888228833007771881588557355456325055868434
0881122224400771166555544336622660033882211006644447755884455334466335577442277773333215501448855641188617
200221111887711773344330055333366663311335511003377226622441155776655004477001122886688845544000086446787475
222001133777733880044771122665588885533551155775522881188333322331144555544666677664488663344440088774437884688270000761
26633442288885533224488772222330033552211338811558866777785550000446644427766111177116011402
288117733440044220022444411661111448833888845774366885511887755556655335580113311200
6003311665555886622227711884433330066114455670011336577553344421155111100550022887777885545223377338811225200400
6228833008822666655116633558811440011885566441100550000777766006611770044553388642255557755422242113311520
666221155880077667711338866554400668855117777008888110022005522557744112244223322635
68833441155885511440022661166331133888866552222333355550066446677004477448800003300566602073377121627836753272
8007722887733113300117777446688115577884477660000886633882200221144332255111122441166118888305555445507110855267756444
82244447733777711668800110033556611332288770044000088884466225500667766642222333311221111472200226833005555115521785
8661100550044663388884411552222445544883344336655662277773300117700228811660077653322111144771122000063774400887788513
8883344007711447766117788227777222200110022666644441155008855333366773311335555884455775512880055642
4117733888855444400007711883355113377665500666677225533331166005566110033222277778811112288775422114433668844746
433555533220033008888336688228855865522227711577722111183816633313044506644446666217744176610207010500604740426748
455881177114400887700444422662244776666002288005544882277773366116633335533113370665566741
4772288774433220066008855115555224400334455007755886633557702771188814466226685666655416611036641330233717122225112138673331
11133336611886688224488557766443344004422116655115588008833553384114444660077112266330066662233222205667777225522774
33344558833884400227788004411553377114433666600554477556622661111001188557722225522887700008888151488206464407313586323003
5551144006666441188227744887711661100884466224422880033422266881155413377775577330055007003335533125522120
77788550044774400552233770066330000334455773311554488883355116600112211882200226644667766662222838722575
01155008800551122883311003377554411443355222277447733007766663366226688778811667770661133334488664466024
03377776611114477334400445555887711880000222200113333662255330077442244446655226688666644115544335511667566084488821171023
0556633227755334422885522443300774488001188333311551111221144000066887777113377265588886600881100338844116644666677661177002623644
0776600888877224477334466555544448811004455111155666633220022337711880066885533338833117788226611335588662433041125042
10011881166225566882277886677331144888833334433557777153388558800551722330066550000337766332200222266004422447444140
12222772233005577662266882255333355665588880000777744881144661177336666002288778866447700811134118424340
13333883311447777442200116677224411881100226612773322221766885533558866336665550055443300334448887800684
155113388883322665588554433445566772233116633557700773300003766222200224446660066412288225100118811714
166885533448866555588221177228833881111443377118877445522777788001100440066002255666633664447554266276333084505188705773
177334455881144661122774433882244770088778888553322118833664488668755552255110000440055006666002200144422841
18811442255770011110033115555664466000077771122005544550044775533336622663377666688773388661438228888448852122
21166222277773333446655330055002255226611551133554444775566771122338833224400776688770000884488555588117724557144280010603044341828688
233551177118811002288885544113322447777003377883366887766006666338822557744334400114444662843000045556655208056164
255776666772277555544773344558877443322112200553355006622228811336634886688223788002244400088556600110036414151788838411
2774411113344446633776688442266443366114488112200110088004400773322118833557755553333885566777788770155886655088822845
30022111144770000444466003311663366882222443336608855652200612288778888445588001255583277772262342488671417375767440
311664455556622448844228800444411221144660022558877771133665522007755770055443344006633553331550101886688517
322224444882233883377112200881177005566663355887755557766777722664400721150336600661166228844114423443311118888604470213461045
3555533228822668866330077338888775522446666776644004455661144885577221122550000333377771177001133660055110022006111584444342
366441111334466337722330033558800660077118877883311448866556622668255551155227777554444770011774433824400445211642
377552233335577770033226655007711334433663388331155881100885566661166004411448844005544446677330122772222882211888866820
3888855331177668822220066773355554422881100774466111155777711663377223344330055884447886622552266660088701133664241451020403005056
500112255226600886677004433003322774444116666446611335511772211114488776688883333880062445533658822337078456545557
51144446622226677661166441155228844336400005555001100770088003300625
52255660000887777886655445533001144441177005511112233221133448822002244661166885577228811558888338804263355062
5338877001144446677225522778866005588842200222266118081776644003366334477333300007711556622112244806655068283223541355
566775577663344110011882255442244668811115500005588440088883322006611448866553314335555226622223333887733772277774022836707178
57777444411448888551122773355886666881188001100224422334455556633225266770044776600662222113388228833116611115467220711733368487
58877002255114477443344886611335500110077224400556622336633777711116600332200881122667755554422880004178833331533076685257
61188331166888811224411552233000055666633885555117755445588447788776677221111001133664444008800334432007862226270628022504
6336677771133442200221155883311662266441111778855227755553377332255005566118888228868444400445544335577223333003388007700008467422
655004444220088551144003355772288446622556600027766332211224411771155554811668877558888238
677331122885555772255113300884411550055337700338888774422000011444400227766332222111100461166552266224808366608281548668585664
70000444400118877884477337744332222776688228811666633334422330022448888336622554466056677726655886641555531250
711003366664455337744443388115500001166007766556688883322333344667722228822442211227300880060448844705
722332255002222888822006600338833552211118800881126662577858055661177114400148444770044300
7333388884466335566448833666677770066227744004444221177887711447755330033225555005588554451331188008866882222660071220022811152301
755663311116600225511007711444466886622115544774400661133224411885577222233330033773388334800004777027782026
76644226622228800220088774455441122443377338866883344448855331100555521551111333355661166550844660144771177570
788882266006611116666555588775500225522334466330033551133336677004455777744773378664400553322224433115544448811762855601100780
81166770077446600882266331177224411005577555511888800004433666688777766550022771866444480642255333322335522028
8333344223388772211554488551177114455226646335588228881856666006622770033773300012133667777868107516
85511228866114422006688225566660000558844003377224466338877552266221177330022333366776644111163444488804455447777035
877002288113300888855884455776644886666223366772200115511006688335544773311117711441122118244440000733322527
04455771155003333008877447766556644221188666600226677228886844482777255334200001100524161712143835363732311113
1446655880044111155226688113300001166118844442288332200556633664477225577551177443377333344006600882222331100338877778544845712476700221352707
2443311558888553300773388444455446622334422008800668811333377778877448277551100225577117766770000112141860033536630566
34455005588337733665555778866660077006622553311443611228822111188003400222277220011775522446100881264241484744
54411556655331133448855227777007766118822884433555577887755002233226677440066660000446633668866220011112211772252214108380168881
64488446677665566881155444411228855553388661111777700333355221166225477330011331100883344336200002233226223745
744667766338811777755551122442266882211662277880088448866447711333366654433004400334444552200225580528062341142218151110010700
8445577882244226644667744775588551111880000448833556600116666113322336700338811221144441170740342088872550543031335552
444884400551144110088660011552244337733664477116622118815778800776655000066663333003355668833888822661422220046777700225533431322858545523752772
44466336677776611886666883377228822448888774411775544223388112255557788003300008844550055335566006644713333415
4442255666611664400115522333388332222003300880066776688777733118888558811002264884411443544650
4446622228866882200332255448800665511337722658844331111221100117711557733330000777755002233440054770044114454224760818781674
40077004488883333660022553355441188110000550033887744776688551144331177557788444466111122116622886677772266663300665822708
422227755228833664477333388220033000044002211770088445544112233444488553311661188667777115554666600778800668811013377224877488
4222200001122887722770077884433224400662611881144445544880033774466882133002500458
46633661166775522550011008822332211226688115533771133331177776664885568772200005588847700227742228183057542455
466777700336622110000225522005544333344776611660044884411227788556633226688228866555588113355338833040
48888221100551188336666338877660022223322880088446677771177334477557700662244443300440077826645001111300031658145453561252
48888000066660077005577111177884400445555116677553333882211886617664477774422885566224464430022008365801
000557733441155558877118888447722111133553311777755002222338822886600778855224466444433666633332200661144225566776620116684510407012486574
0664455444466116600337777883355115577587766771177441111004477226622221122443322338811442270208888448828500
0881166773300557722880077443311335500668855888866333377002222771155440877661111742266662211224411448824447604518364632343810
20077556622444477880055333377227022661144113322117011550066446666336600443344281111683311210
22211226600008855007788337744331188887755880033665555667733223344114422551166354400220011557777668866166642770532428
266880000110044222200663388774411227700778833666600885575446622331144333355337511118822884488661244002566765585250
2880033118877116677888866330088446666555544220000117766110022443344556644448855253366881111333325112577772066204
600775577886666442288220066112244770055110088118877772311333344555500330044335533883326744411646404888805452
6665577333377115511448877667788331188116644335566110000442213228855440055550033445522338888226688008866222250220077001843630277775747224
68877228866448822662277883355446633115522447777337744556655557766008800332211770044334411440066113366622200551253001380702
800110088774400448833550022776688220055225544118855558844770077117771223300332222114422881111661133756666226633667575160066400315338
822003388116644337744554477227788887766558800224444113322333300884466886633112288557700550000440011006601118733551155552611767
866771188775577223388813377665586663355002200805555110044552252777700330011221111573333116611732266841144000066007222446624342
88844662277885511883366330088667744115577007766881177772244773322226611001166664433550066552255880566044388220343323872821141311
411334433003388008866555511444488228888446677772211887734776688117711112222778855770022005588352256224646023636610261516
4330011555533447733556688005588336600002200446611441177118811666644462277552266777788772255776855003377022245421
455222277448888334477003388665555777722116677333311335588117766336666006611114433000411024422668804615828584
477668811114411772266660088770077555577337788662222885544336611556633227777446644006677110000331133338833553840118820280
11100117711881166005533440033552222663377227788336677773388884433330044555588774444224466441755448655002255107
333227788337700552200772233115533445511225588228855773366330036774488666622442477775500881144002688884466016
555333344885511440066554455771177228877008833666677888811225522118866007777442200116611002266227300400
777116611115500338844330055447755221133774466556622331144220088553344887788666600002266880066336644001100445511776822227322535
0117722113333556655116644668811226666115555443322337744227766224400008833003388005533467700220077888841006588604188752825714501185
03355773333444411332288223300225544660044007722116677551100006666222277881688887777108855883388443360555532074477048
055556611006644885522551188667744778822115577772266330077002244004422333377334433666688331177558880841166045761311141271
077331177550000330044772277444433555588660022332266336644552222116611551133442250511144668800667700883333882200184407671818778887737
1007755776644770055001133111155333377882200884411883322552222886666556677114466888800226633554484330066004444012211672273436382324
122111100228877335577007788884488663377776677443344558855664422666655552272550055338811631130003400641
133888800330088447722551144666633226655441100443366222288556600220077440011221117883347006688661766471555305520081828773507558775767
1558877883322007755008866881188442244770022882222113311664455771144880044001122661723337655134413667566252666330355346434488855554
1664455882233111122225566226633332211552244774422778811443377666600440055330000335507228801334411865555144
17755774411113300447766002233224488445511005588334433667788221188112222886622006611666644256655001155552850773888003877208006370717768
188663322440000441111227777338877447722551155003344228811005533771166664455743311333355883366885555661144660206748804465841782883062
211331144441100002244554400557788115588446612668888665522777744771033882233664433448422007700806666033322862733553307550375556
23366774455446600880033224444777788226644881133815522555500551111465566662713553333700066163
255446677226633883344881100662211884411661144550088885533668822001133331111777755774477330022228866612238007040300
277557777665544000088886622558855224422223322001100774466118811773355004477116633882288778844333344448722112266441144570
30066226633551166660044338866770077334444001122303788777722115555774411881111742244558855225500510000882288861136502
3113377222244333322663388330055556644225522336624886611666677440011117777335500665577887766884455447756003344441144604851012158280811888
322220011660022777788444411224422887727111155004433118866662744661133663333773355334888008855770077558830667766417
355333344005555663388118833664444776622665577331122443300884411003168885588678822227744652252004422117777006020114130007
366222244665522330000553344333744556677226688113188620088007755885511776844441144887822554471642064001025703045550
37722114488770055110000776622338844557755440011660066668833003344778854663444324422008044111152813021217
388221155332266770066550088334466222255666688557744111144551177116611888877778800005588664422443333554440455522723
500772255222244777755114444666677336611664433776633335600668877002233885622111177118888440088674482778322003340428
5110011663344332266884466118833111144223377662200885544135533888822887744448866660033647722224755552255773777871
522776655556611225500222233553300337700110044111166882288771144333366007777884444774455448833442211888811773388662261331803240465158
53333550033006666221177661133111122337733441144300606444488118822442222551155445522888855887711067
566554433115555334411772277667788551111881144887777446622661100225500338833228866005578868355864444001126342
57700335566005588884422338855446677882200226666880011550077440044111133110000661166555533664813708
58822445555002233227700114411113311888833885566880055115522000066336666222266112477337766777788446644442333503300774400448600871
61111447711551122226644116600883322881100123377770000335522136622776688666655663333005588555533888822554455778844446677443345002240675047220
63311772200004433441122338811116622551155553322228833554400306677885588886611445522776688777744408822665077024
655776633448877227744112288662266770022003366005566881111550088001188883311000522337712446666444455447777555533843407851
6774477223311001111556644222200666600444488336655778844007766881133335555118888003388553300225522882271221455843
7001122007733665566225500558866330044555577668800881188226644113311440033443355444422446744777782333377571100006150248
71155556655004444007755883344884477002255113300885544667766488877773377227788222266223322806611774356663311210606816183314
722224400112277554455550055776600221111884466338877770088558866664411662255115522000066117711004477882233228377442263444483643303533
73311006633338811770088443377883344226677552288554477225533000022004411551122221111845566664466135555832
75588552277332244667722116622666633880033443377884400118811777766883366557711225511114477444455448877007000882222802500442536005555664
7661100331155774455444400228811225533556655882244773300005554226633223344667777227711775088086622221133336666411162084
78844663311116622665500445511221133222288553344001188002244776600008833667711443377774444886666888814258877006555775560372
811338833222200551188880066224466664444552288223333448877774400116611117711007766770088668355031153775277812261473212572
83333882211551144552266663344668888554488443300116677778863557711227744772222442288773022300
8552266777755663333228866555500554400881144776688334455778822758874441100006666448800116600242133003376107043536
87788226622447700004400775544556611220066330088338844881144664411773311886688552277225800113366771111666880222211534422876351033
044442200774455334400662266663311336688776644115500332211882288111122330000110055114433555544883333880088884022273377770781658565752
1443333118833777755556666336600880033887700447744116622558822881100176655332266888866140000644733005577884277222202423
24455117744118811114466338888442277000033113333558833776688001155550022552266667733221777887753443366447406062
344445511881144005588228833553377663300226666113366554433117777227755667711550011662233220033887700778866006688008884664484742
544888866885533223300114477887744111166551100667755228833336622664433444455660088002200770000558811772244225577776044622
64433332255777711227788005566554455552222440044666611668888550077451177662211887700008843002200123348136
744448888111177554433440011003355225533337788221188550088332233006611551166558800441200770000526666886633887733128844776677124
844110000332266115533773333885588007755227711220044667777005511883366331177666622844400665554778344835644268086002164543011311
44433888855447766005588446644553333775500881122001177006633448866223300226677428833110000778877761111551142403800452
4440088774488222277225511226677668800334477554466333311556655002211118833660011770066643322335522885533888840430077773142078
444112200116622775577224455005555664488114422118822228877115588335533111100336633770000888855117733007777884400454522668022561233334603238
44411221177002266774466006633227788557766665588448833555544550011000044771111440683115777222254220383437751833
40022333377224422885533006611881155448822114455776677444411334466220088777700778888331122558845550688056666364
4222200446688114400775566226677336633335500554433448844771122441188772211551177665533228822778888000011008644416666003580602575255
422777711112266553344447722885511664411554455223311778866007755663355510066221133001188114466632200222400337833684
4668844005522661144333388006633664444777788337766553344888322000022221122772285001155674181003355411
46600882288775533440022337722770066442255552200336655441188663300004477115500114433331111668844445511088
48833778866117700665555440055775522887711885511226633553366442233445500772277441111001144431152113300002200432
48888222277663388447733770055445555330000883322003333661188001133550077225566444411446622115433165288640067534
00011778844661188116644775588333377222211112233224455662200334444114488773388550022552287443300554633160066526
022111166777755665522227733882266008811554433445500557700112255331100337744113300440066444478024466117666851144842
0664400226633884422554488777744118833555511333300557766556155886500116244647700880077117788881100444111423342003320082
088337711225533116611555577441100114466886666005544556622003388002222332288118877558855100355036633334433088844882244776677744
20044661100113322227788882288335522554422441144338811667755003314772266448800885588673333000077606
22266330033556688777722338811006622886655773366778855115555884422448800001188333377005500776600225522004455446644440122747144313
26600884455007777112222774411447788666655772288337755888800330011110066885566338877667701773333555533448813664433124444025
28811446600330077668866112266335577551177443333118877880000666455556844223344002244882200110087004155411133825
6004466338855440033118866112211776677556655884488224444220011335533668811008877330077778833447722771144157745228808837706664505155622526333222
622664466778833334477443355887766115500228855223368445577771111331177555533225511444422004411881100554088886828070725638733730
6660000116644883366222277334422335555005522882266774400257700668855332800337711331177775511118811241104778877644
68877226666001144777700004411003388550088664400663302220888335533778801558844555544667733331133227711775111621182448434244
8004444553344662211337711440000885522338844228866550011660033663300777766441155556688224548772277335577006611888055117746778266602222010
8221188338844447722000022334400445500337788885566771144110066886622665533332277336433122744677708776804235308148
8661177224433666688114455003388335577770077447755880022667766333322554488220088884411660044001122111182827
8884411667744222266445533113388770022444477772255771100558811554433330033220011114400008511221186117666555566028
411440088770077226600222233118800442255446666771166220055003333661155335555888833001133886633443374447560645511017
433888877774400668855662233776655333322882266008800220077884444554422448811331111551146118633664255750
455222244225566557777114411112288886688226633220033667755117766443318184400005585008555335543337733807720204
477228844668811115533885577661100556633222266554488778888664166001122000022330033335500683368225588075522774
11122663355777711660088444455115588550000331188114411770015447722553322442233004400220055552222782216443344880066661833337876856
3337766228833440000665511774488118800555544772244660033885588884444553300442266886633550277556644114431557777116877852
5557777005522334466118844448811553300332266556688331122001177666622885588664422551166775540406600011148082211072222778
7771133551100773300223322772288334411225555666677888811663311550033774477006600445522221144224433336822680
0111188446644448877000055447788337766221166668866331155775588552222665533604422882277335555002777288811412
033883333553366668888551133443377114477663300660022884411000044225566226655557755222211554455070744446777327784072161218581117
055880000884411002277661122117722225522448821443344060644667733647755551155335577113311685547778868330878137883238
077556666884455443322770088883311662211886677337766442222333355552244471133005500110000220040680722677785853
100660011112222118844553355005555447700337711330077551144224444002288117766116633666622665566882200880044888833223388633343173
122553366886666227788880044002233444411330011550066554477445577771144221188558844887755556644338812446633337767382707283
13377776655771122445511005522333366441188660033550077444433880044668855442222884488220088881144001155887344702063032
155661188663333001122883311113322220044225533884488555544557755214433664444774466667733507
16688554400225566551100112233881117335533006633447744448800558844228822772266000886275507833324146
1772288225511556611226622775500886666330020001188335544114466770066444477443344558844887711337777881163110044232
1887700331100661111442266335533334466443388222233666677771122773300441166557722440088880055885500002200121
211110077332266336622227755228866005511444400443333116611881155553377771122557766667788883388772244774488445544665066400033008858201800268
233111144115500220000338866556633337766118855113355772266001277334455224477774444666644322218225842868
255772222115566001188661111330022880033665522000066334411770077885588114433224400550088884455551688777766771388262
27733220077666622663333552255006644441122884423668811557788885555883388775511117711001166777724004455446344730
3005544556688444477661100885511220077337744666622338800334400004422448888222277225522887777111188664433667705558655714411553601663172650
311000077778800666600443333008833661144665577335555116688882233224444225566338877448844553377558622221133412275054
32200888866330077553366445522668855777766001144111155447733558822443331666611880055665555002277221177000811284466771106283
3557722553377443300663322117766227233116600224488442188003333441133666855554400110055007833881155111144552870008868288
3668822333322005533554488445566447711001122550033008877541166117777006666776600778866221188115422772288302222604808588
3773322225588552244005544666644447744118833556688007777550011002233004433448866006633331133653
500224433332266883344000066223355113311665555775566770033774422225544117733885530888811118840776646380611077711514
51144333377773366224466442277666677221100225544115588004455006611226655556688770033440000775577116600882233113308611188483
522554466005533000022113344555888444400114477116644227777587722223322667766661177331188662280774080611121504
533557755442200006666882233222255881188330055221122440088447777445500448855667711555510228807226633773333664466227787034
5660066778800448888550055557777002277664444551111716655446666887266334422425533331133883352881188422
577553300007711552244223366335500338800221100554411770011886677660044556688885555113377333344446655887788225488477728314
588660011227711443355008800334466883388117744002266778877330055332233113366221100445544222200666654888840007722464752570167677281518
63311771100664455558855224477446611550044335511448888005533441188333866002211668755440000111122556677770077665200373262822
6550022224411110044225566778822006605773322112711440355888877775533772688554177433386436
67744776633555522442200556600778866888855113322116644441122550088773377001144553333003311557433404
7005500882222111133553344110066446666888800220336228855558877775544774444884432514401261177118811567
71133334400441166008866880005115522887777444455778811882233667733883302775533556666337766114477026644884422458855420
72255551166440011776622221111885577773388006617128822004477000033554488333322443344558866550088778884660077452
733663388441133553311880022332255660033334422226666776644770077448888337711117777886622000011005500661166881151246651485757287820408
755668833007777114422112200884444886611118800227733772222557766778066336666555522335533332266224433446644710
76688334477774411223311775544336611004400111144666655663377000077221166226255224424888800885588244455333388651573050848735558132
7887744770022883388885533337570735566223311001188111155551166330066004433665522220055008801334444882252446644026
8113377887722005544443344662233330077770044000022225500331122110011663366660066448866774455332800884476885588382
8333377771100448844778800115566112277554411663388662288882211446600331111332200222233000066664511870083667766550077226577434
8557733444411333300111166004488002255110077117744226611886677552288114466223377006455443388336088222244003588405555300
877003344222233226611333377114400883300443366882244667732550000776644888844558855116655662060115577775555447744441111805021012781772
044770066667711552244338844557777442255554466008800333300551177663322221100114411228822334488558811118783153365627500735
14466663388005511224488442211116600332200008866888855778822558877007755223333550011776611006644777744445677328832771266241406543
244226600664444668855556633113344332211662233661100880033887711114455220077337722777700118888666655883514775577841
3447733001100005566332266114466885522228822007777004488112233883366554444558800318888664411555577553844013177211
54422006633664455113311772244110044884300001122883388665555661111453377116622667788887733335588557777003348227742223680221080705
6440088113377553333448833551166332200662233114477667744226655441122887722778800222248885588477716850000556600152
7446666558855115522113388664422550000440033506688777766226788827733771177220022211184110433112483044
844776666111133112288664433223355117711002266888855550011662211881155641144427777887742407755770088000055883377338822004220330343336
4441155111122775588338888003333664422116611334488222255662288114455224400007700660087335533276
44466664488112222008866556600440077335588002288883322443300111166771100668777003333778533475520054
400338800224466112233551155772266001177778855221188333366330000886688882288775588148844332200555500445534266644741
400338811001155332277112211444422550022005544882222334300666640004733558877228888667766883777017747580
422447722330066000011880077774400332277662204554433886666448888778822228811115511771144467733110577068833553333458855212
422774488551122441133111177222266557777118866882288778844000066005500330011008211666633667700452
4661133442288116644331122224488337700226655773355221144776600550000445533336677775566332200115722582277108878423888680
46611114488335511331188667733337777888811770066884433665588002255224400442222005533445555775500315546226666471127216
48877552200118855666633008866882244003322557766773388110066007777884466550611774444554477226622336644222283335533755581416
488008866444400222288772277663388226655774455331177112255441161550062118855684433223355881111330000434377036
0001122887755333300880022336611550066003355446655110044332222114422444077778888227766771177226666331166220645281133438
022221177550000771122555511882288661144441155443377332277881622667777666655774477208833884455335566833300558633164
06611337766880011884411558811003311224400443344775511777744665533002266772233332255221111662278705500008643660076338
0880000117766224466774400448822886666115508337755220511334411114433338877330603684477870427244
2007722330022228822776600006644333322117755336688884444774488550044008611555544114455666655813
22211887722773355888855440066668833113366332288442244337700117755276611271166004444553300005500314488055561586
26655442233663322004411668888553388446666447788330077448866772355001177337766111133118804556607110777033344044431214155155585257
28877007777225566667788224488005555771133552233003333250066446611558833608888118854001100244
60055336655882200667777002288773377662211664444226666335522443321338888555500884400445511556688003111283540717181001
622777711116600228811447722225555887733330088551155224433110077006644446677445577663366554400550033478800118888221122635
6665577551133444422225533883322445544662200556600441166336611117711881122110011558822647722880088487767302237406030727888586
68811007733337777220033883322117755664400223355448877884444226655752244116622230066001111431
8003333226622882211558877112277773366556677886600443311774444118833000077006633775500864466847555335515248
822223355774433778833887777115588553311448800664455007766003333661111008811662255117755224422888844440000554462004862130017027
866228800441100888855442200775511446611668877778844006655003300118833881245882577337743334025666600064
888776622118855778866880088335544443322225566555500330000551166001111770077113333440044661122423311072266320
411228844883344665500224444005544556677443388666688558700110033000277116611776603115511162222637777557722333367820
433007722771122226655774400224488773344558822886677004466008811001144441155447188883388555533556688042633164
45588884488004422334444331100660055778833550077441177771188116633225566440022886666552222112200001155113333872261114543027732475
1114422221122000044331155001188448800334466660055772277552233556644007711008811330022445555333377336655885544777788770677463326151
333666688003311337711556611770077551100555533550011441166008866225244332266582222888877884477774444834460004111220722176
5554422223344333355668877440077665511448855886622660044771100220066111177338888441133777755031188116288221308044
77766335511443344775522336644224488558866118877117788331155338800330022006666772278222211225500001111007400881133741166544
01155664400886622110077228833334477448844114455776600003322220055226688555511330044337711112233117776335533861186667274665544224
0336688556644227744661188008888116622111144882233447722005588330011007700002266678877117733328845004065222245425
055007755111144447711883311000022443322881166117766664422112255441722662233880088885588248844555566006633440044630010370
0775577113333227744441177224422005555335500221100118822330044006677666633883366887777334288558811551111665566025
1007788338866551177224422337700881166000044003344887766888855221133666677558822553355556622227711112266331155773322880055001144777444164433002614645543306
122007722887733110011330000332266558822221144224477550020446677440066005566886666336644555544117777111088553355278888338807634575133
1333377770044660033225511880022221144442233112244006666336677448844334411001155330077226655662866445555775588338888287733581
15511668877330022555544883322774422117777224444775588552266660011882288662466776618407780008053436353833
16611444466557777228800335588884488221155443322447766220088667700771177331111001133663300004333850023460066451
177227744552288331133660033337788223344881144220055777700668844665566664400002255008855554478007155110011824
18855115577111133442200443311224411005588777755664400114466553300002233662266774488444455447222721833335600732610868383763660603
2117788552222771122444411881144332255115544003366330088445555331100667722887755805577337777664477446666556600004266102
233007777222288221122550022660088116666224411553355663364688800003388331100118877006400543
25566115555334411222200773355771188885500664466005877662266533311337722117744440000223388663300447788442360301160880811475831082777011
2778833111155221177775544446600116655666644330044228877333366110077440022447766223322557711337700888855338800663355014
300443366006633777722335577551188113344008877110055886677331155338855552255445500228888224411778844880111666611244
31122886655441111778855225577332244556622001133660033442555006633884444882755333300558888004877218831667815161686466
322553344221144772200006600886677001155664466882222440022885577771122333300331100552278007488118888704131617261150515458845583
35522115566771133223388770055000037553766111166222254777788117722774488008888668822884466441144445200110066642
3665544337788334411667711002211556611117755008800118855224477776633551722887733384466660066820000440055774585553620364
37722445577001144004411552255550000885533668833113322665588774466447733002222777711775211112288442611666628663108118828088
38811885544441166551155882233335555332244227766003311447722225500110077445577113377888877336666770022663344883300664432105566284
500888811338800222233667700666633114422001122887711668866556644660044555533557755443344777733337744448833026
5111155667777117788113355002266114433006655886644772200554417008888223333444466668855276608337733287754563366280
522771155331144338877550033660011116611335577774411006655158822228888442214662255554488604477007733776244523
5335566443377005511668844662233442277448800666611114477663388115555882244002200007777331122552266001105075
5665500117788331133443377006677307711228811557744448866000044222277668855361111447758005200810032446644021
57722000044440011446611555522337744777700553322225588006600771111333366662244112263110033881163556433445548550848783
588441166446622226600444400225577118833000011007744337777886655227700881133115555117755028855335566888804267733882333463325466
61133664422220033007722331155338833558844778877448800662211771100881144004444557700225566000055001122886633227661624261182855152548855
633116677880033660000443333770088447711005533550663882222772255445522115555118861774488887777628812624
65555111188448888667788556622225500227711332211441155331122008822338666110011664422872264003300675
67722223344112266220088776633004477113355550011557744668888117755236611006600778844885588333386445511118435340
700115588228800778866665555117777550055333344446600663322330000335522004433111122114458116188887722722
711220022334422775555115522660055662255006644557733221166661111881288884444778877774488337720776655335543663333003388208
72277442266221155777700003322446611775566444300481122251100883333118855886688882788067533555503484
73333772266335588114422332222557700885566220033117766574433002211001111205866446600661160448833647444140
755118888115544334455227700007722336600117766441133112211446688440022557777116445550877337742224855335563280
76600554444007755552222881166335566882211334477774488885588441177001155336655772266667711478800661240332233804
7885577007766777711554422333300117722556611337744443388116600884400334488887644555511405522221122404
8114400882244446622557722110044331166663333222200226644112288006700113344554425553355115500552744838180007731117787775037176
8335577776666111155003377334477112200448866552244554422116600556677553334117708225555114408558802223288464
8554444558866007700222266552288778811003333223377116666225555008888330011553357440066338827331133441111848
87777667722111177335533770022884455113311557822004422225522788811008855556633330011861122440074114655426646668233460
0444488446600553322112288007744114422770066226644001188117755443300223311552222558866883388882244776666771088550000333366335566177
144443311888866113300887744558844883355115533885522140055003322226600220066667766555544664427772077063
24422883300222200333344777700554411446677227788550044443388440066660522661166556644555511223766811131710
34455661177881166772233555522221144442266338855447766441100113366558868007755000088884433718833332255330022003122815
5441133005566881111440000662222448888771155225577220022774422338800335500776611221177334440886666428830416655551106075
644772255441155773311777788886677556688746622445533448855111144223300663388226666002211001122832274000055208
7442244336611554444557788886655558822116633447711225533332277551188008833006666000033122200228777305566804
84400770044553300002222883333110033777733550055666677117788221155772244668855114433227744448866113366288555865527554477641
4441122886666337766551111000022227744003311888833007755662266006677224433550733448855333322116611370547778822357715884208180648768
4440077666622551133667711661122115500663300222244778833337772888811885588446655660055331144334555735545208
444880011886600226644113322881111004400882244772211663386117742003333666655662145330055007700600
4006633332200221122558833445533551188005544337700775500881100001111660033117788777766772277142266228822341
4008877002211667744666633003311553366442277556688880000557722881133226611004455444433335508660388382627778477148
422336655553322550022882266222277111100883355772244331126887744445511885566003388667775888811448800663333001044705
422882277008855337722225555223388812200116677333322447744446600550077663355445511330033441100226641557655868611762
466337722886644333388001177556655110077881166221155335500336673112270661144445570885522555588222244834411166686020
466557788110011223355883322770077111744447755133366445544168800448822556600334288550055553266667766208877302068684880052
4885500777788668833662233110011552288221166117700005511334400445466776600666477118877220022537
488558888444477226688338822334466003311008811445577552222773300224422116666332766770066556611386621880000517
0004466006688778822664477552244337711557733885511776611883355556677732222721100734488112255331111441130142205444508458888680
022881166338800334422226677550000662200771155330011221144004444336600556644882333254477008455177766852
0665511664466777733884488003300557700443333222233668866225588820011007755554477115522117722645504042444113787612111474
0885533227788883344110033113388001144440044333377225566557733555588662266112222111177116600224422007777600
2005555880088112233116644333322113344228877552277115544004477335536668844448888662266778820218144111107445636065
222775511008811666633662244773388226644332233448877113866885555221144442255374455005542002611558888000011883111765566757
26600885500771188440000664455223322113366555544886666883311551111001177330044112277667777882222546634772288775448070
28822225533002277444433552233886611663333771133441155664477662244551111885544004466777700778877284055550038000011006655783141712086860
600883311447700553366554455117733225588557777444411667722334466888822111122228866220000224403337711555504884434226646361136627787610755218
622886600330088885588332266115533446655552277554488111188440022112222006666772244331166841100113644442044571177778
6667788221166337744886622665588440055775555006600447766443344228855118800113311445522446688112252777711000083661077335303238
688338800774466441155443311008866333300660044777711332222111177551166657700552200224455003560100277358532326
800883300667711443377442266332288440055110044778855225533448244117755772200223366661133116640335585600
822330066224411116666118800883333444466774400004433551177770055228844556600225533881144227711557755554477387482658502022
8664433774411884488003344662233888877332222771166331144775555220055000022556655882266660066112244228855740
888777788117733337711114411007766555533116666775511558855000044446688005566227700113366138866447722440488222266028
41122335566227722551177444422118888220000661144777733667766332288668844883377003388004455222266002333113341555588175
433222288886655778822771188114455661155117766221122663366004400666233442244887722552200277733775555433388435
455228888774444113322008811448800117755550055772222553311110033337700443366773300776655115566226666882211227422384
477228866008833441144220066445544665522330011117788222244000033773311555577118842551120550046375536662616777766870
11144117777332200667722338811883344556644001133336600328866115577112255888877550077004422776511005544684
3330055332211883377334444558800888844668866555522001166442266000022223366225500448855111133112286338566661155775547776177414
55544110077663344000044771122221144885566445511331177001111557788777433880088886622668822883322333300666600227522042
7776688773333771177223311666644778866336611881155338833227755002288224466008844005511443355557741225588552222603340006880701
011223377661155228877550033553322443300555577331166884477881177114466774411338822006600442488007700008888666633456626451
0333311664433552200667766330088442277447755112233661111007722445566665555448862118855338833441155001177773800002288740
055556611778844558888773344447700663333008866772288222233110044000111665544664488113377771185776666225
077227755002233778822665533441188003388442211110088770055888866112200667744016633336666445555443322881133117488514
10033554433336633113377770000888822771111447744668811880066121733220077553344558866555566667722330855225504887648324
122001111447755113377885544667744884455224433886655664400003340883300668811772255550022115228232316660366233
1338877881122660077446644550066222211117722882244885588008844442255114433441155663366776655337753335233020
155778833226622882255000022770033666633555511114488661166446677334444118811374455440044706
166335566554488225555115577004477338844333366001100222200007777113344553377442233224288331033008800568888667766162
177557711665522887700550044003388337788221188114411112255448806777722226688662233224444663333115555888844335511336614247
18844553377555500778811223388331100336644776677006688661133226655888800008166333355220666043304662144071487242
21122226677553377443300550066554400331155227777117733338866446666228888004444881188256600001100770023661166347
23311441111333300445555884433883322777711222244774422887733554466226677000077553344425511665566663366185570664088880868281523750
2552222112244665544773355118855777766886611553344556644440088228881113337110022000011774430775555814055006677804
277554466445588441133222255000077006622887711110044778888002266555577442200556666114444001155224433448833008822333366331813860
3002222006633446600332288226622113311550088554444004411770055556666116688667766553366442277333377778833884722474232575101112711418
311333355553377447755001155887766883366556677008888002255222277118855444466221166330033448811772240005600466611412
3226688005577224444881133771166331177008866660066447760222211001111446044334455553355225588554155023
3555544000088774488331155007722776622226611003366775511225566442244118855332233330067337777013341117711484788216
3665522555533001144447733322235663722881177662266771131887700550044360030224411110088448820661128000158645838546428840
3770033550066111100773333223300005566777755331155778822887711442277448888444411886655552255112211664466008455866634320040126682422546202
388007766448844226666774411888877332233552277003333113344336600886688322255553822004400554466111177114477778855772511556585075
5003355220011226644558866331166770066005577334422555544000022444466668877543377111133223300477788227722221177488
5110011776677337744554411668877224444660044003311338833006633661111447711881155333355884488662222665566412233228855225555778822134
5221188444488004411440011335566881166665577226633223333008866775555882222777766111177112284662477836600331733874
53311337755770011550066556633003344777733332244551144335522554400778844883366888852774411004444660000864233820111771181626
5663366227777110088668877004400552288557733118833002233550011448844551122226666776600661111333411621154225200324
577336633004433555533112200771144882233334444556677554422660088666611001155113377774466285521116844138808140
58833557777111133776633227744110077220066662222115533114488668800442233444400001122445544333300338611760
611225566770066553311336600228844227733552244664411775588887788110000445577223344332211116637440015550055108
6330000558822888844776611117700775533660088773355114400331155441133332255552266221122442233445560448811886508044
65555773377880055115500881166660000228833887755333311888822668633074466447705221111748222461122520
67766557744660011114477552277112222440000448888777544550088110022334433663333553322664444225511555568331133884411721188680
7116666551177335533222211445544447744664422448811220066886633331155888840772233002255227700557777608871304
7222211444477118877004411110022778822333366557755886615445522551533224466273377663300003388885555008800556688148
73377664466555500118811220077113355775511110088772255888855330055667700331166886600445522444433663322227664042283826
755554422880044886611227777446633444477660022335588773311778833332255220033665500557704081166882222462268553388884722115563018131014
766445511448844330011880033117700005533228888661155778855552266665500663344774444116688771111338822446677733372336274022212042
788443344553333660033113322004466665555664488777722111144008888668822330077110011774422200065005544735585202
8112255226633553366228822216666888800444477665544113388774433778844556600667777000055008866410027111148385585717155518
833665500007700116666773344228844664400221133222244448811005544771155777722003388558822668888662233335533118800445555630
85577334477881155003333110022001144882255113388441122223377666677227711880044554433663300553355221600007755564444668627040
87744223388001122770044440000226622003300771188660721732155241166111145113318384505881558288
0443300228844222244771155001111664488008811446600772211226655775544445566883333225533555588540066662200541777437733834
14455665500554444338866668877223311558811776677110000112222113344111188577788220033524477440044883366007752661843773333008646362
244665533442211000066772233116611225511770033775566883366447777880044888866660075008273338633052544357
34422330011661122440088225588883377331134307744556600317777111155367725776666441100665511881148668855550055202
5446622336666330055667766445555888866003344112222774477552266557700685833337711001133221111444400442200224722881188707
6445566228822330011883322117711112266333311667744225588884400007766885533661466557777227700220033443374822
7447711888844882266115500112200558800223388668755777766006622221111004411445544334441773377024
84400224411442266887733228888666633115577660011000255885533021122771166770228251111345555448655062
444664488225566558811773344774766667700550011336622611141552211688855331100333300220041228847772233222247106000887830727
44422113300665577770011888800332277663311005566775588660044773344000077112255223366448877426622224388233355337555411166668
4443366667700774488660044663322001122113388006655773344771188778811554422225522662244002288227888456612308
444880055888855660044334411882244774141001177112200886666221155223377225500338877555577883333553322226611376655154
4007700881122110055333300334488225500114455118888444466338877111316662233774410667733556688665433226202447777522
40011224422332255668855111166331177880000558866554411334488446623881155007711002377445577552333683307335767270
4222200882288007700661111067711773388557766886633666255224488441155444455556144634473527211331162637233230121833
422114444661111332244775566337711668877665544551122773333007777886644883315770000667748001040888840503828581
4661133777700114400004433336677444422118844776666226644553322556688772233003355007755778822228866552244888855881122734
4668822775566116644884444110066773377776600887700003322223388553355447711228833002255004400557724551144334426555133118661736
48877441133334433773355330066552200115511002233228866112255772244447766221166885566663388336600331188881174667400484111400085405
4887711223344117722447733555577776688221155885522006644000044401133883300226622888700805746007100366611814
000112222552244220055447755887744118866662266333322116644557766550077331177111144006611003300880022884466004488337788551233881533443355570
0224422663333227777554488006644001122331177665511337711447733558822555522221155000111634444118814688868374
0666633556611665522227766008833662233000011887700332211002244447788880044884455885544668822886677442255557722034
08844005577227766886666114422223311885500003388006677004433058822112255228744115555335544551644663366544
200774488226655110044446622885544775533445555772222770055884411215566664166338800668866001133777788852180336081702001411305032313335
222114488002277224422885522003355112233776677118888441100115588226666334466006628664400007733330055004433174455332755783
26611000066553311445544225588227700885522443344667711883377448844005558664477336666333300223354422766007777204
2887711551111333388885588330077774400118800555500003355770088117766226655445533775277886674116611002222142244666684443366047
60044110066774477773322882255224455772233115533003333442655550011440055883388443377554466885511117766112666378866207
6227700664488001111667711553311008822225511221188114400003355884433446633330055775500223366661555485563773388677768720
666000022555511662288664422775522223355441188440011333311110055004488108888007777061655772206882244558877885563883344443304736
6884488113377888877440088003333226644667766665555663344224477116611552222335544110000227722118822886622007777331177004433806443075141112
800115500007711223355338833111100557788887755886644116611776666003322884477442244445544882255221144662277002044072814355515685
8225577776644886622441177552233331111880044665511335555332211550066774400007700110088116688330022771144773222820
8662244225577111144332266665566775500115588116688553311774488007788883344777700823300652033335555444400441100012365137384645
8885588442266555533667711660044447722221100552255002200006622330011774488114433328830777707664407824275111135712185456686315
41133115500223300882222665533551188445566667733886633220055443377774488778800668833447766116622771177007722885588114400446645701
4332277885588000011557777660077555533008866668833110055662288770033441122004488114444554402552226447744665501773377284423611
45500554488442222001133770088002255661188115533887743004288224888660000331100667711117788333343555577773366332725116666276655258127568076414
47700005577225555338833668800445588885566776611007755115522117744223300664433118822881144448863224460884405441222050372634
11155882266113366448877668855778800220055663311223333773357440066007700003300110088117711883411642
33311775555772200448822112255447700556688550011662277335522336666530088440033222466777788111100776433883374541188642
555666600115500337777668822008855880044228866334466114411772233224444335511112266552255775533888833667744005540778877110001816
7773344227700225522226611551144112211668888778822884466330033886655556666444400554430447766206
0111144772233557766227744440000443300550022880844552266551155553333663311661122556666775548668833222733881855870787177
033330066338800446600881100223377118833664431115555770611775511441122227777228855887744448844552244225544762
05588115555447788223322775533330022001188446666336655222266004488008700334411007711225577772210667744556612444437328
0777700112255002211884477336600661111338811557722887755558866778800337744110000554400444466334456448822008711431173335272416263222
100668844775533556600776644662222005511440022552233441111557700117711336655885500448811888800887788338862443311642
1225577118844888855005533558822445566006644000077580011003366661166330044667700823333441111331177338266876622115422714
133665588111144002255550000554466776611557700112266880211051166663355664455333344332277552244487722028
155664433336688112222660055557733778833447711442233552244004444554411001188553312007777551877663308448663272
16600330077220000665544226633880088223344055511213377333355886688557766775533664433210
177002277883388774488220055118811225555777755445566330033116600001100773355006655337722223333221111364444668888666624240
18811442288005566222277002233552200110088333388776655177755550033661666441633174444553377334433007722557718440044678
21177553322558833887711004422445500223344663355113666007777661188006622882227444400005544301155214
23322774400667766882200222288663333888800777733445533660055771133004488111144115522666477555544221444643787058515072
255665522334455773322668877662200771122224433111177555544110000118888248811506666777788664444660088442333563388330744780
2772233666688337766001100226622550044112211774466448844551188553300005522440033115544770077333355557755844
3005533335555226622334422554400227700448811118866777744110066338800775588550011445200336666008844665827337711668433200
31100442233772211226611663366220055333388440022554411771188776677775500003566668866078822228888011155224645113588357
3225522666633550011007700884455776600005555330022448822336622228833887733311188886611620064771155112588046444240
3551111227777553333443322001177441144662211008822445555202800004444006677003300558811336644771155776611865544863666078735068567242
366333377000088555500776655226600661177554433020688881188772288448822777744771111441155773677864455813
377446600117755884400663355550044771111007766662222113344225544443366883322772244880088777788118866773333882577051
