4448888333355773322330011220000882266552555662400666688447777117700337744110077553311334855411141802381605153604
4441166661122440066332233118855110033880000442211554433776688660088113333558888220055552255345507222287874
44433550022442277552211556666220011445544770003776633330611222288441111774466071103116777887723248888555588013
44422661166772211556688558811441100333311113377117700006600440055228877550644554488882255338863222277884777657733035
4004444664455770055883311882211114488885544330000338800881177886677662222336633227722661166665511220844224533452377771355055
40033225500660088880055441188116644443366220011334455333388661177887733007777442277557764626048558848352232482212870512271555672
4226688883344882222004433555566117733770011000033116622112244552288550077771111553366530082338327614187513787274
42244663388003311336655228811110000553355775588778844451177226642773377770066833300774600115566214
4666655550011778811333300226633551100882255667711447700773377662233884433111122005533224422744166483345436
466663355226644001166117766770044110077774422443311114477113377554488227788333300553388008855002255556622336653444450632848186
4880033887788884422336600665588556688663322664455334411661111227722221177115577440022431133335011800677330701425281020
48822338833558877662277772200002222557755001188665544333377888800661177442266008811116666445522444400556688555300771344631032884470441
0003366223300885522445566442288220022771177337744443333440011005511115544880077006677775503881188883866661166587638426
02244661144778800776644558888660033113366226677553322555544441177116688442277220000550011570086540047477733828223563346633
0660077773300116677447711555522887022227211003344888844333355332200885566880001338866336665883455744
08833224444773311665500002211554433337777225522338866001100770066336665111188112055558855775563071138441144287
2002222666655117733448811441155443355882211664400444455778855553388337755242133663330776688660010887777100
22211666644007700110022885500331144223300446633336688884433557766555588778811224444554413775522551342677737120
2660077771155881144336666111188002211006644773318778866332222552200005544448844555563440044124462888820103
288116611440066775555005588882222663377111155112244220077004466660033664477772411773333557768778848332868030855253383134
60033110066664466335555775533440055116677220088778855225544558822888022441111332233738682115262712224330474442481718143336
622778877772266663333661122885566770055004411888866003306448844443355775533776655552233881166883344624455442203115
666446622774444775511888855222288007711668844883300557733553366115500663311778877660033770000440011338811008200223322633344111121442
68833664466221188006655660011000033445544002207550311222288117711441155116663777744772244442277684488226388687705885528855437378
800221100660055885511224477883311555566443355338822887744884422552224667755773333776655403366334046661166886621481
8224433448811000077333377117700335566115588442211885511220066440144550577223388667833146544147302536274432282226
86611005588551188882244557733220022771166880088441133000011117788774400770066004422225500331155664211272547776343775383635
8881144771111660077882255112266774422117733777873885566884400004411552244446633335533220022228835445276110011880066503
4114433226600330011665555772222112200662288667700087766115544881111335588445533331108337733444477550854046422338712578742477
4337733668888225566334422885555224444001177884488338811112231446600007711886611002200666622115500887722651585453577677707574
4551144220022888877222244884400880000117733558822550066337766281121007777443344447788333311886666004466111166855566457
47777227788111188770055557744001155333322228855110077113355002255221144880044663344344422445588666602668888356677661177582
111771166554422006666445522333388661188884477005566331155110033772266000044002688336674662588113508743804882418544
333002255778822446666336688558811886677662200115511448800047755227744556655554422228877734444111173116353240433738888483
55533337744777711224400223355222288117700446611668844110088885500772200556655880006332274221133664386662181514601167
77733002200442255228866114466333377223311880055882244551122116600778855554433667714006655335577550088722033468888362
01177774455668855888844330044002244661100338800881188667766660006225511444477553344222277333322335522687703748
033002222336677661111331177444411556644332244557755112211007777337711886044885544770000880063440333582258781274620843883288826
05500001100884400666611228822553388883300223366222555443327214444557755664488778866881177774033776677033347318
07777223300667755220055002277660033337744773344113388336633111188112288000088885588222255332266224400446655554455666688664433515
100002277330077226677663377770011881170882200336600444422553388884433115555886644554411447655113333222245021
12266554400770033660066225500447744881111772244442233441188887788008833885588220000110056116666830026475351337151432633133
133116622550022440066881111227755660000884488661188226788332211554422880011771104551144443344172
15588003311118888661177663388556655448877883344002266441133220011225500551522227722884444770044637744508824306
1663322446666112288777744223311882277662222665588448855113300660077335555775544005522111100888044544250336340138
18833661177114488000055002266441122885588440033775577227700887777881100760066333344338888668825553355445516552624642
21166226677006655333366007777227788223388118866334433555588442255666000880022885500110053222244774411771144683204845404473761275151113
2332200001100440066337711228877775533665511338811886677885544774422555588222688884488344600305500716
25566552244555533222211005544776688001166006644633311330022778853442233887777008844114400771111774811888823586
2774477773366008888226655662222333388558811224455331177250044337766446677111188770066886611663668441144448800200
3005511002277006655777744447766001188883388446633448800007735222200882211228855004422555566226677223455843
311550000334488116622112255557711778833336600880044113388770055886666554455337733223358222206330281844406842
3225500228822008866445522660033114477007711774444884400662244223388887788556677665543773333663341335833066688077181011151612
355222244110022557744008888773388223377115533448855117720442433111133667777665555006600714455468666164303362635658
3667766445544442277553388115522448833112200556655550033443377333322882222661111778800221188887722558840113300406080007701014162377
37744668888228833002244112211440033887755880066116644447766665566335555334433186600445500770086772204222
3885566880011663355882200884477334400445511336600666877002222112255223322771111553311444422441188333307228888643
500888800220055554433224488112288662577115588287700337777333344776633001133114455335516883388544000460066165
5115533552222443344880044664444005577116677002266660033885588882233337777661177884422111100113311227722555500775544114622820060800733036321874
522555566558811887777442288551122336644445577661154662211778800006600220011008822770043222266888722411143834
5336611448877663377443311886666550088225577004477335555662200001122446644440033330055223388551111777788110077571133441160206
566552200774422334466222211770022447777115533330055114400006600116644558800888877881133555500336614337755427768226322584042831
57788226666888877221111335588334488665522776622001188443377444411661122440066331100222255660077553322333366773300485555080
58877443322113344778855117700771166777733110000666611112222004466880088884455775566330188227722883144162266024
61133228888446633665566223344338877667711441111886666447744551155440044225500553355224733003311770011000077257
63366777711115555114455778844668855226655331133887733221188110011224422223344880088333300666610005566420077258885450747670
65511338822662277660000777711880022886677884433285544550011556611666644440633331111746833553341088
67755226644330077001111446611885555441155880058117744886633668877338888225784772222112200223311660000632340837
7001111884444887766003377334476557355441100551122762233226688220044331144683300002288606133316
711557733002266001144881177008800777788223311000033221166553355664477441122006633334455113366222284452277224506655545876
722887744001177778888000077110022220378445571442266061155551115885566336666444466524433435688332
733111177555588220066007700226644663333884455114488771188557777883377222211004444708655666672330505254
755887788668882770077444477776600332200440081838244865522223311335500553333442255551122111100228722663300661166764
76677556611114455552255444411882211778833112244223300115077770044887744008811006666888866002366333388534
788665522770044885566228888334455880000776633775577441177336682444422008060222233331133555541114211803321530
81122002288770000111133884477553377222266771188332233003344227788664455115544888800666688558822556633335555021144336607331166176624440467774
833885577448888228800442222115522558877886677114433253344666633007777660066116684001111775511005555602
855552266337711227700221188223388442222446644774488772255886622883355336655668755115577778055007730008042006037601171116131014
877114477006688880088333311336655662211778844881166773344443377660000553388227722440030775577774455286644250611011126366181551555458
044661133668888227711118866443311228800337700884444220055332233335555773344775522667777660066663388345500015566210
14488334477440088223300003377118800556600664411772244478866336655112255557755222277773355332211558022631
244228855332255884411887711555577002233554444330044003333773366331166667766006611334866582
34477668811333388882233225522663311008833004422887788664411222211116622777755774455667733555514665544824066661070105030200
5443388557766665555334444004455888833552244225566116600662277551155003377118844680000220083222233372260570077401177377
6440044222277667755115533331166111177773366883344330066671133550000338855887788110088002211888822884411224455225544832261405
7444488557766335533113344117777224477333088443066445500001166660022007711003655440188886277558877880218242
844338855114455550077444488881133000066552222002266001100331122111166668877663366446622332254227700434
4446611557711117755553322664488005511666600778855667733554411336622550033888811001188772288440000620082774022421140412
4445544223355225533332277226655776622228866008833113300661111770077880000115566667711668811888877774488540
444334422666600554411887744667766440088881143004255551111777755222277221122486655335577883333880011300036315
4441144004422116646225522223366667722770033882288471188880055883355550088553322002246881155113300001600654078733318634
40055226666775566554411224488225533886688444466117781443300445555002277006644774422110011551163220003557363111373433232228
40033880077220055881166665533663355221122204477043377554444555577118855111177773311333324115833468888462646160
4224433880055660000117733008888337766112288555544445588448644007700221166668322223311335533433361557711475512526
4220022772255554477778877333322221177666644113388443344883377440055885533115500112244446600008355663366226681116611067
466228833551144331177880088111133221188222233336655224411663382006644774444007711554455557755861122666677342
466115544116600118888114444008800331177442240664877555566773333663355332233005511112255220076600022726
4885588770022227744003311447722337755115555771122008811884422663344152242180000466600667866182
48800333388663355441111442288440088552211776655664455557744777733444055881188222277110022004000683307225877537783236
00033662288333300222255448822334466664400110377884455553388777711775588881188557722774477067736886111321122041164342445256501476805115
02266112222114411551166776688338855665500888844001133442200330077000066004322772233552287771177857755354582555106411
06611118866445588332277665533336633443166003522373855448811008822887777224444225555778886771177001134000076222202166
08811886633336677880022771122443388772211661144665533775577447777005555885522662255110044006666882288300036007200145504888224244
20011444477773311113355338811888800555522554411661100006666551844007788772277667712668280443344556633775577403333208
2224455337766006611555544880011113333446688551177442200221188287700331144008888666634478815883055067777352
2663366553300445577440033338811447766660077556677888833552233773344222244880011113311221166117622551155554411084
288776655334433555511221177444477224411666677336633222200880044552266007755001111558844000277778811448825442708510134683868818
600770088554433445566444411558822666611448877776677227788001100005511117711338833003377440044228888123333553362120
622884466112266880077883355000011556600334433110044888444114422551177221111333711654455552244005537557777002222308
6661100886677885566553333554455883366880077330000334477664433888844662244111155112211771144222255775522332044477741650
688447777006622007766112255552244557755881155448833223377882211886655667744227288887033444433880088502414005466431350401003036603363
800883311445533882277337744006600222255777711332200444477221122666644223355668855228811555500110055111166775584118700033344846
82233228888556600227777447722665500441166335533887700668866117711113311530000540084448222562244220462110
866442266116622551144117711888844773314446666337788000033440055221766008822002222885500170044330077448877772233224588338812735543357530656
888774444331144665544884477771111883388663344003366000077002277225555112288553377342211006622005522226615604
4111188115588228800226600443355222233225500776677114466447700112211336666555344448877778848662277224880003051668177374
43333772244773355005555776655887755446611000033882255226688440066660088002200770011881122111133004277415858834222831322336
455331177770066228866444477110044882233000022111166550033552200554422555511556688557755884468114722227788883322673388024
47700110055553388116655773322886622777744661188883311775588442233550088000022114433004482551111554411226677664405222244413636068787166567220
11155118844338822004466448800008877773355221122665544772288668833003345002255816622771177007765301
33355665511554433447733884455772266771122337700444400660000778811774466111166442244114017775277662222080366663326882
5556633666622773322665511550077884411116644008822117744557777118888005588554422000044446833843344872222802253147753530
777884444225511665544556622441155888877337744663366113344338855222277005833006666002211112200826677118400003480414102328756864761772
01144881100665555441155666611776688228877226622000022227788647700330088558800446255337755777711631111874455212
033226666887733552244888811774466227766112222007711333344338866447777225511114455550055440000444422880411556655382
0557722777755552288446633332222441100225533113366447766880066551188111144001166660088778822335500773344261177115677004444888838503
07788771122334488555588446600225500883300441133772222888822006666331144333388117733661155444477445644080244221166227707768101867116526
1007766887777004466000088884411667788335588556633882233448866443333005511118733222200224422662255228066654454003361412
1330044001188444455553333442255883366006611778866662266776688777700772277111100888855224488228811221144115566557
1555533887777335511228888446611444477003366333344880044110066005577662200111133117711881167885560737255445588322274326
1662255115522883311335577778800772233668855558877556666554433882200884462447700004444006144553377450863281128876303433737118171110
177003366552211668833887766110022777711444466005555662233113300773377558844553355441111524400448888008813447788500
188662211226611443377448822441100557755665511776677113333003355553322552233440022220000880011558817336600663317004444668280764
21155227788118866220011335500443388005566336611223311002255330088334400332288777744776677007244248888444411446644585826865066660
23322777733112288113366006677880077446688226622224444002255008877665577556644771144554488553355888333743385216
25588665577662211775522003322772266883333771166110055114411331111884488778812864433444455447744000066335466667730770044201
27711002222006655113355228877001166662211117788558844448811882266446611225533115577330077443344003333886675600
300110066443311222255220088338844888877336611880055003355804466223344770022116655666683376637226607475555115547811172813142427
311880022112255881155133366884418224433446600664400557777555540770000835012774200422287323782671727603
32222883333440000777733776611003388116644885511770066762255224422665555668822112203111144115544558844760
35555774455116600225544881111550066227788552211008800546651223366663322226614770333042288338888287433740
36677331144332222774477776655226600334400888822445588556644668877118800557700455500001155111120617757286
377331177886655333344771122882222446600113355774400006677551188444488552255556666441155888772336633004433203380802
38855224411886666551111660088444488117755550077112233558800667788337766115577443344554133662255330000220055664100472
5005511333322223388444411772255447733118800448877116655330066334400778888336642886000110037002217558087774247626555220275756
5113355334422114488333711225544661111770035005577884444385522220044775555888822880155668866226644072278187236367606524
522114466112266553366883322441133117733887744337755557766664444771155663455111100118822777788558880554047003
5334400338844888822886611337700446677110022225566226688115588335555005544336633001111772211227733332248007777564747678000608
5660033330066447711334400445555443388446611886677885522772244441166668811001177335511112211553377557000220050882288842266522
577550000887722115588666633668855661177444411114400334477002222443388332200112255552288227733118811664466551103553882648
588228844000066552233776644770088777711773333221122661100448866222200113388553355446688005555115500330077883346775600263667416721114
6116677664488003322331144008811337733006055883511224444225522221155770011004411117711885500778864775555328
633335566885588440033886600773366442211552233000011682200554488118888777788002277222244447755532263446700676130804252874711117121014
655113311116644666611880033667766337722338888448822002267114411555544550055886700777757834444001170443333008120647100042
67788660011447722228811002233770055775566336622112244007766116655118844103322666688555533550066443333000044225822773344445463171
700114400005500332266885566776611223388336666557777331177221111663377444433335511002255558822008866222288884466052274248
71177883377001122553322007722777744887766336611004466445544222266555588552211888811551113557755038
7224466333366773300776666225588887777447655442278440011002200055566116688111155112233744411760455718484332386435143134
73355770044446655882277116688447722440055112211338833337755667766228888554452000011006600223311881154332266663366422256180
75588228833554444885500666688664400332233002244773344112211442277888840460633777766552263336177413311653381557711118
7663366660033446611668833001177002211225588551111882277223355222266775544115500881100662200440077113388664477778844342
7887744888833665588554400001155333322447777551144110033884433006611360044442211112222771166662077257738017768118868246507055524556
811228822220055666622552066443355551111334423001188338800447777214444667766554400217744553107116604163
833335522001177221122667744773388556622441111330000446600880066554422770033666637555511557844886644440144328888722
855005544555511662200773333663344227711440033225533881188668822666611552233556655772288331111777788776677002244884433000066001122221415804
87722000066334444001177007777881122666622552222447733554422111166558866775511443366883388556644661022880453282607641488474713033318837
044772244558844887744222233778822114433668866446600112255220022675533330000335500881111551188885555734
14466777711221111557700338811666688005555885511773333775500227722553344332288882233552222006633110044226622447744041187661454844
244111144001177003300221188220088884422226611223311336644443344558866774486225522860000550061004533555517556333273380778
34422226633001155773388554477887700556677221111220022448800445500003355227766225511661108666688223311336608877711775411846402844
5447733558844886622776611113311556633665533225577555511228800116600668877771188114411772220778455208444066644338
644441188665566008888112244334466332266117788770066668800115522550022335555330055884422220033662744004763173
74433666644008844558855117755007766226655771144668866770066001155482211222233332255331133552287205556330033410000218
84411880011220055776611000088772255338866445544226666227733335566774488883311444400443322330025115555885501346
444888811556600887700112288005555332255883366557733447788220022776622667777222077117754118866885400004454264466111141606
44488331155221188664477337777550022553366003333445577887722000078001144330044113322335555111106558633822241617272656281254
44466227700886644334411114477663333002233221155888800778811660000113377338877557777118844554611772288555500412222552247426363135208382
44411000055554477448822778811662233776655113322224400221155228844331111770066885566663366003388661122664422018833034
400224488444466117722118855665577775533114477334433000077668833337711163366662266403355550055223387008222006600104
40033885500227711774466330077775555445511883366448844333311000011113355220055332222112266116600662285670042534
422887733444411556666005544885577008811883311446644551133337711225500775522443388880022226677223322140000668822704
422886633111122008877888800002211330011447711883322772244885533661177338844664455882033552744337700557776004400765500667666268565141445455
4666688225566115511660000557700228833338866777766552244553355447711887744331133003377223322004422211144117811288804884588534
466337766115555775566774477332200338866553355884433114455001133006644441111883344222255221122885510227722300
488557700555522002211336622442227886677551144445566664411558844665533283300004400668877447777117733772388043546110811260631676188288
4882211881166225577112222335555110022000088778855886633228833337744667722668888445533115524336666442766114411334444006600330077338177570
00088887733885522557777117722334477665555662244007700116633748833331111882020445511553466444424114
02266116688881100335511337755446600777715663388221088447788555533336655223322557733445580550044224487264707476666762
066663377662255448822667700778833440011668866117722336655220033331111335566445577551144221100880022441182832273843464744
088225577117766668833337733555511226644550011005566118888553366338800227700660000443311330038115522116442384
20088001111226688551133334455881177664400554422888833663377331100227755553044356611887777882244662211444418448866774477000035723072552225006
222007711223355774466778866441144224444551111885588110088447777225555004400028877333377668888213311770666253345254
2661155223311770088556677773333553344558866554400776622220066336644666433880000330055004833288878114108482161812
28888662233885500775566661100221133554488330044776688114444006655331111555277771188442252226722446333673341632
6002288112255116688880044226633337700331133558844336677332277553344886622447777117722000055001188746643008825685555211100706
6226688223333110066778811665522228866663300771177443388334422553644447777004488885555000011884455887155411140508
6660000220033772277335500113388110044882211118877662233445522884411555511440066130054446422226757074
688887700115500778833881133552233774466442266332244558866554443118800006600220055110083004622777711222281776662114167375257211
80033228888777700663300551144226611002277884433667744664477665566668833335544553344440041660555073377118
8226688333311666633776655003344660066440088622277223355442211224488880011445555181444104437447755771055202
866556677117777338833552277006644663300551122555533332234772211118877448844114400004422003155081108524
8880000554400771166883344225577665511885533778844772222003388228877555677006600448811223322114466662266330014586613531
411884400007777880033886666773344447766113377226633228888110011550055553355111122552226448877557744554433331044206085602
4330044660055220077000066225544441188227733228800223344553355578858442211226611114400881177115377448867210168713318333363888
4550044332277002200551100660000776611446655880033553333444422223300887777556622115244884477440133778866338888516
47733221133777700552266004400223344883388554411555566662200661166776688228811442278887188611173112011003333544
111666633113355883388117788447733660066885522882200880011007711448877222266225566557700223333003374661188667053234450441006442444340
3338811668822888800006655332211225500551177664488558877770011114422331400220088666622663366178844335522771446054
5551144554488778800440066882211224466226600223366663355053377113344772277665677773311774888338811125703084
77711005555114433554411770077225522668833666655664400881166220000661133330015880033223377338877888856334444776844642244804450228273121
01155557733888877778866333322005522118855884422447700664411002222574433003344000088360076227656111136768141704661612
0336666774488110022116622444466006688333311553322007788556644117760447777222255228844555511888825880001243375442868738573050354034
0556600223344887733222288001155112255226633553388886622113666116700440068442244445544114467443722776572017181055501158
0770066002211227744113366116644334477888877222288665555446622000088224446777711775522557733330388335511556855031102637141811325358
1003311112266222277660022441166778866118822888800442211550055333344443355447700773377775577113300008855651
122000044660033338844443366554488558800886622664422111133771177222277778830224077667755773066668107470
133007700443344557733882211555588883377118866008811005500116633225544884444664477441144224403661177772277662236511
1557700114444221177330044005566550066664411113388880088228866883322774787222233331022552246353
166444455000044661177333300884433666622552222001133772288558826007700335577887777553311110023442688338888665566776634771415154
177118855448800338877005588110022115533664400775566330088444722223322552277776677334122882206226611116688366
188662222668855338844333344887766114455447711008833001155002233660055111177557777881134440211620555652708280728873427446
2110000553322664422773388111188668800225566550033335411228836304444667766047777222244023
2333322661188002211110066007722440055228822004411664466556633770088773300331155001133551177112433444477775577645
2554411887788004466443322776611553300337755116688226633111177224422883600771144774488884455222200113811200080255564044
2770055331188881100112288006644666655113322223366776600226633443355662211555522557777440077882388717163754141183088504860084
30055334422225522007788227711556611337744332244775577336622881188346600002211223722680011004444111555885505145
31155442233441188444466110077448877772266221133332244778888116688338866330014000066005500220034555566553700804277564
3224466773366442211881166330077113331225530445577448800220066554444117722775511443231085555282155877787670
3554411118866558800666677775577003366227733221155556633882200445511776611442288448811008833337788772255334433105522226600102235068854440472488
366440022117777332288446688000011881122661133775577223300558888224477804484225555335544415566776655107710666623403
3773344885588881122447777110033553388661188332233331155008822774400175544666644336600668877226677007780445412576422120222844
388444411335500334466885588337755440011117777115433112277221166222266110022007700042233224256566646333306018731478762874
500330022224466773344441188335566881144227777110066445511115577223377888800447744887766112255220055884088228855554311300
5115500442277668822112200222166556633558855331144770088883377778844667711773333661111330066664411005555774444554483207
5227722884444558811556655773344002211113322006688555511448822226620554477666633667777441333883350330006137646031
53311556600662222442200001133554411666633003366778804447733777702882433338833245555111177550611448811240467457725258711876
56633770022771100447788442222550033883311441188773300007755880011554444666600662211226611113322334488117777220288536333524768886167482
5778844221111770066338811665511003355227733331144666688002233443300772255008822001122228888660000448856445264041477176777444
58855553355667700888822116688772288111100336611554477886655771144118800551044001466006644448844227733775500774457632222638833134
611441155776677112255556622116655228844660064226300448811334444001111005512245588550000333367337755331748335783272
633446655116644226666771122441155333322001111774433773366110044777755887788114455557700772288444400552311888868213838580080002037606
655770088002233777755226688221100443300772255445566661122776622001158440000334411442247113311773333688
67755004444111155772222446688886633003311008877664433338822778855448811774400113344221148005566000022073355351
700443366227744556644222266110088775577115522335555007733005588003311666633444400113377778833332200011144112811784
711773355445566001122116666228866110077443333225588550000664466881113008822772200448833888877880422224404431363426752370768477
722771188006633776655221133555511667700888811722244666622553322333311220055000033004433885588260074440023661155741144710
7331144553366225555005522338811226655884411887788222200008833330026337777667744775544335566661133446601110804888405742
755333311444433226611773355000055446633006666882288886600880077662277770422116644111108445566724
78811441155666622006633112244775588442277770088668855117744554400228800334466116655007766773333223300005555310011343
811004488445577880011113366883322221144117777005522446610774422666622886644330033127755887733776633555514433385660085354065002
83344112244225566661111447733884433772288110044882277662266885533550077770022118877886677444400660000330088005466431
8550055448822335511220033337766007755228844446611115588883311336633006666773382662222556644772277000044002533241166534187774
87744772288118888226655550044443344110077332233662200112277663355885522224488446600554400666688616033331111338833780
0445533885511775500002244003366226644335588115566330066552211054466776611225558227777337702223322888841611
144666655552255330011772288442277668811335566773344441100888833221122440066338800222200550077554437118644570
2444466113300665544110044773366445511442277778888667744338800222233331155335557000077221111776122601188228833234
344885511667733888833221177550055447700665566668844660011552288223300455588002277111133114077661088763360035242620
544334455772200332233558877883377006633885555110000884477446644002211771133111122801166114300773366005777667756824
644551166113366553355228800007788332211003300556688550044334477773338660066667700824462227722342204126
74466221133666633220000330011445533881166447788442255222700555500440088880444111188631
8445533336677110022886633006622440088776666448888338855801122551166555577552222777722117744111144400055603311332233704
44477338888228866554433442222118811002200117711557744116622440066883333555533608855887788003377550002551262772233284317630775256
444665500770066008811030788224405332203447777664422662288336688557755227711774411448844354728056738687885851111216181355
44400225500446677666644778800113377443322007776553333661144881175660088882266886622887388441100003300563354223341112211522
40011008844887788006677112277336600226644225555774411337755335522117611444433111880556655445582446633023
400777766118822770088778888554433114477335577110010338833666633448866880066000022556677445584664300533622372
4223355776655556600001122007788880044884466221155881111777473331100885522441133883344336688228866332455016
42233441166112266224477884488225544005511552111888877664444338800110077000088557755003311336677771177246600266653004630674
466552266336688223377330022003322771122228866774422110077006663885555111144448844116500443000847761817451513010540
46611225566004400554411445588776633442222001177227755552244331188007788113322110033336677774448335533785516557843062
48833442266220000665544003311004466337733001122338888771135007766002255667722117777441111444455115522443644761288027228182868584
48800001122336677006688552200333388881144337788225577442244441100726644661133002566551155553355463343104
0004444115544220066112233332211773300555588335577662244550033666677001166446655110077771112660028008866887723440858143826384478848
02222334422117733664444338811220011555533110077116677770004661144551188883355886628774477666633775566050
0663322665577334444888844558855667788331166881177661100564466221111222200113377115233000033335433882866660077770028774424114477504807218
08866661177225533115511885522773333220066003344110007111133778877047755556655777766774442221122435508223881463
2001155007744772266330055664433553388778811880000886666554411444455775511227777002211110033222244006044246848382
222553322336644118888440055221133000044550033882288555577112266777755117766556611116622772200114422443377333314774466334444806666807600802
26677228833554411771122777744880044336655007733114477887755220055332255742222333388885566330066000088666688445555816620211
288336688117744005544333355334455662200118866111166557722337755530033226768000044114444770077773277125422148
600441122332288224400338800221188776677227777881166110055334488330011552566333355557755447711770088885588446644350078662656814111366
622118877226655444455884488114433110011224422557700550000661111774400773377668033334477551155220044116711330363538
6662200112244003388881155885577335544117766000022221111880088667711665533447744336612777788775565550077005377223312582044506
68844778800665522331166771133001188777755444466338866005500334488110000440422557766117722443826258
800005544662200335500440077558833226633443311660066110022223377441155552211333300885533884455777788771177348864776568242
8220066883355553344773333221177775500110000888877118855661144663366227722667766442244402287803
86611338855771111770011447777882255888811220044007744441188023377667722442283116644666633662511056604334455255505473333553321575
888554477661111000011771122556600883311668844553344846622113355552233222244003300228700444433777744207727541
411550022117766557788448822446666447755660077771144004433558866222233773311113333663344451166110011220066770000308
433442255661111228800885577882233665522447777550033118811445544887723573388668888337711563644441166774400117760446077006021384050010
455666644448844003300880044117788887755006677442222337711438822001133226611881100777733458866883535116655752
47777664466775511665544553311556622661144222244333366008800007733448877885555888833550011332288444300420068627700510032521
111338877004422776677224455883344773377555544000077443355226644668844110066663366228800886601665566114155753333032183112
3338844335566551166224400003322226611555533112277663377336666006644557722334411114440408833007777001522002216885588678888105548087745071
555772255118822223377444455442211553344883388663322661133007711224400005500331100885588111166556666888877884677776622704
77755005544555588440088001111778888557700330000444477118866442266222211223377225522776611667733228877446244114433553388331155682200636813402
011552211222233888855000066884477666633665566225511113377224422002088117777887711007700344411440044546
03300665555333344882266002233888844224400446644110811335566663377336677668866222277557777887722550166114742832581270711817155452311151
0556688445500662211000044887766661144007788551177008888338444227733558266336675333311330033228166520236418241222
07733115577004444336600552222003355441144668800006644227788553344001133221111225588882288775511661100281188665507417717276627756676366845583
100662222333388883366551188553311771166002244167766332216446668600013554422887722552200882277005500773588145555740
12222885566110077882200553344772233224411445544668833665511664433881110886666335577667733337744884440331066200
13366114488553300666688773377003311118844776644440011662288880000557788667755550077772255223333554461774422008277122214145
155778888338877006677113366558800445533116622884400110085002255223300555511866680335544224444633323443111776731214727774
1661133552266228844550022334444880077114477775544112255888300336666337733111100551000660017004277667726874
1777722110000227700335588774433114466118811668822551115556677140066336655005522004455338833334444884412442606447626685323730868880
1888866661155331166443322668800778844665500337700887733001100554400662288222211772255552811112511475566302
211556644881100885588334411338866770033000055445500668800117711887766116664443355337744773322007778440422333462622
23322115577884433448855551100661144666688886655667711662200004444117766331133003333773366007700112266445500222833552805354
25500552200008888662244664477115566557777334400332277006611222266778844443333774411335588331177553388776233642
27766118855552222113355447711667722880022665533007777550000442255668888114400662100887788648055715584441111201173337033246
300775577110088111122446600444455558855668866442277621133331177337777883388772411448828803323501
3111155884477772233770066660055001177881166554400443300773355221133441144667755553388883366887744442244880033227766445562225570851262028
3221155223333556644665544771122660054228811445833770077443344002252773366663311006677661166886628441188778888248443808
3552233000077556655550011222277003322008877443377116622442288333311885588117766667788884444668800225488634473604
366443377445566552211332266887700222255112233447733008800004444228844117788811166331100554466776600162200366610777724048
377331188554411550055334400110033667744338888442288226644447722002277660066662222116655225588361122348111351171404
38811002200003300773355116633665500556666772266222233225534664411115422118877888866001134882244770088077744345
50022003344228866555544006611441177222277424566225588000077335533777755776677115511113333116666381188778888201120883527084
511558888330088113377334466118800774488552255000033116600447788221177111100227766224422005722223644443634166
522553366775500335566332244008844882233447711226611770000557788666655111166222211806644227722041
53355551122776600771144554477446688110022883333661177588822004444886644331133223377003300887733863340116666226652225241511
566008844668811667766332255773377111177552244448888001155113333665555441188512222110066664400002200338877882288642277774233126
57722778811001166554477004455551188667744007533661133003355220088883322333388006688228872556633148854664266266
5887766225500668833004488667711554400552233881166660088224445777700001100778888056633661177213333773351112188584341475327431
6111133223355445533668888337744778822665588110055004400331144117754886633887777330422227722133348424
63344445555881111771133772288773322002244008800114411003366268866446655004477553311554488278747606305118355238
6558866335500442277226666884444664400005555225577111100776600224411338888003377553311773333447777887748112211451150118200822
6775522666600778811004466336655772288776688003355883344112255330055117711555544550332444488447744321161888822777422085402386131422
7007766004444882266883388441155112211775500001166774433220022556644553344005588008811110033006622771144777732228522465555761
71122115555882233666633228811888866001133110022664422440077553333778844116655003300661177338200854
7220055337755224400771144445544332222777700333344880022660066886666256611665366430
733448822550066338877883311665544222200885588881144533356777766221188660000770033005111004444332266602233613844046804127472824
755228811887777440055554411008888006633883322004466222255664422337722113333001111778855886611551126776355302
766446611775577336677223311682255633377008800335544771133441100005500111188112200226444251154088877885488645
811557788223344554433550066770077553388773311444266880033004277660000110085117711128242156655552220266636461746205
83388116666111133558800664455334411442277220044005522331188884477663300333322444488222211225555115500228866008377774436526
85500668800886600776666444455556022335533772200541111883311501144771177773322770048116848788822428262533363822
877006666448811558844222233110088880022667755663388221166555577330077771111778854001188334411227722546622000044543
044664422006600224411228877335566558822666677440000557755221111431155336633888855551100334088672255422277033323078
1446622888822110044222277111133447777880077553388443377001155117744116655558811220766664444036607333315772566730
24488552200776622338811440088441155773344553366771122666688883300554477770000110066444430446171318115103564258025055
344777722661166882288004488887733336644117744332211007711223300884400337788663355331133881144222200225500001111551186554455606
54411338800333322446633558877557788445522227735667777442200116655004434002211226622881100582088364148560866111171588681866
64411885577111133882266553333666611773355227777884433116633222244776622330011440088846677556600770055000022003344810042172515558540674
74455112222665533886688554488331144667755661166227766335577771188887722333300880033660066442211578822884200237700104
84433881155005577888822660044447766336644002244118877006611074488333355552255331133223344222288554455880122146
4440066882255220022441100775555336644885588660044777788008877337711667766661177030111881122114311527723484748363626588
44477002244332288553388227711336688448877222211558800667744557766440000886611666655556633778811773333118888330011004466203
444551144886677446688336666118844116622007700008811334477888822773300111155225555665544223377553355880044002211224777263383264
44466886633667711553311773322113355881100445522883344322255662244778822660066650077775111441188442744001168000058887851248080302
4005500448800666688446677332266116633444455665588223333113300347777662288881111771122114422000855551107552255478877486
400441166558800773388662266005500885566883377772277117755776677802222112233225522042444663333443366111133115511047
422228866557733668800331111777755114444661100553377118811338888334455447722770044116666776622112233226633330022556600664484001430708005224582055
42233224455554444336655664466662222115577558833777744773300116677006600331138008866110022004487228686317782625
4666644445511771111002233226622001144006688550088448888663366558877773355333377557700018814772417476783134555254305638
466883322336655886633770088553388447788224444550066226677666311888811112211554418007722773333003345771562874017577250504022220
48844228888552233116600887733555533774444330022551133664477114400445500110066886666220000332222663333446211117777507708072388276838112781841
4885577338800447788110088335522664411442211330022223333662244660077227755665511228877776677005588445533440011555500663311116611882250332864344
00077008877551155558855666688220033553388004444228811772222114411157766777733664466332266006622443344074233161253086373383848827
022334455330011771100331133883333228800004477227744336636552266222255118811557735441144007766448844424777887758582
0661188448855881144775566440055225533221155113388003344442277224455000088770077883300286600482688874013666623135376763
088880011004455000055663322006611443388668811337788221111665555883312775544442255228877770033336666776622660488535
2003333771111555577770055880000662255665844226633004477668877882233117733441166440368114444888863583454346721274
2223322116633448866441188777700333300111133776600440077557788853355551155447732661174662282044424543681067661412
26677006600111155222233773311887788004455334444665566881122447755771100005555885500886666441032028844854405127
288663333227766551144888833113344336666885577884466110033552222660077740088002233841111555544725500553000112200416
6002200772266113311110044666655337766775522336644557744118833885500662244888877778811771155882288442211222477086804340445616145554
622225555448866664455000044116655224433778822775588523322663311336677442200660011117711003300583388476611214151834723570337368
666441177330033776600224444554433447777006688332233118811608855558888228877884422111144820040025577115511022
68866776644117777114400332255338822770000554488116633555577330088550044558833112211888222442281110011551134446600775566520
800553344001133227722000066223300225544114477663388442266882222444455537700336600446666115333573318887788321864348
822444488777744338888556688000011775511557733550066447722660022554411110044527766778844666144221188116288634403032
86611774455337733227700777766667711660033888811887755115578554433668822111122884466222266302250001800540064241484744
8881155665511440066335588222288000044885577660011007722774433083311667733336611777711332266223377886666442205338455470
4118844550077111166880066440044220011778877555566551133337722223300881105336666335544662255226673227433814481528342431602161
433004422116633552233336622440033228866441111555500556688446600227711773344880088774455338888558833776666557755447772667104431122514
45577663333111122772288117755221155882233226600330055440022553344220044666655668866777711336611662700001144888853883358706
477665533773344885500006600771144668866775566115322117700333366222200228888444422666011224434111188216
1114455226622775544772288225533002244115577448888555566558877004422237766881100006600886611231166667777834
33355881155005533220044552233883344770077771111441122443300110066226644884466887788556677557766555166308
555002200008844225533004411447766112277773366667788886655222211118833446622444077556648117711331100116288233353872
77788330088115511334444226600007766447755004400112244888877118822885555665533554722333322552277338743168
011227755778811337766118822114455550044332222553366448888444855883355220055660033330000663341007700816677415
0331111663366773333778800775511442266887744664400221122444477000011556600448822552233881188885555883343550308665846261
0551155003366116688664444553344770044001100228822220000777722775577883311338811112211884414223322666633335566246
07722555566883377006633113344667755301111222266642244778855221144888822887777627711774022304
100880000114411112200445555007755884433016622221133557733338833777766336677444488666614660266447255428
122772244000077880044115500553388557777443366110088337700332200667600113355447022114488884444668866458822881555225568734
13388332277552211661177334466001100220088007766885544155577881655887722335514228822663300553336664400003434448454771040662242522777467
16622552233228877224477338811112220330044336666551155441144261188668844005500007788008823334027455565853
1775577114488333377778855666611115544004477662255888800118822220033443322112233668600224422844411000066374460807
188111100226644665511444455887788443333116688222233447722776611337775756622001176735500888855552211228800554411548833000033225388640
21155333300887700007744220044445500551100225544777733663311443322660066113355224488441188227722334400337766888856662388683814680
23311445588776611007777220088885566446688336666000063444477881155111122882277118844338802657755554177037733553308632
255667711666644113344445577001188223377330088886655552211006688447744661044222277553366338855880000550034887788351
2775577662244553311002266887722881177111144222233770011334488444477446655667788225522007730008835880056440122143607761
30022225511337700552200772233332266338800445588557711228866554411446644448877443311776688336611662240334601115848882101881
31155223388882244886644112211880088557755668844777722771144222266662200335533000055001100770044558811334444665288732253660438363676111161740
3228888555544556677444422006633112277334411117788447766552244668800443377775577118722110022226666116600550011558236451
35566441133006600881111666622882266332255886677227733884444554477446611448777117755778555115530118077000055202
3661144550033772288118855774422443355888844008833446677887700715544447600441122002222330011113311762211633322782
37733883322000022556655552211882277661177228877114400113333110033005577004488558800886688136606667622334444335512442474163845054885364
3880033555511331155336622007722337744447736884455664400448866660000222211450067087777552288524
50077442288225566448844662211668833113322337700440033885555441144775522227733330055111100118866667766000066557777888086163435358454402242026
51188004433000022113355552288116688883377886677227777334411448877665544663385306622557711775244770111061126664424440456015
52233444455335544660055888800775500221155113337222200881188226622770000666677776611665477841122504147371
533886655445550221111333344330057446688444488224411660088332222661177667777114422331156335288778812773377564
5665522666688110011880044886644002222885555888877550033662255333377442233111177112211551133000455772244778832044438214
57711552222776611003355331133888833443333005500111177885588004477337744221188770066002244666633220166440566536677586628182844168444845
588880055223333007766336688775500882244774422666611441155528833443311337777117700667722773222112206225866440451016654660184844
6113311771144776633001188444488116600225555333388887788550000662211556644667755222233226655180040557722408
633226644666688883366777733772255557766553344770066224455111155221100554444228822008855887755004411478800771177481130300
65500445533221100117766443377554466774411557777003300771133881166118844228822663366668877222233335522555588551622748888331568634
67722225500332288662244226688333344443366337766665588001144000044110055111133112566446544774485330077557737016177818711577
70055444433882277774422880044661100114477336655006688558880223377222211225511116600317766226677166637553784840
7111100663300772211666644118822223311774444227777005500003377555511556688113333660011220044334477332255226400224468008844888287876575853544514
722333344221177006622550011668800336644555544335577441122220022440055330088118877883388886633226611007711337733111146667766056655885827784
73344116600440055228833553311118877112244774455442200332700888855886688006655000388210788176666777723663376151
7556677773366114488117722553322227700333300228866557711116688334433118855006644558888446055226088778820774444241478037384055515435
7667700335544007788220044442244771111445577337744884100668888005566662288660188553322225522665555033383621
7884488221188771111008888005544000022881122443366661155006633227700113388337777552222667766220034556600742255558866804
8115511005533222266334433777733336600661188557766665588883822002244225522112237855500111000440074554444864466847
8333355113322221100553388771166443366552288220077226688880033101488554477666622550022445577558400800414642443078777434377370
85555883344661122227733331155777722116688114411110077664422006655662288225400003377113877888800886844770027501
877880088333322666655338811004466223377442211117722441166884400667777557733555588551155007711225540118863488823136
044118822446622775588111166663355550033442255115566776611008888772200557788333388554474331122332211728866884402660454844
144331188442233337766222211003300663344888800058822778855112288772255224411550444774466883644026654567758160
24433666677775500007700335544446600113377118866111100557744885555334477338822776688881166226633114400664566558800884177222235104
3441155667766558800442222663355444400553366001111332233002288443311888466661166820066403377557711777740051141073507252
544883300446655666622551155331111887744112217667788550033558816332233661288886644775555770000620012640058008453337433842440702
64444336655668855227733113344660055775544882244112222332200110000886666776622880021663477778877011
74433664444112288886666333300448833447755665577221155001163887777884455440022776088000144624422225522682207071111873
8441111336666003333444455007744331144771188886688110011770000880022552233555588332244661155665533775577887733004400664481663511242
4440033002233668833110077006655777755888866338822001111664422224411447788555540887711772211880611333376667566250526053511512
444770000112200222255558811007766008877338833228888443311885522334466337777445577117755111133335533003366778211550055661147266
44433000066225511335500554455227711228844007766557777442266668877002233332222116611115566441177224477331144883388553378155580401
444111177663366440088887777445511881100330055883388226622000022333134880066001166114566778222812240457
4007722225588777788221155004466223366667700113333554477112201774444227688552244555566118888111166548866031101430
4007744552200443355663344115511880033222266664441330088772211110011238888557777002688267
42288774433336677662211445544484700113355888833885500003322334088666600668800777711005577556655551177820042661166352
42244773311881155557711220077448844006666444222883322333388226633660088000033001768556880475513558787072
466444400773333558855441166004477557711113300552200115533112222666677880033663388337722888866882255550102187656281456184434842
466448822668833771177551155886655774422116600440077224433112233601133335533225555445528550887614411170563847784434777330
48888551166224455331155668800227700441188113300554466334422117722884400771100111122006600333322255746114777866643665377538
4880066665555333300775500112255441133885522882200337744667766002277000877331188444422445588116644017141061155111622621
0005566226688337755882233115555444477001122220022776600888877114488557744551177778844113388165533550666333366143302446644025
0228844773344660011336666881122005588338866441188771100337788553322330084007777227755552255115544556633331144442266111066748432221246562
0661133667711004444665500007700558877227788001111882211775522663300222233448866668888556622553333112244116033555514557814042
088666655330011220077663388225577881111887722448833228844271155114411773377555544336600003314667770668400244
2008855556644667733775588440011663366002288003388887788221188110077004422661122227777117764157748352
22266553333882277776600442233551177555522556633446666447733007700111100008800644411557788558877118888114405428
26677885588111177556611664488002244335555004466887744112200115533772288440008663366054444277711038
2885555336611663377665544558877884422774400556677775522006622660077008811888823557155048864338444114471751
6007711552211117733113333886622666688551166443344001122553377445555665588448822002288000088110066370044227788776547723832405032288
62255885500336655335511332211442222661111556688223377007777448866001177884444557711224411604477227733110463034877552207628
6663355884455225511885500772200110066111122442222778888337711440000887733116677660022336688003388226177704411555570556344330474813445354
6881100887788223377553344557700551166118800663311442255004477226644448844662277443322885566555588660033554411773333002200700011215676611138883
80011774444882211003311334466556677112222775588441155447733883355008866000066330077004200214666833327264
822885577555566118833774444008811550000110022114433666622773322331177225588887788441133338800445544886677665533551166330466042
866008844004422331111888811557777444466555522883322443366770066226611000077112277222255114822138807885588776533037545020563534
88800440011663355885533112277225544114466774444222242332288413366220066460022666655117711005522111766887755557788338818682567303500777700800
411008866440044445500555566001188887744883322884777000133557722661166662222552233334733778855882277554677165682124633630313820
43311007722662233773388004488224400332288558877000088112277117777557788446655002200666688833355221155661166313
455338855551144332200003344222211665588111122668888335544440088778866007777662277118844774411550022552288001136324
47711224433003322118822778811110055002233665588442288775522008888033388668855531151376607440488316666772704662454117446414
11188883300774477884466336666772244003344332255880011220022886644223388550044841166221155113311775522226533337711044
3332255447722445522002233883311226655666600668888553300557755887733664488442277774033770077113348221100115862204
555332255003388334422778855443355660000551166221122226677337744552288770026880077776633664400113333065711444411118811575477288864882468431
777552244117766886644883333116622118855887788004477330088850055557700771111226633661100114466772200225544222274003431528651323066660
0112266887711116633880055773322776666110000660044008866775533554422441155551177772288558822223311333377002255283348481
03333005500117744662288773355558888331100006688442244776633885533225522004488227711112211661135115577556644441180877706540
055668866665588445577881144117700112255554422771166334444330000440066777755222211553377332233331118551022447722082288083
0775588554422006600337777334488441122887722444477667744330002113388111155551166118466662266556683117455225501040
1008877558844113300005577881155116666338822443333225566553355007744886688834444777711772277002236114466211121804
12277443355118888222233667711117733225533003388110088337766664410006614555544442244007755778855880055004703184
133227711660022661100330088220044111188117777228800557755337766225588778844552222446677444472334400006644883355550076885566566
155776644888877444411884433663300112222775544226611667700666600771177228800333344665566214855113311005555335500002833278
166223388117755007788553300660011557733552222771188442244886666556688228877004477441111000088005511331122003333221144440022558435446
177886655331111338800334477441155777755558833330011888877335566224456337711440066882222881488542266660088470
1880088558811334422553355557744338844883300110077221166336666226655660066776684552222777784771377332233144464002200370
21177665500552277113322223377001188225566881122445555448833557733110044662266338888664477558855336600887788400777434306766
23300665544001111667755884477887711226688228811555566664411446600443344442200888800003333773382445500551133553311848
25522221100775544666655772266228800332277440044887711331155558828444688551111777700112883330000673340208
277664444888855333377006611668866224411007722882200114466678833880088775588118844226222330033640055000022555511556435404
300774444334411555500221122447733227700551188771177885577776655667755286644663377258844880088110044000063614
311336655771177661122007722335566667744553344773388443377555522778800114422664488551166225500558888228833330033224444668861887400654150410080011
3221122660000553366667766441111777788333300770022447744003355775544551188661144880066871150444433773344225231072202728
35522778822332200110077772255331166440022888855004477554466551155667766333377334432226577117745558808481128614
3665588664455226611337733002288225544004477222333110033551126771111777700005500118833448888114411544468506
37777112277668855448811335588226611773322443388772200552255111166553311446633662222880022345555770044000086007664447064142
38855447788668844337744221188883311776633661111445533227776225571000066550022005522333355660011228400330084446244813344116261522
5002244112288886666116677443388008844887711001144665588115533662266847755221111331177735540005200432220718
5112244223344772277775566668866553355225544003366443311555166771133006600881188773322117766110077446620001111482800483
5224477114466334455668866115555332255444411223355775500665588884488338800111133666644330077872277776600221177331100337700004422228263318
533338833113344118888224488776633002255556677116600008811778866884422861111222500664477446777007721003055857540452
566880077557788663344661166664444770033005522558888443355440011776622338811110066551188227722220022112244228500855537314
57744771133110022008855007788006622883300005544021166114488446602251177553355511158112877337777033386336646765
588333388445511441188774422111122556633226677664400006611777722771155778810775533773355003340423300802
6116600551188885566881100113344440044554418443322552277442242880033558877883377773300772233331500006622102
63388007777113322227788554444886600004477442211551111773366228811005555770022556611668888701188241124550355331144666656440344330
65588882266777722117711115533441144776633004422006611228800005500331100116666884466227755660088333355552255773388554488640077024
6774477112288885555887766553300334466445511115577886622772200556633110011333377332244335833684444214400775000441168006818238080248
700332222886688771166001177884444226655551111557744335533666644554055000022552211331100672273330833785
711227755664477665511881144661177221155330055003344225555220088337700226600662288448888222244333355773388007777445580440001031
722888855664433555500883300446622336666887777447766002274005588222200007011331122111143225522484181038575337543334
733666611665555776600114455000077118866442277770033112288111133553388448833337755880022332222556677221177882266334433044404147465187205424528885
75566222255110033446633558844555533664400441177770066771188666822112233227722444477443333113370011155042
766118866662255008811442244885555663333117777113300332277553366554435110044557788887700774600111162880000626
7881133221100661144440055220011666644662244225577330077770088885588331155117744336600445533554288755561118842627383734122333
8117766552288334488771166338822554477772266664400115511441100006688004422770055557758885866003366112222446677445233331203743354430628432
833770011552222005500007755668844002288886611224422116666778800662233225511114455443300331655557777141600876647304
855557788448888223311007722774422000055004477332288777766111133668866003333441122664466208830258805445677516636566
8771144447777661111333311778844226622330033885588160044554433773355775555627700774200002222453322128
044333322227722330011664477778888776688000022550088662244885555884455441188228755774466773377117706551111336611510
1441188334455001155662288551166442211113388663322220044335522665577447711775533667733000030224448066615487846882
2442288110088227722002222551111332233337711885588826666555566000011557733444433553311270044550055275544003300774466448633841
34422228833775522115566774444112277225544007777116666332233110011446600482266220733888855881188755533551655086688424
54466226600118811553377666633224444558877111177227744008888441144220000223300336611221160635563455522551503128223338
644558866003355331133000011116688110077551144220055441177888855772288447777443344667733776633665555224444883388226662287563240020604335008
7446600111166228822666677337755334411443300227478885572445511744800550033881845552255465566861
444113333118877004400663344332288553300111155445511771166221422226688666614665588002255550005667755777788820
444002277332222884422443377776677446622663388008811000066007755558855335511886688214
44433881122445522661144663300220000554488886688007788447733110033775577221111704322333366556666222255553355115508760
40044665588775500556611885544551166337788333300774433111100666600881133553344882266884477772255227766771022128
40044556688885500551188448877000022667733882233225533007766508866444466114411331111666244334777227711778377436
42222777744448877001122113366771111881155110044114477660066117788335533773388880088228846668866556642658855700
42200110066227733112211663355223377118877557777445500880022885566007700448833458866664677661177882222488846500
4660022116622226655558888335522556688772200447700333344882233885577666611112244228844443311330000110077114400680
466448833665588776611226677220033330088882255445533886666334444114422884430447711115511775555007788001100005211862277368601623242270
4882277662244443388110088660022661122335500007777551133221188004455447744663377115588553306687888336342257145616
48877331177552200665555778844772288111166222233770033668466660000226633008211001133338511854
000886688114400444477443388558844111188880033336611002222887700664466775544550011221177116822772233005480776202625243135343277733778
02200665577110011335522115533883366882266447744111177223311887788007777555511262444000055003300888855881488670044642
06611555500338822446655334433337744005566332211117777004588116600888833118855776622772266775540773366664016830000228
088001188111100666633114411558855002200444422662222447788884688777755771177337742113348354
200004466555566112255110033553333771133222266664433441144881188663577667788774422882244777155001111605838440808588
222330011885533116677337722444477005511777744006633556644336611550044888811008800776600228866883347112277562251438
2661188881100554433885522887744115533334444662255550033004488227711778866667766816635665511221134558642423201470227375727711
2886644443333773300006688338855007766004422552266334477445511001111665555446488775533115563220033524722336088880788412
6003311117755002222444411448833886633667744004455771133334422330000110077335522778811887700553322556622661555184082028
622443300221155444455003333667700004466884422227788116600887711775577773377663388551111888833114400566648610
68877002266553377112200111155662211664422882224778888114488555577660033336633800755845524443355140677432343061665031
8001177660066771100333300222244007788220000556622113366663344441155228877227777448844225555112233114466550043773355332266116648111577054
8226644553333112244774422223344667788885588115511332277221166337733005544887711440000338800668833555500444577560088461
86633661177555577662277880088334455004466551100330000111155807722666644333486068281667444114421340
8884400774433886633444477008822662211117777885500225577335555448711551100112244114422004466116600330006445283223651368
4111177331133228822116666556622448800004444777766887722220011445511003344007755558855778888338841223302654
433007777005555118833112288558877222244884422556677440066552233771133338888003366668866116600881111001174664825704
455443344775500774466882211336644220066337722330044441155222255110088117711112277738870228844888855886655557188005140124000326
4774422778800662211004488881144115555446655775500224433776677033303113388773366335566664444551266182282234403253
1116666113377774422667788110055550066888865772211224411443355118877334444556712775544770033008800004488453333602
333003322556633661166550066002211008811552266228822770000553344117711447777887744446644888863504121113738384758085761872
55566553322443344007766338888228833337700886688773300003355004444774466220277771177811166112211426666460
7771177882244334477000066774400883333007144226606220488110355228888445544118855115574664686361111265
011113366888844664433776600224488005588770044118855003311777722552222000068647711553333008511654400774455775564478141226102721233834352832
03366668866004477113333551100557733075507776677226622883311220422225588444411553344338811888855552277882233774488717328040466463546111145616
055007777220088444411771111334433115511224466888866116655774400663333748800222266223188558816447830004016760665452565355
077887744888800221133111177110088447766662222337755112277226655001155443355883344225522004411661188224455667777332288660683038
10077334444335577447777226644665588778855332255551122001144221166771188338844870055224400445544163333666622331022800
122002244007744666688332211006622337766335522667733885588880044771177887755548866116644118811115288444272560651436223413313330
13322223377664433334477773355554400112244882200662266688844557755000077885511553300558800338811886442883088725560452
15588118866337755771144226600551111336677332277000088440011002288223301666622225522446615553355645504143314844477234783876777433
166775588333377663355444400886688447788772211332222336622552288006661003300555533882414246438550020104
177881100333344557733001111331155005544448833222255661166000088774436224888555522882230227755326
1885511667733884433778877111122110088115577661177775566333355001144225522440033445533666644447744888800446300005588331233228262722
2110066004466441111666655113333002222335544086677228818557744220707332254336633183388884458776688047777844
2336633331155441133557744337777558855003344548811007788222266446611666654001188667700008800520022887722771177332254776443084
25566777744885511668833338822337766441144330066663322112222002266227733117755778877224466555544550044440000558844780031518
27711117700115522002222557733226600777722880033118822447766334444333366775588666655661166241100681125114055304
3002211007722440066446666113388444488008877000044335588334422556622227711112455001188115555452
311115533668866773300222244447700110066642277443333883355881133226455008888005545557777112200772211882255614
32222337788664477558844334400774411882255777733667722888800551144881111002200885522146666333388776655661444254450330000471016206686070
355004422551122336644443333448800111188774477332244007702775566777766337788446666883388665577114455441152116623017311013
366001144887744772255771111664433555522333388663377880077330000883322445511002211554444112222775507776611840266728
37722770000335522114444661177887777331100448855113333883300880066228888116633447766001122225555365566882248602
38844661166448811554444331122667777887761003355117722114422885555680000111133002200771188222277008863223577358
5006644772277774455776655884422443322005544441122228822668811661177333366000088883354007788003300213371831111001140434
511778844336633225522441144554422774466118833331166887722112644005588666600665550776111001150002300481133485
52288660088771133556611446622550011115544557700555533331100003366330077775677442266885400665411778822220244332488880474484388134
533440066441122448800556600116611888855770044777722551177110088665588442211331144666633222233330033715
56633111177775522004488882244007722885500884446662222660011551141880033330000555587825547671133553322334741612021006
5773377888866776666881122004433552288222277226633880000558833221111001133447755553333003622356611664466540
5888822661100663322553311776644002222773355667777228877111155114411884488555500445544446088007755774433338
61122111100331133337700007766551166447755330088552222666633888844881155660066228877335577114433444411772244225588223452027
6550055770044558822116622008833881122776611887788663322337744333355331100228800077755554466773344771177224444225222666681548406414601330
677112277335588772266665511336622881100770022115522330000338866885555774455444411777844225533114400188804620
700886600556622774488881177884466115511007777334455004433776633006644740000220033668800113385321111225522318
7111122774466007788113355444433008888447766442211550066110011667722882233225555885522220055333388336455748
722003333445511444400225566001155776644666622335533228811885555886677443388224700880055073366111133112211022546337777868651630751771
7337744668844771111667700113300776622772200224400554433441100880033663388226600665566600044448864228888558875551455321
75555336655660022226688664464000044883311552233778844334477110011221177227777042244482205774511118888054
76644885588007722774433446655553300112222113355223333661144442200332244773388337700550066331155116666241566702868108848782048800
78800660055338855550033228888110011441133008844668877444488665544221182447777002200004455115522226644334406223376761365758333135
8114477887766880077555533557700558855004411226633006677445522888844336611660000110033354446615511817731121252320242771227772
83300333377775555440044118855772288112255224477111177887733227744226666551100113311663366223488668800882436444456107600502060046
85555113322335533115522888822774455448811772266220011114400225633337766668800442222443344773300070752160
8778855886677333300116688225511002266441133776663445555446044771188005522888844840077557777443355338277022233224361112175614
04477228844668800337711551111222244883322660022553355558811338855775500552611887733331177778888267746330011408866462
14455557766008888441188336644224488667700115500556688117722226877440033334433110000447200223304425533551133711165421
244442277113355660055115577443388883333006611668800008855550011882200334466440077772222665522558811117755423666267700402631076781412
34466554477550055556677887700662288335533000022663333881166441111372222704444558844885511024438880255220666068
544336633227744555522660033334477885500771188887700112200441144223844448832880088111100661166665511556645724
64444000044550033116611115522335588881100886655443322228822446688006677333377775533613302117711820
74477883333446600331111005500221177335511886622444433776677000044001144220088007276884455225555338874888233222266330646157585428566566
844117711008866663344553377220022332244336677550011662266555522557788111188007744776688885588338144442280448544630333551214022
444558877114488333322885544222277556688440011116677770000773300666500337761774533110022334200426
44455554411666655225588115711220044222266332244338822110057770000337733330688886604778844034482331181336147674
44477006644555577668866772222888833227755112266252166660000110044111144003311774426115544607711881133558855038878230
444882211886611557755558800224455331111222233337711773355440033008811336633441166660077006677664477772277888858774106225656814262820
4007777665511884455772288774444336677552233888833335555447733778800226633446688520000110033004411331144805644217706015
40077005588332255223388114444222277224488553344118888660011003355777788221155668800667766664433002477111120884363337751331167487
42288005522777744117733008844772266333355667788668833885500225533223344004433113377665544555600110004824211666611820
4228800002255338866660044005522330066117777113344448811554477003355668844664366227722221122433577358858882147511
466333355008877775522441133772222004488558811114455776600228833001122555544447733667788003388668882331166662266500
488336600112255226666775555885544003322117722007744553344111155773333882233551100550066378800004437002718781
4886688005555661177882288883366221122225522331144446633441133224400110045335577665511550077764000233065854081816
0001100772200223311117711338800888822664433228877337744227755256688333366551166778844777766663488662055554455304
022225566884433663333006600118888776663778822338860883400005522442211220044441144774465003538117777211100748
0666677007733668833557722886655553300004422552200117711337777448844776622778855115566441122118033334433126633805544058504445617546
088772200555566771111883355113344001155882266227755223377442211660033664466114433330077338862880000444482225022447707641314532
22255557777006666330077665500112200005511334444111144771166773322446688664433775544002288882211885588415533338833172
266446633115555223300113322448866776666007788770055116655333355773377111122772211000033881177775500441144334444554400880028442748283
28866772277113355223344663388443366114411115500226625116666007777447700444400003377330011776877581
60022001122113344778833773355445533667722332277550055114422663644308888558811884488762244046681665171115282522444110
622887744666655227711557777554433334477336633110022558888441111880066881144885555001122116322226300882200004422344
6665555773388442255663377445533668811777766118822006600772244748800001100222211228888358
688551188661177225500667700773355221122771100882244226600116655662222005533115555774455443333003377558833887788000044477763623
8002277446677338822117788558866331144888811660044113355440033443377776687000055550011551122556611865532662222342204744
82266007788667711008800556644557777004422111177555544443366224400113322773377666511558811888855003300002288741122552233553344631
866225566337744000088222244778877221100336611667766441144883300557200113355338888004433444455442844655501715
88855778877553300661177770055883311334433660022662288665544556677337722771111001184114400004444663333864
411222200773300886688117755770066223355553366663344225511665588005500443388554488447788228880115526445564446107413
43311222233008844007755558866447700337788005533444455442277226622887777117733338811118826110011551144113677646
4550066008800551177553355773322334400770822078877118866661155221111226688555566772255884433774488333388822244244
477550044443300332222558811663366227788552288442200551177331188774453888866667766111144112233571157770822664466048
11188665577444400223311664433882266228888446666883322005555110033553333000048558755425522771123777723634505673787670
33311110055006677778866220088551122116600227733444400337711341177661144555588880004774488446288324
5556655443300663377447733335511334400004444664455227788885577118877772222558866226611776600331111221150524411042208223811480
7770055332233661166228877445577222244883344317732660000111100885511440022554411880067144048188828458525650
01155111122556655333322335544006666227766778888220077113388348877772288004411447755008844468855881100222211686247303007074
03300110088663344006600555544881155220077778800224422887700004477117733118855883388244677233355332655666688812
05566330000443366553388882244777744886688334400228811664444226600645511887788007711772255773377001100335555011143223
0774466556622220055553355004477113344338811114488666677661122885256441177773311000033001800682
1001155771188223322777788331133005566224433440022550000668866665511221166444461774855552288003333888812226372007848753540804
122776677775588668811774444772222330022665511887711440000335566333388332255224488884466445544115577862111670044305
1334488441122442288117733223355336600444400778888666644552222776655443311114477446633337711551188006555685577558822002268308
1550022771111881144884422661166003344331133883300008877006655225566772244555577551855882232173444666688663408062
166772244114488003300665588226622005544666611557711776644004422338855008888637700110077775188778813632277435008434312122282533
17733445511000055442233553388443366333311337744476666111188330030114022557777112222882266772277888877562208164
188556622442211664466774488336655332266886788447722004433331144003377334277775577117700882100001111250
211557755558800228833005500884466331101773366771166112266444455114422487766553322333355666622227722025547778855237706034
23344448833335555220011331166228855336677330088224455006611110000770055442211771144660033884411886228115888778801240433247757237747677
25588112244111144660022338833337788882277443322886644440000667722117733001155116688552222662203553344554477555566331577065507666427180
277666622663355006677772200223377555523332433007733442400885566554466113366000033880041664748886688310141112
3007788334433556688002255881155332277005555118855446622886644440011117755771100882266116633667777338888431130306
311224411338800442200005500222233660088333344668877552266778866447777448855771144554433555588118820337733210
