44422331111221166115522665566775577663366664477228811448822778855883322550000774411886688435550660022003382422
44477442222771188221100662266661133551155338800334466443300224400001111228818885500555577007722008842554833331865887045632
444778855335566336677668800228866225555774411227773221111883333004488887155003388446666420055400080722
444888844226622331133221177227777441155666644337788555511447700222200005588668811880088330066001100745
40022553311227744558822000011885566551177335544772211003344226633007711338866116600446666776688115522888877880488343506211144144645775557084
4003377115533555588443344220066110055002277886655221177338811441133662225446644776633330088507757774444888806887326066
42211884433336622448866111177446688335533885522003322550000116600770055610044114400622263112233008733476
4225533226655773300003355660044333388228830221122778888445511117722385555801144110611562
46688445522775588228866778400664477223366224480333355665542661111663311771133777760770000201100504
466887722557744550044333377112200331177001144113366558844008855430066110076223322221111555533552248005510288
48822442200116655551122113377558855770055668888440088114477446622631188672233225533552222817733000033334155471
48844334400007755336622444511114577332211886677110066331133001166002222777766882520337721256645054587855743570
000661155226600110088220022223388005511881122445500444477443344667700337733330077776644025
0227766774411886611775555222244005511443377880077221100330000883333888855884466662255665544447422836633420
06644443311557788880077336611002288772222113333553388550055881166003300440088224482666677111141854011770001251
0888800114466338877337722661100445533223355116644227711777755552200666600002255885566550744882288113344331186224411568
2003344221177116666223333772277445544008822881144335555222011213324115588338800007700273311006677557766550044660566353
2221122442288225588003300557722004488445521774403554466660511664477336677771111587766114411337753888866544
26677557788885533001177002288440000886633115566224444881166005500771144552200664477665555443333666611332233773348227722522
288002222008811887766335522558888443381778377446644000011003300555700660042465111221157116322777722634
600335522221111446666774422441133884400226688337700461155773322886622776642007777550055187788106
6223311002211880088666677440066338822661144668888337711558811333300555577554411225511777733443366003322220000116654442244827
666335511445544885522220011770000555577223344110022882255331122118811113366008844777766226688773388667788037711665588842
68800664455553333663300005544888811008877778844332200117700440077331111885511335522334477662211226611558866003422227442414
8008877337700001177441100776688444473005555116633445544888866002255222266220855082233336666443311335326511184214
8662266001155338822880088776633661122004444333311117755771133227722118811445522446688558844264400555500065511034414870
888770000881111444433221100663333002222778822007766550044664422666688662288331122558855253565418805772131675157384777417
4113300885533880055440011662244552255550022334422221177003077114477886677776666004488887742668846112208111155665572851276358
43333112233665555225566440088226688002244111133772221001177116617663355886666274467738855430060403848705008188
455114477662277228866552233883366771155661100882211225533116600774444666688441133222200224400337700001480664500457777554
47722005500336677445577662255115588880000446644443300773311440088666655554422333322228822777788517700224633812263406
111004455886622116633000033334466775511447744441188117700222233887788885533124433554400555500665522036688032833766608448614264
333004444002266881133555533665544332222331111228844660077558800885522776622000066667722118888661177882244771144277733834
55511222200554422117788336677668844663344338888002233114444553353000088547777116611887744132277007722406600162
777111166008877227788336688663311334455661177003355443333001155880077448888446655221144006677553322338822662255776666447732224440420
01188557722662244553311225566880066443388116677003377665555222233666611113344433355008877771100773300086632017747583
033550000666655556611338866221188008833227766444422447744554466004484111155117711001122225522302
05566443377006622333300227722447788775500442266774411220000882255884488881177334400763311332211115555335511444655760038380
0776677443300664466886611441133224477771155008888445544882277225522662222066633665566055533557755123333828
100448844550022005511225522111833770066661877441422880000885566226633665547667777332222438
122550044221133002277884488664400007700552200888811882266224455336688003377333355551155666111474723471
1333388886633116655223300004477557733441144660077774400336644555533558870554444228855661111224433221174880088366682520
1555588552233444477331144227755113388222211220033225544668866443333663377116610665577770055000088880077887722883455341400456
166557733886611003300440011887766008800005566770504114422332266222255228888555588220155111133117241264373481355433
177550011113355332233665511003311660077004422226622772244447788554455220026338811888800886688777766771488364
1881155888844114466668833334433113377887700663200117744002271225522221566550055553455442285748266000044724442303616264
21155553366773311447766880033441188885544551133005588223388660000662277881100112283222266116644456662008711157755204
23311220044334444007788111177556611557777667733662255442244880066001100550000333322221455228833558867002848285
2550000118855224433446611444455778877440077662200333322113355880055660066770088666688883554777711117730441166527724802641215107563
277008888443366552211881133335511663344661177222233004400338800007788774111555533110055764855667255883322482683766601412506254
30077333377662222665588555544661166660066888844440000221111001133443311886677114455775522550055364422448822308
311112211666644110000220077001133777744557755888844223333004488334444771155662288117722668822227766551188555526114400554088060
322002288666600668844333377887755226677663388825555000077224444553355816644114427111133115700147744677
3558822550033446666553300227711443366440077000055776622441155113388555544552233221044884477442288331888175567320
366552244772277557711004411666611222266773300225555332211164448008888338855884055006700003333420077651
37766335533661166778855446644004455112255224477005555777155001100331111333388723320666655662833002433448866000414244688081828458
388003322447700887777445577555544888822771188550000115522221133772266228844335511007600444406114411117811231163683
500664411777733444400552244228877225533336677118800884548666688111100114833556600220077662266178
5118866008877447711226666115522773333004488441400337700001255662233550022106677778812224422036644628
52277445555442200557711888844111122553333226655110066116644770033776677334433114444687777221158113011786822285
53300117700448822662233446655667788881100550088558000660077333366113322063385111144440744115555225544557752443722228687771181266641676
566334477662222006666115533772233667744446600338800883333000011005500226411885511114455558888604
577445566444477006600005533882277551144666611886677225544880022663377117733668835228584207777801111550085504031013761612
588007700442244113355447755220066663322225566778888330022887744401155557777668855118811116388217711431
6114455447777118800117744443388552200332222772233113355111166770088441100664866555577666600226622183300033367834
6335588667722337777556666007744220055001166118833880080441133111155771122114466226644555511734444847403036524333325354
6555511002255777744554466443333666611221166222266773357228888332200584477117788524448111133114633776688770033880040706
67744662233335511225555226611006644448811885500556655442200447777338833113377117788775533460000770088880363230588616155772
7006622001144222211551166338866664411331177773344774433555566554468004444887711118811007722333300002255005522883822484
7116611114411883322338811224488882288664477333377554455668855005511772255246666006677008800003300740024335846204
72200003300227733776622225544008844228822443388777700723366318800448811447455550055888866006688326646111170110121316
733114411880000664444336677558855222200448822772211333388881122551155777711776655662266811100116322803344502
76666002288111177116611447722003300007733662277444455112222333244887755554466440044301888558807882255370
78866225544220055882266334400333366668833880022443322110000777755551155772277117733770044553355001111444411222304665566148476067523164
8116666330066004433228888336622773355220088444488007744551122555500001100331133338877586611541174721111422
83311558800005500112255338877448866663377003344007783667722442200444655552222771133226622111166117766430511477735775542328
855442200448877335522330022441133888833336688664400331155111188228811666611771122114066222277772255775555337748480
877443344111122554422882211007788880011444455664477335555227700660000481177113311861156772222475
0440011330055225511661100226622170088881655663366007777131063774477887755883355773388553333448862772233228844554444222208041
1445555117711132200002222885566441577334488886655226688774433661755338833331400558800882233006600746666324
24411440055885511110077334455332233116688221188883333661155442288448566777766663377006644443380112255000032746
34422220022771155775511440066778855660077444477226666224466558866445555005533663333883322330000888874331188068811117288425
5447700666611885533222211662233002255771155111122880088336688664422773355001100778844005522665555660000331133337777224457443381444481746042034
644446633221166222233883366000011226666550077661177331144118877881100557755888855556200443377448844777702772257133354540
744551166440022118866228833553388441133112244336600333322005566778855448877226638114444223766600085007700110045215
844008822116655442244445522555511331122228800448811000622667711776666337777556644687741553355011148332273488858636
444332266881155007744775522778866225588338844117722888800006600110025530057008377116677661111835123634313303737704
4440033888833005577772211771166441111553322446633113477667700778822225566662266112288551140668042000082352275001580254
44422115588110077553366554400885555000011227777332288447788006677226633003333882566113311666684164515260623435
4446666885588228844222233227733113333005522443344550022117755551166770066000033556655376631557788372011408041254071810
40055443311550022668855222288448833774477330077663333444466441144221133666600806041220011117711600
400668811776644558866774466225566555500007777554411880033442277337722228833330122663355221133661154882233224166020101411
422554433228888000055338833550011227700772200884400336600661111771100446622116666882222665588655511556411444488734
42244888800004411115500116611776600337755336688773388446666556677222254777711227744421133114866478833330088507700526
466114422334433222266225500007722447755885522773377888800338866440011115577771177002211267748776683331133063366065
46611777766662288002244008833553388660044448822663366447755552200772233332211115511225577114428110011888846887788550055865
4886688337722888844558822330044112211336622771188117755008877833077347744661111001166777766663245664515470536055
48833882222447722663300113377885533225544666655117733403500880000668866002200477711110577621188775277484
00055775500776633446666006677888855662200887700113366112277331155551188664477443333554444225533223370448111021173038162428261422
0227733550077666644447722667700331122887855553388006688445578113344333322441144004422111100116600882200015588352
066440000333311885533001133888844666622008811225566114411002244447744880603221111558822775555778677065512668226336505452353437
088666644553377772233888822883300771188003322775566885544000011220044113311110055224422117766222266770022551155006611687733335587478
200332266776611330055442244331122880044886655110066440000281155775555887777116688556626017788884455218
222887755886622667733770044006655777788885500224455551103227711556611263311116666883333881188048844413346064
26633221122335566883333111144888866775511336644446611002222447788005588555500008822887777227733884747666655470
2884488222277003311664444221144337755666633665500771177334455225577226055558855481122004861888877883151011232477767480
6006677663322550088880044118822003311552233005532448877002466116688666477881177771111051
622664422337766333311665566660000774477336611557788668855882200111133006088441177118022112277222244445544605500325511448407543
6660033774411336677227788664466228855558877114400445522338833005544443344224477553333221122668844835200225220815060701160011181710
6885500220066552288335511662266660088005577111155554411333366773303225588112211445533442277556644446744886477684
8004477006688112200777788885577110088337766774400224488663388773311117755222211555544550011884466553366226600330004333347225582723
8221122003355334444775522554400774466110088778855115588114488668888427777667711773335666111801162228240226040655500500
8661166668844883377881144441188557733003311007722221133551111775544000044332200533366338422445622760
88866775588227788552211666600118833442233330000332222441133115555663366446655110055007744335533770044554400277728706
4117766334400337722000088333388666655771155447744221111004433116644662255227777882288885533550055884022618811330011214323656705155737587
43388660077114411115500223322887722220088227755226677666611662688440044447744634423337733003355445533605565848787077311757511855131210
4554433665577223388662288332266000077005522002244776611778888777755110044666644006633118811648843401
477337711662255778866660022332244551177553388115588001188221133441122227766183300388844004444887744670000842
111440000336600110044667733778855883355777744330022008800663388882222886622112766668500772566553326154
333227733555588115500338800447722000077556633001144005577006688551100887711118844113311778433445544465530222237774611225522426
55500005533551111331100443366665566447700776677773333883322557744442288445522003346330711558855481122117868223808887182427162214
7774466334422226600440077666622882244335522550088330055337711770000220011888855881166115511114311038847521
0114422117744007722443311112255005577883322882200441155446633665533556666775520660088668888558841664511873377010
03311882222775500444400885577336677663333884411330000220055558811117744225544888875114466668866110288023342160
0553366444422227711332244116655225555660000668800221111777744661144551188335577885588881333003344007733776677508
07777116622553366332200337755110000227788334455665555884431308855442214005522660066882222888804166647372
1008866226666117766002288332200005544553344668811222277443366556633550044111144221166775588223388880711877735244
12222770066881111887788666655551133552233117711008844336677772266116622553377557400007822115544664411444422447453448303238
1338822227766221188112200772333115588448877552033666644661477880000550088883300277748663555765515460
15588111122886688557700008833772200776611777744221100667711447733335500227755440033888800448877824466663325660053001183141654436623464
16600777733331155776688440033001122666611775566770000228888663322553377882200443344551100552244462222385555880066483
17700221100558877445500665555114433000044771111335566667722333344003366446688552255338888661188227755778811228843777762016
18888110088773311443322553344551166660011554422333388557700446644111177667777447718663366824
211112233220011881155662288330022224400661177555577774488772255446644331166007766773377114888436633335533403386504
23366888811447755001111880066110033228855331514558833882244002216334444666655557777441255467712778600776622000086426732204700572
2558833334400447700554488002200662266555566114455778877332233667711372244221122884411110011551176881188607
2772233886666776622007755778855665544781173000044663322887500331144883344112211552244555588005511882611001114353
30044001188005533882288883333447766552200777735881155557700002222756600884444666611116688662211225411085
311332244004422556688441155337744447711117722112277338800663366776611660088775577778822226644888865228077002030114185410505158
322118888553366774444550088770055443388330044884400331177112234776666227755661166441111426688124
3556644117733775511223300552266883344447788771111000033114400448844666655776622882255477722038888532241822
377885566221111445533551122668888666633440011000044338822336655442244775588444488005555227777225022206744187733132
3888833446622225588448800663300778777333355111144004455668411664477115522112233227740331133761185550022001100865
5007722882244004488332200008844257766234455260025441188771166110033335511338860555533115581112707443307844
511338877550077000088885577445555662266664466776655883355224444112222005533773311554433330033663342372257880041886688416611114811782
533110088887777223388117700555577442200445544882211337788668844446644330077552278006600111122661166663366751184115400232
566551122775544115522007733225555886688442288882233330011116633772266771181446600804447778666457742422216250615336763570383134
577446600330011553344332200442266771166885588008877762244111100051188883388222255554488112233550644440133714
58855003311441133554466228877226655116611008822771111557744338811773366334400660000444488442200222211880054525077586017083308832783733
6118855884422772222001144115500006633226600778822887755117777004488008833774477113344665555335566423366886666281100330055412
633773322446655118822660055556611666644006277884444115577770088333355447755887760774455330388885522223144317722512
65511448844334477112288557700441111667744445566333366001100880033550066224466888866117777227766664022220077552268773832555532358540021
677332222558833668811887700444422774433111133554411553388221144771100116633776644666610665566220077555500302
700442288337733443311557788113655553411888844005511410031668877662222552237556666774722661712458855060
71122225566226611115511776644338877557733110077886655440033660011663300004477444488118888008822114411337722428832302
7221188110011556655334488554400888822337755511122662288000033667766006611330044443333114411620027338717445700578
7338811335588007700226600008844224455552255444411003344005566772277661188668822220066221122832233666647417141615
755110011223355002266665577221155228822224422770066888844667766336644337744554444003300004855677788773388111188014
76666442200225566005533446677337722668877551177112244885555770068223322118833000033338800888844110044715522211
7886644115566665588111144335522662222442277550060888833118822117777337711247760554440400033685870107340233323830
811888855007744777711660055331155556611112288220011002222114410887755444455773344664488443355883377224422332266833384006
833887788550055882244337700334466777744886611884477332211331155557755336600116622665522771111776688000044440088864420754
855222200001188223355880066550033446666881100886622555566778877228844116611331755332266442244443333002214557633660055140
8775566226666337766882277005522880088118644004444550000110022441144334422254733331133211126115511660573658
04433116666770000881133005566554444002207337711553355088855884477775577664411112211083333223344222255114633672
144667711881155002266005577007788227777663344117755662211222200443333661488665533772233544400001244728854568888764
344553388441188883333001177331155662244228866110022775511116677770055004477666600668852007711446644008222537722623
544227733771111553355113300663311668800338811007755225500228822001144557777666677887700886644665566147744443344124405584
644228877556677002277444455776622661122441111446655881177778800771188331100113300003388886600821
744224444775522335511114400882255668855887711883300338800446611772277776677007733222288886600550000116622006655557155413
84444557777112277224477440066003300222255888855115522008811776677554466443333886666336622668833770011873322878
444115522770044665533668811333355880000330022884477883177445555008877664422312266225511885577116606124432166677340725663824886547788
4447755006622777744338866117711888844002288224466330077331166008485557700552200003377665533551683334325401785604723658
4447755227766886666222255664411443311885577330077001100226611334455881111771155112288883333880088778822337722463320336600006535450
444771188775544220044112244558833885533332277007777666633001177886677443355114466225522226655664488115288240
4008877666688663333888055337755444477111133004411556622557722331100664433445511448011773355000022677745558211827701220
40066333366113388885533008844442222555500443322660000112244776622117722775511448877771111667733441100774466668866445522880788270
4224444554477220033443333006688002255552288667788771188110055116633112266557766111888223366660000770088338466448560401323558377350777453
42266778877774455557700552200775544886600446622880011558822110022441188334477337711117722738811666611222366553300800633335683164
4663355667744337755887700111188004411006644445533336611220077885511684400552222554422115500330088113341457
4660044002266116677880066442288334488225544400011113355772211775522227777005555885533220088114877188863633
488005522114466331100008866002200662222334422661165772288113362447748773377775555882011118855115547650
4883344225588551188666688887755224444002277001133114466008822110077664477881155777711237724336633884455441333006616204
000663377226666554411444488881111001133446600776611662255112200222211773333552233008800556677118877882277775366847
02266880066775555447788661155334455222200770033888833000044664444114433666622774482333311337766056635072166577101712184042
06666221155334400005577555588667777338811887766884455678833004422552200223311112244448855441133772333251160888827036
088003322448888331188226655886622004422225555111144338877110022774411773366334444557700005544775566440688446677776661552233513
20088331133660044551100111122332211882266447722224411442255557755444625886666776688007788881177000033773300650025256348453333587
2228844778811221188332255556655117711664488008822443310552233773366662277003333550077442266330000660044445544602015857534041
266445577335555882222550000660055442211884488110077772233774477661177115522002244441122887755666624003300111167814313638343332
2880011118844333366553322664466110088556600776622006688831166777733866404775577448277023355558133015511224
60055771111226633665566661166443322000044001144662255558855118811553344117777552277887760607488880455044868323548421242282
622558833001111660044224466770033113322315544555566664488778855310077668844077734775888071177218
66633884477660044888866443311662222885566880083441133337722442200114466551111805555777700603
6880033001111441166226633888833444466443322882200887733777711774422448866006044770077650005113311852
8002233668833772288441177551122553311881166226633334466771100550033552200443388886666448877660277330144440222445545777702158825632788574
822776633553322002222330044772266552255558811556611336644224400770033111100667755448833338877118888551166668866008800557411250
866112200664433773355222244888800334455110022660008111677775577444877683333882255332277121
88833224400445544666677448844334633553388007788556622775522112222551111550011771133061146426777673187010
4113311110033662277771144221122225555664455115544337722884400448888330088778866644177557733220077606352624747023343833
4330011117744225588335511445555446633772288886622664400660088223311007711667777661122220022484333456655300
455776633332277772233441166003388440022551144666700778877115555335588550055642222117088382204881122686
47711004411443322002288007733448877442255222244003377005511118844401133886633331166665500668885667766457777200
1114433551155887733332222336688225544886677113344770055775566004466555500661166664855324100002288008888174
33311778833443322330022887744550011008811118866776611662222660038005555775544114422552244804777365566320
555773344774400336622883355004433880088777711001166333311332277884488886655337700556600664444500666846612441672023214222
77711223355665544882277553366220011883311332222558888440044773344352266770077660000666644111100221166114444663244285
011777766000044668833225533661155888855006655773355556622664444110022111133775700331122333300586633448844766144224408082
03366220000880011004444007788442277115577223388226688332288776666112744330055441111885500233311334600667531655
0556611115500223377880077444488446688553388881166222288336600882277224422118866447777613107375141270711787
0778866444455440033550088334433224488446622558852880044776611220000668877005733001133336658221188881111016272617142322
10033224444118833117766442233880066885533554466001137888811412288220000550088777700772115886577356
122552277555577222200335566111177774455004477882266668844113377330000554444334488771102442288336633885588662466476
133006644667733440088774422443366883311556611777711676700112255004055552222111188558888228867884027275573253383554375133
15511116644228888222277446622445544883333414366775566002255553388450011220055770088558800006655278866332300477727135
1665566222255335577444477223333118833882266880062440088655544558844334411773300442888550000287717881487675
177888877770011000055551188667744446622558833114422445522335566553333441111220022221133227633003376440044780
188007766777755447711553344228844114400002200446600552222668833557744888100663366555211225446223322433381666611331111703
211556633441144558866665511775522550022224488557722331166113355553300332288333277660055442200444477440644384468226711077
23377553333667700111100444422224488556611888811663311554400227788662211220000883388007733558877776688406655771177264347460665013511452
2556600882244554400441166333355117788667700665588005522007755774433776622661144222233444466664033883302888847385501211
2771166773344002244117744772211880033666600008825246655443333115511283377663300668866444425338877057855084
3000044001122881188441144886600668800778877113311775566664444774455116244227777638822557702220722635555023
311885500666611555566004455448822223333887788335588668811117744662255224420112160777700888800002377234
32211880044331166662200227722882255440088337700774422213333000066881155111106773355336455775555877784644
35544005555224433006611775511883333884422008811226633113366221155378855770044776600087771446666810236527482864416725224544
366883344881166552233880033112277558866114466774412440077885544228888226622008877244645666845750000453333201
37755442222331166113355662211227711887777220000883300773333886666005555225511550011117788802287643364041144546
388336655007711776600116666442255224411220000887744337788440022368888558800557700318866775566148816355518244
5005544662200777788447700661166335555115522117722776677118852883333443366444422260044000083831683041324566
5117744222200225500553366667788668811885566007758887722446652112288332277333344114433000066223388008822661100448844445703540311513636416117176
52277226655447788333311336666338800886600001177440044223322225511555533556622112244557755807777116677664444114463770301048
5336677116611443377880011772255115588775555706600756666224488444411881122334400832300003383310044605
56655443377118866770022115522885500553366220033004457884466006644442222511166334407224488226688332233335133861121714
5772211663355007788884466224422881100115555222233443311887711333377006611225511117400558000260031465536667540864680456
58888223322664466001144443366555522447777445533116633880077334422778833335511112255668855415500887761881130003022110841722288620
6114455220077553366663355004422665566882233887744664400118811554477888803441111667702224433331122862
633114455883377338888552255118822446600334444778811113333220011557744000077556666443366886678410088002288712
655117744447722776644666622888822443311335555883333221122663344003788553422225577552236000077118800111100677705614
677558844888822881155551188007777876600112200446666870087117744006655332233557433111133336622110033805501624
7008877118866117722777788006622664422003333000077667744088844663366665566082233222211225522813311115511041144853444354474550
71144665544116688881133003322002222443311772211551111886666440055885566208877400018006788477755307
72211447777117766113300660022557788337700332222000077444488441100446622886088558888115568773333443362642
73388881144774422770066440033222211225511001111331188220022660044666677886688776622333300550083557755337777243
7553355115588662277443366118811441111667700110088007711225544003388552200448833334422223300226655660055000066668281345464776447773177872
7664455008866005566775533338811884477004411444400001133777711226655115522536611007722774466222238778066842
7883355440066447766004455880000115577110055667722117700775500336611441188442244448877446822225522333388532
81111778822555533885522443300002200333322221133556622663311660088007711001144115544004444770066118233667766448051237733442464577747572
8332266660022007722880044440088558844882277665577442255111144778877552233335533881122221188862244115546777711770011003681306
855222266880022335577117755008844553366114411004477000033118866556600551111333344337733087744662277224422038811221158240
87777553366882233770066444422772200886622667788116633000044002255224411771111888844773355115577661133110555665504666453243
044550066553311772233661122115544000011337711880088555588186622443344668877666677888840338566075522663512557742870
24411664433111177001144666677773366880044885544774455665522518844007711332222763372881104488821234
34466550044110088773377002255882288332222005533663388662233557722447777444400664433331177556608551188867711245
5447722886633113344008844227777116644883388112244558822668877666600661100007700414500330015667733775577851
6444466228833118866887744552266338822442255004488556600661111557733666677665511332222335533447711633077755588114400117000302
744778844337766227777114400880022442233445544435533661177003311555522110011330055038888558816886678364
84411661144442200002244336633330055445511008877118855888800777766882233552222774400662215337733247723446644857603166
44477776600111155110044220055226644886633771188116622331133224466667700882255007733661177227740665877584
4443344004477887700005566338800337711888822112277446666552222555511553355706611662266086
4443300004488778844666688555522225588880033770022335566442200663333447777557711883366553311773322441100776600551111254
44433665566002211118822447722226633774400662200007711446688113311555500880048777788557755334616427736667762523848386288870
40088004422220066661177226622118877443355441155557788444488111166447733007700558822550033885533331133228833660026710
400006666337744771188002244668822665522888855001122776601331144884611777722223346225575110555364671658561554
4221100440077778877551177008822771188001155445577666677334466337744881144443311333355332233064411112244761
42200116677446644005533443311770040336666008855668833888811007777111122115511882277662255228877222233765588055
4667755887788002244225511557711117744335544001100884411881122228822773344776633777700666655556600003366448266153333204
46688440044770066332277112244110055228855558888221133445533661111667722333377443311773300338866614488777755626
48800224433117777666600663322551133004444001155881166222237888855005522111144556688661122774462007710008838457038782545355
48866225500884444226600220033881100112288333366443300006655227733775566117766667700772211145555371468554414047582457232251
00055778877331133776633007722558888002211003366118855662288664422274444884455333388116688215555008835404
0226611777733006600778855888800004444667722337700881122775522882200336633553311332222115566665544555244116624714404364486842
0661122116655443322335555886688111144885566776633002288220033117788001100007700550084666622664411871134772277544
0880066007766113333011188441144445544334477881177112266556677223388227733222288775524255577785588331106668166446624863353740
20088332266446633334488666688552288775555884477410000773388003366557722551155404622118811222277771177660
2228822441177000088330077331100661188663388440033777744778855553355665502021111666644668266033344827
2660044111122113344882222881144220066445577002233880000771155884088555533552277556666337766773333218877465
28877881188557711336666112233002277664444667777222255332211116633770000662264888833880088620033555544558155004424001054143
600882277003311335533662222006666334466118877667755772255665522448888332266880044778811002211617733330011215555414
622553355887777111122223333228811557788007755118866661166774433113344663366003388444455442244008835556055202
66655227755882211553311332244664433335500273300003144007700888866880066777788771177456600476635772166111101254
688442266004411777722887700113366222200224400008825332866558855115555005577552455644433448811114477118467454377673353812167810313033
80088884433334400117722447733220022223366886655885511556600331188330005777744666611116644114458227752821
82211661133777744555588666633117755442222552244338877888277664466773344007700114111003300006655333366002266823323504
8665566224488778855558811666600554466776633334444007733888772550033664433114411330066111155110011723322112222002285742
888117722553388550055551100887700333344222277443355440000771188330022112204556655284466441155844
41111337777664466330055221166008800667700442200114447223388474077112255556655331155882288887322662222434
43366661111228844448866883377331166776600880055118877002200665566225500003388558822664455554411001155221172347
4556622336688882288441188001144886633553377332211770022227711551166555577442200887766443344446611324400447255467066003055852006650
477118833228844448888668811336644337766333311001122338822774411445511160022005555335500777755442244685588770033457722604
1116655883322448811001144771155557777663311884422006688666600003366226618882255228800885300238877004457440464144
3332244221155552266337766885577443366664466550044002255111122772055881188434888306018700
5554444223388882200558855666655000088117755221155773322774466777711663358776611114411001133118866006622224433440022684700330072528
777006677443388776666001111665588662244445544000022007711884411004466333322555522228822115577226644227855035511223311330811780
01144116622775533118811557722004488006633224422221133446644008855888844336666007788226677668555005512370000371540274527773
03311665577227766001100770044445566775522880744084433661177111188221133777788773344662266335555333322558855188302050
0555522110011550000885544117755111166114433332200668800224488444400772220335533663311330466667766471127078
07777886611441166665533775588444477228811887700223311550055554455773344336622664711222200660000880033004745225688538823235018833
100770000117744776611222288333366002277880033555522332255664444005588887777116633773344384422667725441144853061315181104464508
1223311882266664488001111008888665555446622228833003377006687660000553355115500221144552255871177774444333322024
1332277003344338833777755440055558844664411007744772222442200445511556666773311665522553355080622114448223333086
155228811665588007777005566221144227744661177337766445544888833668866003388557188220066332222508841224022335311330
16633666611775588660088007744001188114477112255222211005544330044448877334455777788555533550033337700006244123318851723846420232
17733443366338844448811005555220088771122116600335544111866776616882277553377885500222266447744223322558833004400770003331808856462851457224
188227722556644337700777733558833338800448877440022668888444422445541552233003322000011222288111140886611660211362788517756310
211332255335500004411777755442288003377668833114455662224336655201111006344774441585848882877286
23377221100558822771111338855001155773300002244553344008888086688777755447744114422225511661123166646067
255224455002211556655440055113388775588111144774444668866118888333366223354332222663300334100880066000016664200772277304
27755117788886688556633552222330022881122558800337711553311664400550088224444887777447706518833834
300443366444422005511441166777744773388224400770088886666558855445577884488001133110000333352117766332266002276212
31122003366110066442266662244556655228855448833772277667788005500773388774411333300223344000688881188643324447461782
322336644668833331122444433007788220011008844005511663355777711776677554811337722773388770066662216180045000027452
355004433666622002255223311554455882277224466886655778877551177771163774477606344112222114488555563883322633301011
36622664411007733334400888866667711774488335566552211557722442222880022000066005543001166111133114788263377038
377110022667755220033887733224400448888114411556644336638661177660055778800668844221122554455551130027722246
388445522887700337733114422113344881155771122554333663355332220007777260055006655556611001176764680866
5008822337755883366887711881177772266333322776655113355553311662222142288557700330055248887338477846
5118866774444337755222266446666110000773388004400665566227788333322881111558877663311221177116688802233601133557777224455447701442205350554125
52244440044885511447788115500110055446622774455666655887733116611220077664412884433336633777722667716855533038
533883366556611114433118844006666777766448888116622447788775555117733552233772200001100222255442211227700771156004411305266828
566775500557711228811772211558844778833770011006622663322552200334422445533554488000877666611664388677743618
577334411882255003377224455335522333322227766338877448811668844665566770011000044440022043366660808885266111128362151317648614
588006655444422771122004455667744003344111100114433883322226622888855553355007700581133000026008824778877776666331188464
6111122221133552233118866773344770011002288224455008877117788000433884411554408881685664466662277776605775555333377420
633227777338855006677446600882266642211334411115544001100002255222288117700551122031188333368871163557
655448877446622777755337711735555113333116644332255224476111100760000557833001122340088002455885561550188441868244428188
67733008811331177443388334444885544225588663022110044668888447722006600111122662237116611451155665555005537003645266
70077778877440044552255661122332288884411333388660055773344331111446622224488110033775544771444200060135027630
711333344112222776611448844331188553322881155882255447700551555001300446600662266778833774444557723800080340
722442255773300332233774455886600881166447777115566880023111177005544888830650077853755518
7334433661100778822551166333322667755666688660011114477008877448855550022771122224444664455776655888400662287772385330043713
75500443344114477003377113333115566552288442200008811006622112222355577311808225518664455444838777766772856378607466
76644558866001155778833006655110022666688007777334483825533643322003355221111771122775500556443114222872240800
788885511006633005555007700224455228844116666440044443333665577558877442211335533111155461122223322662200114833760
811557755338844888855116622334433118833001111441133552255882288661100336677880077117700004400554422665566663377772222445556020
