000668888115555113377331166222255223344443333007711224477008877666655775566336677772266118844664411440741110855335588332805482501738
0115577335511888822777755660022663333880008444422331111774411024404843322112202246666458507665533771133055547872701614
02222773355771155331166668888007722555544440011333377775511112288338855887788114455660044884477000308667766541
03355557777111133888866665511002277006633337733446677554433662233112211772244007766116688115008774222620822580
044448866222266880055551133115533557755446677332277778877228888221111003300001144717066333366661842402
0557777551133331122228888666600771155006644445533552233221111772266774422440044116611003366220008114633068855682
066888866222255111177333311557755004444661133778855334400882288114411224455880077227766002211005555664436554000384677774637170
077555577331111338888666622220088225533770044443300550022884411551177114477774688558833467788772212456602326
08888222277333377115511116666555500336677775522118800004411220051772233226688334444774433085424640
100888866660022225533337711555577774444885566226655006611112244221133883344568800001177227733116033614
11155333377888822666600002277555566887777330055886677221177112233113344770077620034006224110011642485144
122666688335555771133770088220077333344446655881111001166227755228800002222553322145566330066003310443407667777847744248
133335577115500006666888822221188444433007755551122664477224411008866777766117744660877331111665566334455332811440
14444888866663355551177331111221166775500008822003333776655222277224400770044777744334456487788306
15555337733888822226611117700005566886677551188116655003333442288774477227777662233224433007714446044031
16666555533778888222200005588003311552255773355444455006677663333886644334422336755672244881122114408551844783
17733335511550000666688882277771111444466552255886622337788002244330044887766331133667705661166441122118833885552647
1888866222266000055551133777733557711554444008844331122336633330033448877445500228800447766772255338422746
2000077333377555511118888666633882222444400115577110066446622885544114477770055336127402355056845280
211337711886633555577668800002233115533444466003333227777551177228877336622558855667744884471001111422240706
2228866660000881133771155111166777744445577335522448833336644775544330033110066220044221122780011440074126
233777733555511110000666688882244443388665533440077554422774411552255001122226611330088116644728878032
244446688000088662233331155771133551111660022777755553377887733222266776666334477225522118855882288442200112066440044854
25511337711557733338822008800775566444477221111006655552277770504666622331144332266116633441122283308445851740
266660088880022557777553333773311112288661155117711885544445555005566224433448844127744223000440034682
277333377551111558888666600002233557722004444771177881188555544880055338833661122664422228066550077663400852
28888337777331111555500006666770022224444338855336644116622008800113300332211448877117766004466110055112866557844740
30088880022227755773311774444667766115533336644555500111133778811668877771144332233556655440004882288551633466622025
31111775522227733774400226600008811003344113333555588446655668833888822336622880055115500445544448878666644742
3222288007711337755887700666611555544442277226633338844550033004488111100552311282866441188883855316674308
3337711117755552222008888006666116677223355444488115533446600331188668822662255004455885577370055640002824
344448822227777113366668800007722117766555588441155111144550088552255335577556633112200110066773333888544216600237786264
3551111773377008822228800331122666655776688444488550000552244115566338877553324777744667720664420778886001166204455802
366222266888811113355775511773333440044882233771155338800555544460088420000777720664788770036774661202
3771133222277557733116666885588225544440033663333006655110000770044660022008866776644334458005266178877421
388882222777711551133557766667755000066444466221144881111772200110077332255223300226655661166880088670055883311228044118555443344024
400008866661155331177335577222288333344667755668855113377001111448844402206062211226642771161088807882875838323036
41155771133335500007766222266770033116655118855338844006688886600442288111177555522337733008833661144666633448822447722112255887777444566420
422226688881133551177553377000066440088773333111100445500228833884488555577446655663366667777115580332233447780116600772277644
4337755331111770000552266662288884411665555113388110066887711557777333322112222447744225500776455644460440033623
44400662222660088881111771133551122887777557733774422005555333311550022743300338855883366554411001144664488447800782
455773355113377118888222266660000558844661155556622114400110077770044333311117744112233228833886244880088120
46666228888331177335577115500002233775511338800556688442200441100332211222777444481447011116600858
47733117755113355666688881111440000222266557788220055333377008855442211550011007711660033006611204444664487218
488880022227733557711553311666600446622113344556677668877775500883377443333228861772233840077000055554477803442551142001122418
50000662222668888111155773333771133551177556600228877448822334455220033001100880056440074241188331166112466543
5111177337700002222888866553311226633448844662244778855552277772211008877550077445588225566444434166680406
522666622000077775511333311888877335555882244441100667744332211776688553344222400330011557700550026008166171
533777733111155112266660000888822557711336644005544775555887788333355002277222233228804220433086677662211770488544
5444466660000228888771111553377331177775511448822772233880066886633662255884477667700330015664500822
555771111333377662222660000777744448888331100335522112200668855115533667755663388116655886611887788064477284433034
5666600007777115588882277226644443333778811334422555500663300335511446688338855775533140022220044770055445488474
5771111335566668888222200007733770011444488663388447777553333117766003344555588552288004422550122451181554166223322710
5880000886666111155337733117755554422446622557700228855114455660011888877881133338833668822367744447777164
60088880022226655113355775555007733774444115522114433111166110066662208333388448822336688118872845254212
61155551133777733222200007755888866664444118800112244552233117711110088553344887788447766557744668811663600227702842
6222266888800005555771111551133553333777700334444660011773366441188225522112233116611002277550088666655448844338833028877885477263
633115533771188006688332244448855550077774466665577330088770022881133884455117722333344110011114422004611225522758
6444422880000882266111155773355117755885566222200118833331133777711440066660033443388627700774477823322124
655111155773333772222888866000055552277550033554488444400441133116666334422117711885588774455664477883800668264302
6660088880022225577115533113377774444335511007722668822446622333366775566555522118833448866111177001122884477805500320
6775511335577222288111155006688007733334444000022777711770044555533665566331166225588664422338833014488882266120
68888113355117755337700002222661111555544445577333388005500664422007744110011225522885588778833448824008866556677263366030
7000022888822666655115500886633113333443300332255335577337711114411774444554477775555664488006677661100558811807782116233840012004462422
71155553377338888222200006611775522660088444477004422772255886677664467778111331160118244336344840077405513202
7222200006666888833113333553388551111771155664444112233778866336677661100882263007755557777445524247707340
7333355115500006666888822111133662244441144008866004422556633005588003322337766557722228877883388564477448844302
7444400002266552233557733111166888855667711770044332288666611883377662222550088007787221133664462445511205544115584710
75555333377111122228888000066665566221144441133110077440088667733557777005500223322551188558811776611668822778455443344720
7662222660000555577113311553377774488440088773322886677554477006666551144224466888811882250334433011124144
77733335555111100006622226688887711330022336644331166338855448844770088337788220055227755665533225500776674660044021
788000055553377113322228866665500111166887755226677003344446611776600227778114433883333554455115588885633040
80000551133557777112266668855663377883333444411110022332255886644667744001166227722445544861155552222118422814755330040603
811113333557755666600222200773366774444117711882288770088884400005522772255004488555533777788003322331122668866551155883344554433806627664421410
822223377113355117755666600008833334444225577773311553366114455007722003388885555226633006622443327880844041644765
833111133557755662222660000778855888800117722773333777766555511552211446633444455448866661200440066443685005700247744108
84444882222666611331155337733330011114477775500338855557766000022556622888800446677887744552233558833665544342
8551111553377336622227700667755008844003333117744113355226644663344443211007788116688772288880000212188204
866222266000088113377115577331111665511005544441122335555333300338833442255002206114488447777440755887788268
877331177222233330000885566665511332255771166335544442244550077664488111122118844114400555588337777886522775063680
88822666622000033337777117722881111444422225533110055557755661122770011554411330088338874007600648
000666688882222773311775577770088776633335533221133771111555511444411660011224422881188667788443388554466445800520
01155551177337766222233886633118800444466553355226677113333447777883300332200775588770088441122550055440288114488221166864436674
022227777553311556666888833330011335588771177664477884444886622110066332233667733770033846655772200774600508266111181416
03377553311557711666688880022225511330066554444558877776622333388336200550077000011008861772211118477348555256044042
044440088666655111155337777332222881122007755557766888855443311001133882211663333572266227744884466147
0557777551133331188882222666600881155225500774466443344447733771144001177883388003322887766336622112240661166784
0666655117755773355222233888800774444776644881155550044225322886677008874002611333311245300003343701
077555577331111338888666600222277001177662288337711444433554477226611880066774400884422332255112211064411665522024
088886622226633115533773333007755111122774444335577770033665544000066778833447722442233221144880011004466884182860666164
100888800666655551177337755331111442244662211338822001155441166772277770033552255778877440044884446885022223300700
111553333557766660088880022225566113322117722004444558833663344227777112288778811882266555511668000667744775544301
122666622888833331177557733551111440044880011556600221133441188663377442222330033224855000055552255308
133775533115577000066662222888833220011116655117733885544442244555500226688221144884477446677663366458877880522530
14444886666555533112222880000556633773355003333226688115577117700224455882233662211330011125524240064675544777725141
1557733551133772222888833110000666655227755004444334466338866447744111188221122332266116600330055556688708
1666688000088222233773333553322551177556644447711113388448877772277001122115500228855881100440076003462426
177555533113322228888666600771155880066772211441100118855220088778824663366540000576683002777043344564
18888666633555533112222777733775522116644447711003300550044882288778811772266774455883333661155113344356688580
20000777755553333113322666688887711776644778844115577440011880044224444335500551144846633665522556122337733454300811100602
21133771155773355000077224444662277008866558888333324338800660055551100364455311188112635666688740
2227733337711551188886666005555776644226611330033443355004455331100111177000022112233884444006688025588224488552288120
233337755773311774444228888006666007711115555335511445588776622661700883388620012725522254484604
2444466008888003377553311332255771166773300668877774400111188335555005588661122333366221155110022663344338200448544722
255773311775566668833337700228800551111444488776600330011334477227788882200881188550044112266222244006611000434286676352
2666688000088551133557755552277331111007744445533777722558833447766222244118811556611221166002200688862887488240
277333377551111556666888811330000226622444477770044882233665577887711880066117722112222886634667422058
2888833117733557711550000666622333377774444775511118800770022446655448866776600113388116633040688225722014
3008888222277337755117744440066667711115533114466336622660022550055665588776688004455447788155244223344338722103010007
311773388881155222200775577880033336666116644440011114433772255663355446600413300558822628833484088602
32222880000886666111133775555771155331144445544226677330033335511006688777722776600778888236634885566250
333771111555577880000882222777744446666113366885511220055221144338884002244773322335533007755667700664486554033426637201
3444488882266662211773311110000777755333388771155113377225555223355778811886611227766556677446644114455004400824433222205442586330686047
35511117777553300888800222266661100444433227711667733440066883333772288557744660011220000336622118866442255007555884488214
3662222777733775511110000556688883388550022114444117766008844666611880866443355224455887722553346774122655542816
37777115588881122666622000088776611884444553333555522336633225566003344331722447700440025007744854
388887711557733112222006666555511880033226633777744668844845533554444227722333300770022447766228000440016008614375052521
400008822223311773377553322666611336677441155778877776688662200221111444466448844771188003355885511663300555500112655633
4115577113377550000222233666688447777331100888833225511664444224400667766553333003345661111772188660077885588704
4226666115577335511337722888800118855004455663311220077008822333344330033867777852277522254846622447766806
43311553377551177666600005555442222888833880022777788667733668811445522003300444411335577111122550644887701882211662244026
44400666655111177775533330088222288003355557711663311226644223377332255000411883388115588778888424
45511335577331177222288880000666644220088111144667755663333882244330033771155334447778555807742770022112256001100405
46666228888333311777711557788551111440022550033223300113244775566007700005588255544553655273430804
4773311775511335566668888111144222200007788226600333344550066552255332244885577223377774411227711001155554466336614476622104
48888002222773355771155331166660044662211334455667766887777550088337744224433330033886522654411117727000011278
500006666111155777788883333112222337711885511444400225544226677662244110077001166008800338860413343530
511337711557733222200007755888866661122331188444477446677006644334455550022552266556688778811663011060
5226666111133557777110000332288887733778811776677444400551122223311664477556600118844114433665555007700662250227722448800442344546
53377551177331166660000228888770033555544442200667788113322448800883388440077771100433302334266811155774611464
54444660000777711558888662277882200113333555522118800336633116688338811117733776644334455775533004655667700222246684740508
5551177771133336666880088222233444400776600552211114433225566115588778844664488886677006632447752773288526
56666000077771155331111225577228888662244440066775511778855001100441144227706887766558822663388420233773333664322122355552307454
577771111553366668800008822227766555544443377002211331166333322664477883355118888775588552255003388117734114400772200548860642
5880000666611117755227733776622551188553333554422332200445566001100771133883311557777222211667702663366446658682814041434748888744
60088880022225577331111553377556622001133444477446611776688335544551144000244336666441677221777087788548
61155551133777733222200008888662233110011665544884477446633338855336666776688770077883340226277580067103
622228800008866331111335555115577776600553344448877117733337700227788847755443322114411861122330452024
6331155338822117777552288000066111188337711660044442277333344555577008855665518866077624400174484120
64444220000888822661155331177335577775555111133772288005544776622778877440022441146770666333322336688134
6555577111133337733117722888822556600002266444400887755881155227744662200553300335511223344554422443688304
666222233775533111177000055550011225566110022447722777733660422688864884444082288774418333308032
67755111155333377000022228888662277335500555577444488008833112266117244666600665566334411443044064
68888113333555511777700002222338877665500444466226611116600664433221155331122778855228800330088337450710
700002222888866665533555544447755111133115566330088446644003322662244338833337788558811777711280011007723450
71155553377338888222200006611117777444400225588665522336633113333004433551188334455660077667755001100587700827786828
722220000666688883311337755334444111155551100778866333355443388223300332244660022557777665566771177345500114400442877461188462
73333551100002266662288887755777700331133771155558855334455222255660044883322336611114422116688118822444477446644001066320
74444002222666600888833555511557755446611338800111188112211777711443322887733778844770044541277662240772233667340530
755553311113377000022228833226666885500444477330066224488001144664588771166777766007788257728881188451155286
76622220000668888333355332288551133001111555544445522448866002266778877558844774406117777110733881188227728014433650
777553333551111000066226688221144448833118800113388117744557733666677002200550077660084665555443344223322447045630
7880000882222333377115511335577774466442266775500668877334477220033888855883311118811228866125544445555324
800008866662222333311117711881166337755335555445577447788550066556600552266776618224433648465825027338777032444240
811333311775577226666220000558800115555668877888855227711447700334466554488444400441100222233773380877763228433521122524
8226666220000883311553377333322775511117711885555774455007777888811330022114477665566448877228844440055441255223630622
83311113355775566222266008877770077112255884444665533337766881100666633445555221155447744088802773866441144824437820
8444488002222337733117766333366557777553322551155662200335555447744113300001100483388111166006666886612664276782242185
85511335577331177222200008866663377558822334444111100550022664477661166224488332277887744668811884422856655554455214
86666115577333311112255558800007722660011777788223366335533003388334455662244443755222200654404881144110288542
8773311775533226666228800007777003377111144442244112233555577668833005588885522551188222655667744660011664477206633884488108
888220000773333771111555533662211886600335522444488445511331177775577223300550011225566332222876654338700666680842
000886622226688113333553311116644443377334400117755551155778855888877110022552277774466776655661188228834221122350
011557711337755332222888800666677331100227744445511886644116655225566226688335555887788117722447700550088443333023388254403642
02222337777335555776666880088111133115533444433338822665566001177446644225588885511470000775500452202172288463322478
033775533115577116666550066882222883300004444338811772200556677778802111122661144884473664462542
04444886666222288003377773355111155557711333311775533447722007744112244226600006655668888118855883466310
055777755113333118888222233776666008811552255006677444433662266441111771144884477880011004400007211628853045872027
06666551111557733552222777755008888333311226633444400558822337711330011000033225566778877441144553388118800442200247766246
