4447722002222441177555566008833661155114455448811228877446633550033110011143344223333007700553377665588880044052217338822764858684
4442211556677335500228877772233227700330066338866440044554488224888555588000055336611668811117711825512662206637313422523357
44422882200667700771155447788774411337188886611001111224811664855558843335533823362552040556025100
40000333344666633114477555522558800228877113322005533008830772236774455442266557766444411116611777788668044348
4007722884411442266664477333300556633888855558866111133222277660044483311003377117777001155335572450083600
4221177666600441188448822332244775555881133445500330055662255226643553388778868880855773167127722028705154227774
4226655002255554444771100440033005522772244117706220166668855888811887777884462111122332222882377557733331133553348338745676361551
466228888553300002200441177554477666677332244008800337777448822335588113366116600772277001111551122226433445577814
46666885566225555111100443355774400114088003322007788117700665522888822226611660055872233330022773377775122171
4884466336666004411551144770033550000667711005566880077661166557755227788777266428855338833331111881133462
488118877557722774477007733702233338822006600884411332266664466114400004444254433445566703311117511258103052165036155355
000221111773366661188116600553322333355447722444400331133001100884422226655114466778833774822775555788866880158785626338341264
02244440011115566446666225588441144220055112288887788663377553322665500003388006688227777660077008855774100467525416171835133630313334
066110044338855227711887777336622228822117788668880008600775577224455114403335533113322334411655544826
08888440011557733666600553333110066556633774411446611662200334488002222885511772211886677664444777788354427107
20022668888225533448800446633223300333355442222445522885511775566550000572766116644111128444433774407331133867
2227744777722443344440022331144225544886688110033888800773377111124555566405533551155004655785528730323666611733
26644880000777744220033668811223388552244443344666633115511445500667755465577882255553377111133558611773333221167627281810225630
28855336622337777112255222755002766335555443333218821558844001111667788773344666688660077000088848474245440517
60055556688112200001144883366777722226666335533771100228800330044013388558888664455447755227766221177444411624463125
6228811661188664411778844555544448855166600440077630088001477557722003333552233225533443362442833858
66644665533440044332242003388882255423333770000113355775511555588552688118800550066310777617727414
68855112255664411770055558877881144775522884444660077332224803311104777157740106377635543602
80022334422001122554477226677555522774433110033006622448888116600063366551177661144441155084403773333513388632
82222007766770044556611333300003355225533223366441177115555777722880055110022447788550066883311118888663344265544446624043
8666644884422227733338800116677226633661133228855445500775577004588223377117766003300881111006211524
888552222886633332233444477220044116655442255335577884466111144003366776622774488000066007771008246668133018171555581231505156
4115588882288443300557733771100770033111177554422004488112244777788663366116622113388332233444677668877227741880511460268522
4330022337744557700552211224466111177113311444588226622551100666677660000777725663366883333486648403380804
45555446677550088001188330077662288222233552244333344772266558844111100661166668811448857113311773324036
4777733110000558800113355224455332222330033885500778888662200882266664400665511446677663366084433337722771122842211775577041111554341856
11166882211886600331155772244885544335511332266334422553366558882333300110022776611222200004455552287337777556677447711444400706
333885500667700117744666611882266552277116633553377330000551157887754880078331100443344002222442204114122511
555440022881122006655005566223322661133770011886677551155773366004488225522114422774444331100007844111168003300888
77700111144553388331166447722668822776655006600884433442200336622333300440077881188685511056544155
0117766770000442233775555774477881166444400888800335566221188554417166688220077227733663333226655834433824
03377441133110000664433885588445511447700118800223355442255666633227777116622448877886677668833660077257
05500006666113311002222446677447777888811114411556655886622557766334400442266012233882288571167533352120367030
077118888228800226600115511662277335555223344332222446677665500553338114477774444117755448085666611020
10044442255667744772277881122221144664455773355111188228855883333884411554033668866553377770000880022663300662242055502331616034325266
122446655554433776633887788666677114488557722774422660011883366881133111155228800662222553333445500773322335563000022003700840
133331122885566661111662233668800665533881100555500771277573322582222003300142266002244667766447700448877888844345
15544441166771133663344777788337755338800335500888855224488440066000022662200110077004322227722117733087741881111458866412
166443377338866665511778855552244558833554477775500113311882255333366107744222288887722771622104
17733880055446611112255114413133344336622772217660010337700447755335566885588330088774488444455007777863322440066442280220236526676622
188770022553311771122777766223300338866115544447755007722113355111100442200557733440088555588001166778822888411445377446600043366364
211557722333322001111882288447788885522448877664433770000775544555500222255330088336633881122662270444411442611068866040
233554466118800883333225500005588665522770033773344001177448600443311330622445533614477115511112211678
2556655881111224422337700440077110055447777446611557766444266220011668877888861880311333388414
277883322333311228844771144117700337755772244555522118822668866448888007733663355666600661166210000111400443300842
3000055884444008822556688336633777711888855114411550033870077667722227784774466445544224430662266560
3115566881188663344228855446600003300778844887722666622006611004400113333664433773322770081667766553355774477552111412
35555660011226666116655221111448800776622446677222821008888663366447700006840405511557755333377331183202
36644008855668866662211223344774466558811003300553322002225115555443355775504888833887788463311870133772177773337652111614
37744555511336688666677226644773344332244222235448877660022110000881111220077001188880045052788556588314757115771716
38855227722666633116644448800335588223333002288447711886683774455507766000066110084665044113366222244021
500773311778822881122113333553377115511440000880066227755665844660044448866443300334452002266667766105
5115522116611338877118844777722228866665500773322663333002257448800441100117700008822776644003377844051234623567681460
522332266115555884400776677003388550055778866008822554422228877333300001100662200241141880041256341716373136
533221133665544888844223344112222003388776600114466337700226622882277771166445500551155281177885834440088647
577775588224411116611223300003388556666337733664444220044668800550077225533555511552477887766554088667011732601883101314
588774411557733001111776655336633447711005500666600228844000044331188113377882255552211222200375544226622445517285566744
61177445566551144220000443366008822773300552288440066663333118877664488881155558855441113225577550022223388035532124
633220077668800331155118888770055661144223344883300113377555588557733336622117711226677884411000044002256008286664247222651674
6555533115500445577223322441100660022882211226677887766664422775521662133770077114488558800556688118888600088330
6774411552233226633446611117788002211220077001100440544331144273301886688887766558855348814475577162
7001188445533442222335577221111008833778888113388003366004488775511773311666655554433227777447711228822661155886677664444005500700
71144668800665555334488883311002288118822778866660044777722225522112203775577467
7228888443366883300111122118866445577115544667700442255000077337744187755223322227766677782444022608563531
733553366441166331155114455008822558866885566222233887744777711881100444488332266642200228888000033330012446788476705452557275
755111144880066777766337711772266556622770022003311557422554455223366001100044433886644013322882211222811641
766008800113333668811440055227711116666117733442288335555444455775588447744888877226670222250482200300
788883366116644440033886633551188113377771155447700774433334422552244553300117233114488558840880055666600450
8115500334400002211775511335555774455663377665588770088448833116688882222885522446622772266004477110677773611112425344541814
833006644443355887733222200770088004455005577440033772233665555667752446611662288881188221100113388663258400
85533222255227777006600111133115577886622330000555544883344007722442455667766668888008811884411446654447333643358204020337
8773388663366772255004400114466883355116611110033115577113300778855552266448888224445884755333322227701220767477
044118844007722882233008866883388775566443355776633227788112211444488558880667744771177024455446605116666252426150535565
14411555511113300666616337744442277668833222288175566557788886600884400333344552255880022007722338822600054887433135013646478504
2441155665588444488333377555522338811332277442211776633447777331188553877880011666688660055006611225577128888226644554462004400351
34422112222440033885522664488007744111144775544665555666677335888663366116600443300001100620088228722578
54455771100117722227766226666118811224466774433236633883344887700004400553300331144715511664855008888207
64433223355227755446688002211770088551188333344442255667711114455557766112240558888778866550366062
744770077661122441166448888223344662288331100550011114400226655222211886600444433773333003388777722551155445576667422784066817081300
8448833221177337700881100113355330066118800446688662233116655550022442222552277220077774477557763443361445544126
4445500773388440066110000117700333366447788883355885511882255772277441144880044666633005566002244334422112233771156275863277873116131181
44477113355776666883322116644553300775566333311550030114435886677773257484277882242661288880066000046505
4448877117700330055118888332244553344663333116612884477882222774436442266225555880042002540006600786666508
444556688440022005555447744111100665588331166777766115577881133008802446666014433663355333377551255023
4000077883322770011117722554455551100556677114444221133337522441153448888666688008872338810331066335646160
400554411112222007755118822770000883344776600663322333377778804415577331133881172661166556672436666810
4225522774444008866115544114722002245006666551111882233660000776633003322880041773377522268587883405350133
42255337700445555661177444488330000118855443322773388881166336622335500334466660077772200540088006288422
466668855660077117722774488775533225555224411005577002288001122003333788822114422331133551111884455000088664473004633481
46633335533448866667788330066884444770044336600338800557755117722332277442255554211110011224711577766220000726611328
488226622003311118888665522770022553355550055446666443333661177771122444422223300007721004455663344001833880064147378732840881
488228888331133007711443322116600223333551122447788446622556666115577445544408877006588553360555502720
022551144440011770044778866446600336611883355881155000322333388222266221122880422772204113346665522416637553567674775410
06666224477445522555588222200332233554466330044221166000055661144118877117788111133777733115511044333457755338833685502628
0883333115588668877118855117766773388001122664400445555777755220066337700336600007722554444884466665566123355334433024
2002222115588227722442455244433241111885533113366774400554100883345666633886611668811257700007718003377333300184
2227700335577333388443366883344882244660011881166556622113377117777444455330055447720776000240068604
266446611007755337711443355667744880088338877884477228811557700331177332277766686005555111133330011863
2888844663300774455227788550033335588008822551188110055504422221122662233220433777733667766661166011177113311547751444
600668844552200551111007711443333667700224422883377880033887777557766447731772400888855881444886044100
6224466668855881144222288221122778877665500667700554400007733251166003300884477774433771444134483338633664455772533152566135550204
66644333311225555663322336677884477445500220011775522665533881100334422441144882211880077686287222700558710806043500307377
6882288772233888833112200007788662255442277440022445533667711110066550011776633337733556644803322666611330755216
8000022112244883311440077888811887722220044228822336633550055447755551100666655776677784446886588556272526373832343033
8224477885588115522332277228833444400667755118866556644884466333300111122114411335533773365554033825500557777404
866116688885522887733820066444477778677448211555544112233550022772266336666001111331100553333003377551400842
888448866880077447711446622663311338822772288334433667788550083206655556664557755115544441161776424073111218707710
4113300335577332277443311556633775533661166662233444466440022660055220011778800885500004700668888776652881188224211110222538711472
433552222330033775588111144226611778866880011005500220077116600666633113366441188333344667766551125662744004444773385332544855
4556622777755887766552222550077448811551133443355332288668844220033666611226677311162114000223245410080417185706
4772255337755661100557777445555228877880022112222771155443366558888440066660033000088551188664466335500773344442267641
11155444488772266007755112200443311885522553355662244227788883322333366330033445555000022228841006611338681464
333117744338888225588110066116655222211113366228833557788444466776666448866332233003377000022008800556684053342618512427555054
5554422770088553322225566116655220066226600446144401177887777110077337742333311113300338800524
777880000552222665555447766008844888877336644332277002255035511557756771177444454082233883622112208661186668
01111664433556666882277223333446655004488006622881122005555447733007744222211441188445588885442638877886700310
0332288113333883300442222337722441100777788554433664466774455770022661111551177118844773311200084001500555583453566662520660657668
0552288554477336666338800887744223377553344661171555511444488222248116640221188883305662266058866550255712
07733114422223344777788770011004433002200880055775588666677112288556633884404661117662266882244125
100557788555544002233552244558866113344880011116666000044227755337700338844772200665566776688331177118266443326277733044
122335544888800220011000388558844117733225522446655663306226611667744777766668833113377115422844
1330011554433225522778888666611662211883355771111773333885566445511447777223366775588222200228844441122446600663311004400542
155556644447711441166775522446633443377001122336613006688333822884400554422220077776622774655002260003800485575186
1668811336633558822111122330022006666441177110088446622248877778855443311550011880000770044547744244401461656733323438
1774433773366227711448822228877770066775500115555772266335511885533338887860000554455225566632244007761220022310084244
1885522337711663388003333662211558844440000110077228811224422775558668877776666778830664466513
2110033881155220011774444111144665577226600667777554488223344773322227711884400224425112866668800550000456633664766255588730
23311774488660066667733445588552255775533663355512200577711441100778877003333880044227833222211118611364
2550000444466331177558800222233774422447721448844003355333300118833887733411166776611013866665511555566057
2773333000044446677556600774470888811662200224400110055226611550033221111335555331128006488785588238
30077225533110044332211222200224400005500668833445544880011884422666655117733771133667777881144661155887744452288660088557755564
31100445533005544111144665566000033223377772211880677555522778822074444086666225511550833335266884433488811338857636161712
32266444433663333777733005566778888006600220000885577004466112244114400771155552255001111772211666622775511082
3552211008800663344554488886622774400002200551188225577667700442233336611332266668833114733778657275647160773038
366116633220000775544226666446622883355225555887733117777448855660066786652333344330033711100118800884444714
3776622000011117722557711884466335511003311666688778855004455332222442211228818006600770055288866773300282444334483665400847416164
3880077000066556644888822777722114444337733447711335500117766002200440422225577552233226622887788663366668122445533318105411
50077337755222244884400003344335511445588556622880022554477887744661133004200660011005866663366776688216641117711581127288
51122336600770044227722448877667777441155221188661144558888338800113377333300332533466655662066855500854
522445533336633003311004411118855551155006611448844666655776644772222668888008833777788667733225566220055423
53366335500558800778866221133222200338811441155660066655522776288777744001111224422551100444488884453447721730
577116644772244225533008866884400551133773355003344888811775544662233332266338800007777002211115522004411222588701188360
58866224444004433777788887766441177332200002266884466001147428855553388225511552211223355667755771133111166550055408
61122556666554488881177226688553366004411001144445555003333006633220055771111558866446477778877521133418282716070823242202
633884400664477442277003344445555662255111177552211660000771122882266618888558833773333557788776088131
6770088554411110055003300771188006602223311220588338822775533557788444466668811445555225566221166443344887744776613233
70044332222887744771166117733663377551155667122008866002255448833555500005522330011003311114400706644557855380822113844226464144
7117788551166663355003300556622333322007733440000115544110022555588775533776688006611221113660088667722665444722288881422746
72233557777331122113300775566886611440022447711117700888811001488228800333386220055332255550000446600665666442277444454367
73311115588557766881166113388882277550011774444222288332211224477110088667777887700333377263355334455440044664488006600200
75533337766885566004433445544455122331188488833502222111177227777332246336677000081338033001166405
76644778888225511886655661100002277774400332288333355441155558877557733662200663388445533444422448133012266750
788330044773333776622338844332277002288775533118888111166441122667722115577440000551144224444550066117777146666880072003566358
811553300882277773322334455110033771133662288355500004477554422006600770166668866776644888844663744440412624
833441188223377776633110044225500228866443355880088551144007755554488881466773322770066662266187722224843668577838
8550011888844773322441122114488770022556688665522661166007755553333115622330033443377444422228822777711776044506
87700553366118866662200665566331155554466441122180077884477440044330022444488882233337755003322677733558522551383442222808
0442277773322000055335588003388444477885544550066662255226611117755665577116677664488663366081122114822224727074
14444773344661111887722002255778811007755227744112288337700662223116655448888003333553366776633005555001155660088558844338715104420040327745
244661133114422666677665566440044881177552200660088885555118844778866337700227777116622115577441111007446887533223333658342230503854
34411551144225522888811118833221122330000224400884488222266006655667777446666336688661455333377664277555577005548007733872710131583503046278
54411336655338800555500772277110066777788224400444488773300003377001155884433551144222233183333225522668858663344666
644556666115511334411224433111100336622338833771144442200221188007777000088775577227788881174005500668855886655447011646555248045335333230
744551111444477113311775588663377885555443344665500557700882231884400007722556622666644115200221488006600376677773278187246122
84433771144116622775533005577880022666600773322552222006611110088224488883355112388667726556644447700001188150044636343187338503
4441111442266663355885544667755556600470022224500662211776611227733337722332257778833887741334101888823015
4442244665522227777003366880011553344333322330044007722556622002266006666118855110000550088771177881111663388884456435733776
4448877665500558811888800117711445533334466113388442266864433551122224400772200228411666677006600003300810045662367778577475547352
4007744226611660022001177667788886688447711558811448822331184333344665533775577005500324255551100664111228277321
40000116655888811554477117755112277883300770022005566887777222266442233118822550088446611443333663344811133524
4224477005500113377111122880077441166118811000022775566334488778866004433885555882233332222665544662208445833525
4223366773388112222776611553311337700447711118855772211660022005588335500778844334411444566665011777748664800800
4662255774455440022665566775522443311006611448800772277884422885588666688223355000055330033220088883600116634113155111182247441217640455
46677441100227733448811225588555500118877552266333300536666004444772288338888443377886688200611114423235644071656277767031
48855886622447766553377330022003322771166334411887788442255772288111144550000444466113366455543110011223333870
488558844446644557733442277112233331155220077440011881144335544772266882288332222110066224417666655663360555500400023808033730
00044556677226644117700222200550077447733223333555522110033668800666633118822443344886655338888330133775578115544262
0226611663366881188000066001100883311446622330044775544225577771244407722773377882200332345888878555563551520538
0668855664477773344222200335544888877226622776600055588041103881188224455775522553306632283112211378707423141617155150
088880044111155007788337766557711664400225566663300687777227744221122444488222288446811020383635555132315234
200227766335566004455886677112233880033001155336622665577441177883322550077733374881144664444334422447511884402287821352
222112266111144665555110088666622556688448800664411882233443311337777667711663055885544778877445500772288881422740
2662244337744003388000088444422775588885577004466447766665511773344881122556688663355223367882288715555005531802200711161314
288446644337700886633882255220000444400226688550011330077778811474800662211223347231177558880555577667711554166553031018735611
60000118855111144331133225533003333668877554466667777223344774488335522440047337642220022680055006100782288427
6228811880088778822336655774400224444551111338411775566661100550066003300047766333322114533152222025
66644558888332244774422006633554433446688557700556677112211777755333388001111441100226600008822228444052277650
68800775500886655441166445577337777118811338822555511552266117788776666774477227700224433444225885563632353000053184833388
8000044556611448888330066664477886633334400775522442277225555884655115500110022005857662266777711223322111133503
82244005544222233886677002200773322881155000033114466884411006633557777117788774488885588004455553081666604451121311
86655115533661100111166000033008800222255443344005566883377770044223322445588884488773388118855778820666633335766774121471756272640731
8880000666644886688775544333300447722661122552211113377440077883311442233441100224455558677776277022282057735046447151
4112211447733660022666688881177448855331188440000332277550055551100445544220011552233557166430088083
43344776600226677771111661122773355551177440066664422554466228855883388441144550055770033000044448687552017278075632085337333136
455443311221111448800665588557755332200776600442244668811002288884477444033337733556666336677778877100
477770011441111773377555511007711228866221166336677885533005500006600223311880088338044226614027762224484558435744
1115511668833777733664466000077647722117711888800133344225555885522882222444022775533226388630047408
33377554488224433661111220088118833117788884477113388660011004455335555777733444288770077667725116688006666532631574621464
55511887733880055227711442211224411334444882177553355661155006655885400888833666600001700778866884777667727404
777551166778833771188557733003333225544556633668800006644228888446666222144335533887700776611110011555588117448665520550048260
0117744884477220088882211557711005555226600004455444422264411468800338877551111885533558833006611666677007733113333778655062
033668822887744665511227700224400662222664411777755776666004477118855223377334455884444881144220011110055443333553311330007283388050867832561555
0553300111122882233881188665588883311661144000077115522774477885566335544336666442213777733444455772244622253220022648753376410304080670
0774455330022003322772222883344884433885511665588663411378877776611115577552211225544001100550088224444226622364471867681466555617
100222255660055445511550066771133330044220033778888112266228800118855558844108344336666332233873350072217044466540
122771133331111441177774455775533883355668866444466004477663366670033225588440088882222002264221100006722855522373
155335544006633113377773333884422668855111166441144886622445577007766660022880088225522005553400040361652122
16600443377778888662200664411773355228855111155336655883344667744555544442211882255003333002266332244005566875577222274708000701
1773366448866111100776688114422888844335544004477446622112233885555660055332222008822445377227711502250001184113752644780616777003
188006622446611668855331100772222557700886677881155445588442200223344441177660000111133003333771144338888777755556655004403548
21188113366006688001144884444117788227766554466663388667755558888335563222244220022552267112234000077404
23300447777443366661122442211002200333322884411335544882255557722215511778888773344558811156644008855200055006655376624607
25588003333448811118877007788886655335522338844002285554422664477775577337711772244556633666611551144331120550044446606832673016131041
27722886655882222331144440044116644556666335533774433624255002200778800008888110011552211333345554323003380671111277731775
30022445522887744336600777722001177551100448800558866661122773355003377008854114466776688881188331166333322221111582257100
311004411221133771166007733442288447777666633888833550033001111770055222266444400887722555533332466215588556655700
3223344888800665588228877663355660077224433337755551144442255338811557788330033117700113366886677771166110055000088552400262
35588224400556644228877555511002233337766770011550000330088668800772277112211763322004411444455447833446611113311857
3667755770066331177885511003300113388116622553377776688880077223355444466534400220058221144111222442287348
37755664422336611551133007722445555770011880000667744776633884466885588221122760044883333553344332088886660550021114411740
3886666441177882211445544662222331100005555335500774477003344226688111155113300883333773366776612006775604444348870280408584
5007755114400554488770011882211773333443300220088555588886600331100047766880466556666228812664388422255224722336633274
511003344336622335577884411668800228877114400115555225588660055666633117777447733004448867762770083221111824202622
52222774477882288660022663344000055446666115566224488443355117711118422331133773333667766441100116444550082555533257777230
533446666331122004400772222113333224477880066770022554488445588664422777743665567330011118822888855551155771142687831710238116
5660022662288446611334444888855447744333300550066776666880077332222555577887711553377003366442277772833814400445011117001235
58800441177118844667788227766885500228877336655221122338833335566000033447755777722555533774488116622226640554200724300632310801
6118822884488881133338800336600662277112233226088610011554444335500440055334477557744120077300022124
6336666002200335522667788224444886655113322331100881155776688334424661111771188555500112644554477005588880000773300406
655000077226611331166336622554455110033227788555588668813442222444488882288775522338847005577435568001762173
6775511110000441144222244777711886688776666445555333355444488440055888255003300770011773377823366002266332201552282112276538346261163113
7002255003322443311883355113366772200881100005544226655775533337744006688001177778844666388885588623344441154512
71111773388115511007766003366667744004411884422885522662277778800006644772200887122550443337612263325458566555533168
722332211666611448877556633117744334422778866880044552222447188336655003355553333825514446622660066740
73333667777111188770066668811337755558822114400224422885500776600448844553355225566330011222233227721710
7554444226622776655222288881166110044114466771133336600664488668877007733223300331155666472450022553202157585155
76677334444116633005555224466221100442200002233661155001133227788108855774455448844772255888866068822883652687
78877115511881133221144557744226644440000552255666611663377224433550066008840777755558855338833488866882222333307354
81155220011440022446666770044227722556688662233118844771111776644443300661133558888555544550288334414877742122266538603237633633
83366881122116622880000772277551177778844002255006666003322446633005566552433118866111100885544114488882444742
855004400776611220011778888338800332222331166774444118866665511442255333300221466335566006685554455775524337733464
8770044110000885500112255443366667722771144005511668800221844222266224466553355663333783
04455338822334477770066775500883300556644880011771133224411443311003333552211665555112288557733774466118811163366002266220000786685444402725
14422117788553355110044887711556611886633116600106688445555226655888833222255002233005548008700772277775200067766438
24422005522880066332266008855886688227766222233884466773344111100116664000033337788802355370131415555712
344776611007777117700885577338888442266330011552255558800220055065511882244448722112236441144367
544661100220011440077881133116600667733776688334411775538774455884422885511888866664477144800382222552237000045724562126
6446600553388334455667755111166117788663300885588006682004400003377222244333355550072825544448122332211052274142
7442277888844770011667755331155663322666644448811440066000033661133337733885544555466528877772222102247686
8448877772222118833337700880044773355225566778855331166664466882288113366117766003300110022665500771155411142358
44422774455886611667700115555110055778888111144112288335500443322000088552266663366222233776688221066007733138
444226688770044005511445577117744112277780011108822335533336633881033222284334485666600661585002000752546762655564
44466223355883377557766668866111122556644555500553300771133881166006888772222441188008857884433332288203361715
444885500008888224466776655773366668877558844226600227722886633777711778433331133223344722211225522003355338055110011854
40055556688778811448855443333113366777733000033882222552200883356116622446600776633770066664266510041888842874
400118888111155000022553366776622112277882233443377116611007733880055552266332200666655664450377744668177224422841
4221111220044333311882266555500007777558844774466225577110088668666445522772244822233660322870343517763830781613731415
422112200661188883377778877668855551144884477222177446644003355004411000077005528001600282443881676333313034
4662288447777112211556600440066661144443300335522667755113366337722553311005555880022770077334421668888778855448833201
4668866117700335577443377881100664400442200114477553322771122228877772266550055551155441188338888063333066626067363484853182
488335533666677225544332233115566441133884477330066007777000088668888114444227755222266555577662288551188761161110
48844557733558833117755663377661100334466667788220088885500116684222233000055552255332281333366226600470067402
00033006644774466554455334422886600114441668811557766112277008800556622223388220043221188883333552255150
022776622001188777744668811113366660000665500332233551166338844008855222255367700441144556644775544448801088822426
066007722668866667777664411655522335567331177118800005588334477557700827784442255037744332222053333040
0888855882211331111881155446633000033447700116600773377117744557722778877665522440044333325667758668800510644836
200112288338822556600774444885533110066335500004433221155445522281188778800333377336666442057770144111166813
22233338800882277111177888833113322662211887733775522886666553300774422444466441155447767001100334400445500002555114433556811205844872
26655662211884488003300440066668885776077555544446122001144774433441111333311773365222505872537770785171
288773344557766884411555533338833111100113300556666551177220022660088880000777744886677004433778633550062342255221122240
6002266882244888844556677776655558833335577001133773300886611664400003383610044443111820064115470712
62222554433008888224455337788335588664400446633336688002277775557667711441111661100334444884422660066587
666440088117722880033667788448822337744222200557766553333221155661188660011663300668833555544643344551000444245007275826
688000055441133114400444422881155110022663322446644552255008877448866227720667733666650777758330188447438288
800445533448866551177444400336600221111552266441166884466225566331122443355882286605555442233222755073
8220066663300558800002255008888446600111166117700338811004477551187776677335577443377227784044455665533664422662244822
86622441133334444332222660022111188004455008822006677556644001144665544777711776688407788770377227588835511016
88822112200885522665533004433771111883388441133446611440031005555667777666682217755773166444477048
4111100113322776644778877115588552233774444553355003344883311660044336622007722557755561422440000630027382868088
43322336688222277005566001188002255776622884455448811777711442611115511008877555580407733772065052533031347433383578
4556677334466665544331100553333008866887700222244000077442211227777551188881144884411113388555588001165247375057324436
477008844448822554433880077224422227766116655556677886600441155005533440033018833668888111177112211031133332233773358566632664287462
1117744115588443355331188116666551622334488336688222213778855001255228888776244004477000085538454605423244070633300302
333111155661188446633771133888800448822664422881144335577666655445588334400770088553300001122110033660066841164447733222255220747555722378
77722774466558866440044443333006688556666770000228811225555442244887711882222661166338844773377553311335500534
0332222777788118833880044555511550077223300885533331111225544668877574488444400667733524477664433771284142366065346163666270
055004477338833330066884433444455442222332200117766662277002244110088000033552255551144886611865566326
0774411778822008844663366223377110044880022111122885555440055114477222255665588773355338888334422666644432240333300015577552133116677068
1000022004488228800662255556688117744773333775533446644550033012244227766336677226666018888452221551111413355416
12200447788116655776644552277111133331144007755336600001188441177226610663388335555668855886666223322888870880244321
133887755112266776688220066621100773368008844114455553311554444335577447707225522223322778882842171158464840505630343733
1553366558888337766443355556633441111440022667700887744777711772222113310554455028844886666025
16622226633666655006677003300778833110044774444552211553333225588228855448844224411223022068
1775588883333442255222211666611332233007744882277772200001111551122663366776644553355002288003311008848114855771867854
2113344887766330077226688553311552277555588220044110011662255661833660066554477338888003333770088666644335422845742224787177
2330011447722881188443388661100888822666600007755444488770044117777812222115511332255220622742244555586550673164
25500663311774422445522665566222200336611448866451100881133554322887788883333777700005555780076884666716603015
2771122334433115577225500447755228866330077778855551133505066448833880000117766774444666688770266220166111103665811888844082
300111166112233880088334488881155773311886685006666007712000044777785446644445533336633776655870052662254227722103
311001111338844116600888877663366118811223322554444226622228755220000666677003377774400772487864455553465004470256
322556622227733444433114488664400554477775511668833552211333411001188881500665577667788770088407666128822024
3557700880055228877555500446633334400116655666611774477111144551122336644118833886677331155332211007722227764478022400
3663355447733117744222200556677223322776666226600112211115511004488553388770078882244441133330033740022883340881188458805714
37711115588003355330022332222552288774477004411338844661100116688662211442266333344888833664455444077667755777788120
38888665588114400556644774444222244884611112288335577666633225555336688551100223377331155221177887755008822000033004600672
5005522226655773311772244336611551144776688338822774422007777512258663344008800330000660011004411118888778854662288132
5116644111144442222666655445577525866118800578811223344668888335822004488417766338877336677774077108377003333202
5223300228855113355442200001144332266668866003366770055550077116611887788338844881177337744776644104
5332255446677003355550044005588556633443337886611117777666688772277116622665477348
56655557788116633773300776688003355440044334411223366001155888833222277220211885533884466225502861144277701031
577336655556677115533222211883300551177225500447766881122006633442288224411116622774400331133888877886007770333726841080
58822448833447777884433667744110011330055664422114400880000662255771122887441668888660033222333863313504
611886666000033440088228844770011331166774411004455554433553377875522551733332233865576844482221422646
6331122552244441144667788557722228833887777335544220044556666550022113344774488003300111100771177006600884403661155133324386
65533330077335555662288884433116611770022337722776600008811442255005544441122445522663366775716664222083328786828085
677881155662266551100661166330077550033668800041144331177111122447777444488887766632288445544034462721255558232220
7005555881133775577660044110033445511446644448888552277225533884477442200117288222688008833000066550026331111666611512
71111333366668800558844445555448877222288116677663300447777443311220022110011752266224411532
7228811556666331166885588006677003322114422661100007733447766448822441133335533004455554440551755225577774277808
7338866330000116655882233448855553333552211771111543322660088814444774466776666227722002283770077736
7557744446644772288441144225555226677118877003344883377660011224500882200007733335533888800666611554271030365632
7662266114477552200557700337777885511335588448866882222110011224400004411774422750024331155663344460
