4447766663344226655445555000022443300777733220055771100664511335533885588881155221111880088622
44422554411882222664477224588555566665511471111557700660022117866223322004888783333663355330808168843438315237
4442277228822663344773311118800006655770028555511448811774466416600883388886688475520450353336323730
444666611223388337711882255227733442266222200001166778877228811553355113300775588886632440055003144880088445555760
40088002277662211883333444466332200557744112266667755110655064477885555335588887711554488117733113377770841623
40088334466558888778866882233228811005566115577007722555544224444336677335511880011116622112222777755226840400020603385350
42266336677883311551166111122004411777700333355665522887733224477557766888800881188558866448824607743884300213345406
422771111888866446600220044777788775588222266661166881122332244117722554433440060555500335533338833108
466224444334411002266445522777722338811557700668833225555663366771166113377333318440033004477448855054
4663377550066887700883322448855445566223300444411115511331122661177665555220033443333881100118888007788622
488554400331177558811113377883366887766555533880011223322441166667711884444773355663333007777005512552266220022221284206600845
4883322881188221100886666555544773388006684225585003366227711224400113333444432000077776677846611660577251
00044005588222266660066885511662233555577001155334477771144117788776644463388118888667722775522112288465033330243620
0224400666644778888558822552277775577115533007733220000880033110055660011114444886622334466883333665500441177221122654382822137074761816
066884477448833445555770022556644446633880077558811001177778877336600052277111122116301332233524
0885577772222005500223322448866227744007711003311888822113355447788773333776688112255884433001150664466770000416666014266563172811
200882288556622774466336677225500552266003355333344555544223377517777886654447711112211880011002244000066661166448877668844332221530
266557788771166775544113366884433882222001188008855550066227722115566333311225522883320774404446666064733576101470778617118188
288558844006688887733005577224466007766664455225500882211883377553355117711112222333322014423113411077744816
6005555662233666644007744661111550033332288886677006633118855221122225588445544227766557711775300110000881164113488220022647784344737772
6222211330044117788553366776633775511882288872233860066554444855566114455226666446684732200224100001120515
6667766110022550077224433778877006644227711888822884444553344114400003300552211226011551111777758113311632222038
68800226666335511667777334422337700005522115566441100887744046608228844775577113322762544338866511174531124844
8002222000077448844224444001166118833773355778877550033338811776677770055336633143322668885556655446666206
822223355004433228888556666771166884400226600114488334411224455117733774448005555478311110000770082115582003655762
88822667733221133335511118855884466883344886655552222802244445500442277231100001166617755337784330033674400876700671
41144336677118877224488447700331133004466111100773336665511668811555522002285354400112744557755000085842447678
433884400555588337711553311888811221177446600116622887733664411113333224477886633551100803344861142330045667777227700222255700
4551144775588883388441122007711002288773355777722118866554422243311156666440000446633003344448700667766252
47744222255113355660000884444881111888800334433883322326655770044555522772211220066661166776648254101415177871
11155118855227744447766884422887777008822664466771133888833334400778574110066663366112540555580402
3335522116600556611004433000066881122447766777733441155113377886666220072885533883366446655558800214444554488450188717
555441111444488447788221177006633002266664433550011334400331188000688333388774455115577552277225536771168110242228882320
777225511442200110022227766112211774488115566331166773333665533880044440000660322884455554413775577135508770855230866482
0116666334422888877883355774400884455221144668866770000550063118822553388002222333322717488558815624
03344446600002266336644553388770066776688005555447755220088661122335588525338440044324166611177114811088821883157872
0552222115544776666226633660077004466116644888877441144551111338844333355334444224033773300665566708820102868385008180
07733440033665500223388005588553333112277884477661155117777111144445544888811666600882211332222001100041184225522662286774566430
10077886655111133447722005555443322884466004444003388117733770066771148001155225577556666116622777760221122333368226740887
13388771177004455660033446666881155777755114433664444778844883333776611663355553055440855225588667732888822026272422238021181210
1555566222211007700005533006688446611441166333322002277117744335577336600440011881111228855444477226422582230387777680
166117711001144447766551188886622003313778877004488553300882266005555225500222244554433557722333344675584174
177337777880000113388336666112211664477005544228822665522774411008811885588663317550066002233222244668888445533557722555518771622076
1883377116666550055664466776688558866003388773322223311441133655511557722882255440088000077553455270010642
2117766338800556644110022444466774400330000773333777711661111336655772288882222006688666588551188352255442268747
2338822775522554455553322113300556644112288551155778833550011665088666638118844447744887722443044603
25500555511882288881122110066446666115533883322007788668800222277003333554488556622444411440044331111771133001733777723634
277668833661122226655557711664433115522556600882200444477440011887755888844666677007733778811338866333300334288506621005110002
3008800226611886600557777335566440277663322552233444433110544662211228888116688222241438855884366555533337755070728374
311225522668822003388558844554422223333441155001100447744007788881133228877773305771144855566553186766642160
322554422440000445566553300115555778855006633537744775877118800331122113200577111781104116611484
35566331100448888770077446688662244225588445522336611554444772222116655771133775400338811880000882266477782005020676731711141201
366331111668877778800330066554477337755888844667711550077223344000422555522660433228822112222762204118811324
377554422115533550077443344778855888833006611338811110044880088668822224400112277226622844666517777631
3882288886677220044556633554422777766883366443333223744660032444400773877880055771122110066113265118811447844850000158535255
5006611667766221122774466660088664400772222444455557733442844117788770000332155330044335544782811448025111133810015633373658
51144550066778833448811225533887766331166668822228888557744005566220033772244223300221644446652660044186
52233225533888844114488666600222266775544443355558833447788777722001166117711115500333622442211228800440055110000670
53366777755003300771111441188554477440011662244337233882266002288735555220088004488661100558833227844222256433312166
566554444331111557777110044114422660022886644667700881188776666117755220000330077333322337722778800124400638822122
57766008855003311778811441100001155883333006666770077118806443344884477555544224453777722228888668822520
588225577332266002200775522777744447722881188553355116644555500665544666633440088001100443388330000371122221177005866224841378611114681576
61144001177228844883333441155666633887777662200885533665500771188221122445511668811113311004422775588630
63377006688661111226600887788442288554466224477220077335555225511553311445577681133334433622171883388880108241164044
655227744228855445533775500224466008844338877778822332222001177336666447266888031667481356570558071855511510062504001214
677554411555511004488113344442222553333668866221188000055770088447744664408224433514457772277661122065
700443344222288444466224411776611440077553300220066880088338811003522551155001111221166000488777788886677147
711001166770033661111330000666633882277223377778833442211553311220044881400226655557755887766885514552355447733241
72266882200883344330044660011886633222244773388554455333366665555888000774481114422776622115511335500557400241643703565206
73355005588771122663333223311118811555513445566004400882218442277447700775544888866225522000066783300157436685410344
7557766338888006655660000110055224422777788551111881144883377334455554400441166226677115500336666112255886683135333020743221722328
76633331100880077558811665555114488224444330000118833556677447733777788550066888722336666226204222275332255721111346
7887744881166336622006677338888226688660044555544003300772255331100880022771144118833442288437755665577776663551855832335201055000
8115511220066552255005533771144338800331100446688333322772233661137663411667788882214886644555544775588470000822282402
8331155886655444422772222885522557733007711445511220055008822337700221188887100001111668844880044335533332266224400334411336600661
8557766007755117744556622882266665544114466442244778800653300550022111122225588440088681100332277337711600018770048338885255333534367231
87777227700554477555566220066664411004455223377883300771152448888003322226657444433446688221177601133111188116404286848533363835
0441177448811001133668866442255002244556622883388553300777722008800006633227766778844446663111122114433334233522261516
1448800330055553311117777443388447711883366115544221166226600687722776400004455885502444818223322086
244118855665544004433550066114422223388668822005533221177887733663377775588333340266677662166010577113158012847288
34466224400778888114455553355112222885544773388777711772233667700110022764422666633003322550066008866115564420055711
54400001144556600771155228811667788663377662255005533666611118800334444777466887133338844335510227044224410665555848
644665588770088330033443333888855005522225555440011115533110066221122332266000048661355772277356782871247420
744553388332233555566552222778811112255448866884477773434662288887700771177260088000011885646661146304
84477330088668855223344551188770011005577446600224400776644222211114444332255558822880033335533883317550062636
4442200778800553311446611888866771122552288115566337744776622660011334455777755448822772160330024000061773383632353310080411
44433003377331133665544111155775511661100881888446677222266006622332200007777666633338877142477048
44411228800115588885522224477550066223388668844002255778555111144246655448084504033337733663311332077466677664166010
44488770055337711336611115588330088006600776633888855067744222205772255668866555544552288224666416621884343551173214
40011116633448844338888117744557711441122128822004422447755332266778877333300008866864466550055552255444700672
40055666633006611668822334466227755448800883355551100002244441111228866007777115577226677333311774455888873885433222252013371421
42233661144662266333344445511000066665566776600448843777733550011553322458822888800772277886685452211117711255
4220011665555222244115566440055773300884444335544663340006677774045337700772288331111881122166627668866078
4667777556666441100554422558888114433222200445577226688001111662211776633778877000033552233331133660862440477338444834155553711218507451
4661100002233227755771144440066001177664422885566221188431166882255881122667733777700774868003300588333420083824
488447766770044446622557722478811554000661177550011222233005555335588003333728833888870882688513321002646386601466
4880000664411885566886666558822442233555511007744005544776622111155771133884433446600227788777166330013225533637288822
00088447777220077555544003388110022223377444455663344115588883300448822666611770066228855771188665506887522112245360
02288661100884411331155772222004400660055664422668833338800014433667755552255885544777788773377644488146
06677118877554477884400444411220033445577336688335522882277222255115588001144338866660077770008555533774641776311033322611
0883366112211668822773388113322006666330055226644775511002288443344041155557777225566223446553866776601117711887788054
20055885577668877447788333344223355330077226655116622448811440033110088441122117711856600667700222000166643236
222880044115533551100007733008822117777440055883388550033331166078811113344557708664422776622556688736675226666532
2664444337722111144115533551100113322333313662200007766771755224455442222888822555588556655003388334488106666887788027
288884444001166008822557755221144115511224433885544556611773355553311113333226622207777005587804
60077883300880000116622884433661144112211554477556677663355117733118811332222770022558877440044210055003711164688266
6225522110044001133008888226688116644550055771866555588333360224422885513448844447744635544337755638877880322341207673772227
66644001188117744337733552211223344550000663333228866778888222244114422007700551100225555885546531133638
688222277115555884455118888667722334400220011444411335500336622116600557744332255224655333311775567885540880000730043712
80011330088221155554400770044661177775533225522662233442203888877884433665577222288331122418816886633766676458
8223322003377775588883366221177334455663355776600441100112225552166550077005533881156448877884444774436640024200
8661122555566338844448888777722335577007744331144554422478855330033666600665500551166282520001100208133218151117376434
888777722882277557711440055112200332211334444668811661100884488331433550000660022666655663300445555336677470
4110011558855777788447744464300772211331188771166553355111177661142002228000048112500333377336600852
4333322662288663311002211442222330055556677776688365511115500664488558877557711880000447744554411778277025532024404644
45511006622441111666688005522881155331144332233334422118833664477225544888822777766117733771122226677557784663080113070465500002
4771155448855774455553388335500666688667733001188775511004400337722556611116600888622663366442233222277707
11100771122118833115577004466778888117733332233442244330000338866336666884488776655220066008800114400222275005512844
3332222551177775500558866118877111155446633885654772288220033778811666622444433668833000066008800142
555111155008833113344223388663300227722441100448811664444773366888855660066553322882206221177112268440761870
777662244880033556677002211117733666644005500886600006655334477114422228877552200778811888833115511241687443333245577246
0118888331155663300773377111100440000668866774444338822445588772283661177552222554411442200550086221122360
033110044448811441166663300777711885577664400662266551155338877884422773377005566000022001122223366747085433322124
055338888228800113366556666006611668844220033226644004466335544777755885555002211034488778862441377227703330233125
07766222288773355883344118800882266555577778888442200448866881122771166446633337755330000617744552388510361344
10000228888556622334488225533003355775511114411883377660066112244447788008877220055886555445524038844642318143363332
1224400007777556677887700885500552222003388884477225555776688331166660022773300663322335511774466221144334418164444526
13366440088335533115522221188550066775511443344447777338877445566662254668888220022886600001100770047880166127722624
1557722113311446644445522447777885544006610107700223322226688142255666677660000588866220088003377434
1662200007755002277885577112233773333663355553322443300886611115522551133114444668877228844888800447777667700334833821
17711661122333322004400227733444477553377778855776600552266881188664411555544221143888822884077008877458800106
1885566222255228866772233221166007788008822003311775544335488444400004466447700663300227777337712666653424
211888800550011778811115555440033882255661133774422775522007711004477667700006600226644441166336666528622472687333353231307734
23366330022445555778822004444115533554466558811440077772288550055661122775166222257006666880422117768487733771111331108632743488333818
25500665566338877004444115577881111777744661144228800334433330088558866445511222211332200223311001188226167675555488845300
2778800222288663311332233660055885522116655441111556611224428447777445811446621006688333344400047003726675710108767307
300550044886677882288333311223388006655666622770011660077668877225511441111773377771133664422663588881184661470008200324025553545752
3114422776611003344552233666677558800112255771166000088774444337700668866333355330266556644773322441833885555120
3220055006611222233771155660033441144555522882266440011113311008877663788116655117774443478558800084255324
35555222211663333885500551100774444547766225411112277117722661188228888008877886688432
3666633440000228844887733776611338866882200885577112222305537772244443111550044555511775588116677446655441188321100762
37733448833008877555566117777445588005511441166770011004466335522006655332211128866226688557788884433666234702
38888005511558833664477116633111133774422553355446600885577887733226677662222448844556611007700001200221688265030406
50077551133005588336666116655660011882266440044663344772277668844228855441100332222112255220446224888081155557777411142373
51177118833004477221144112233444077331111555533336633228800556642557755224266558811668822770022000088886600666677461
52277556611778877007722446666443344114444888844553311551111882211338866755586550055763
53355006655447711555511445577007766222255228844338800112233441177333166111188110088226644667044440000387244883858602420588
5770088882255111155660011775555335544445522336622887766885500331144110044000066334433007711337733886611666652442222621122048
588447711664422441111778800002211550088775577226633222200661188225544666655660055336622330044551744886677776077083377333344044
61122554444880077772211008811330022006688885500331177887744775566776644337711551144634288452222604
63388116688224466223366006644111133553311772211447744451155007733227788008877775555888855434302886666522203725261083128418
65511227733550088443333440055887744777700776622557722664466663311336600110000667711555533768888222211448855624444554411118833003388142
67700775533443300220088117788661111331188880033226600441166224455444400550000114422552222333355551157337722883367147
7001122667788558833115511771111332255222200227733888844116683337744006633554444860055347777662244557720775144664421003046518
7117755446655003366005522115511666633445533006611004411885566447722667733335000128866884444337744220077770088331233888800222242725
722444400228822005588008811777744553386665511211166443311455566335540667766804
7336655552233445500557777001188440033880000443308113355111144448822556644666688662277887755885547222211226322488331053
75522444433660088333322225577881100666688662233558800776633111177201188553300005500284455441144282
766224422885566447733883366555511881133005544114400004488660033444522087788884166777755771177437728212151011683566
78822664455887766337711883322002233888844667733005500886655774411231134447777556611001166211144840074360066815
811774422333300004400552255113388770022777711880077224475556655715588443344446666441166336611114066210
8337755554488444411558800111166226688777722552233331188882222004477660066553300551144667788556662881100886344500
855447777330022336611666677221111228844665577888833771182001100668133822266441144335511553317555580442244807766334444025
877002266222244001111336644338888000088555577112211004477331615003322007788663300668822881466772277475567653
04444112200884466118822888855338811335544227777666600111144006677002244330055557755116688664211771153774733223363426
14455667788444433337744224477553311664488110011551188338877113355462277000066002233225577304688655528550828088
2442200550011554411221111448811883344006688003322556611773311665555228866776600007700888877884453002711036666437
34488661122880022224400884411332233003366338855000011881111771144335522773588226666556677445511555537554466806
5443377334488667722668800005555660088771133221144661177001111227766228822224411888644447744002255115522042
6440077331188224488881122770088661166338800228787550066223304667766553333666604774433555577113344226687225522245511044
7442288005577118877224444001111552233332200006688881133117777556611265588660077666644602377830433845
8448888006622665511886611554466664411774400445577776677113322442233881122256688333300111144335533775555887733663344447030502076008
444773366114400888855446600332233448866550047225533551133330066331155778800538848337777066647124
4442211777788441144000022333388667740880066225555885522005511665577003355332266336666112222883341556642411135054108781188882
4440066445533884477776677002255778800114433228877552277222155554611260088558811117711883355116633668888262
4003311558800111177005511004477667755668888337744225577881166118866008822885411222266220022434
4003355550055771155447766448866883333774411667755223311226666001144558811117700222288007777330066336622442200004566532
42277770000555533772200885511116622333366774466883355775544113300221177665566443344701188661144552255884446660266332288024
4222244888844557711883322887722554477334411331177776633552200337755665588114466770000110070443366886666444088021
466660011775522221100442255445511224477116644115555778822774400008844330033331111336611881146776622677730602
466662288110044338822778833220022664488445566000033661133447744114422444055552255885511550303772211116188777733512
4886600771111444466556666775544334455883355772255006622661177333377774088770277680842331122113302220811682281810363824321578
4886633887744227777220077551122226688331177660000884411881111003344002288558822113366645533723444643055552888016565450
000662200772211445577002266777733881133332255117788442233111244441718663377443300440055228822248833660038008766164500165555866
02211883388004488881111331122663366774400001177776622442277884445887700337755772255552200550088665511556611666641014
066008888665500330000553355668877115511226633661100443322227766673311441188440017002288338822558804881468557444547344237
0881188000011228855440044333388770022441133556633223311446600666588221177110033015533773345127
200336611884455337744888800666644441100776633556688660022665511225544600788221111332223115577550177114477030
22211880011447700331133228855116600442266882277111100773344005555774455884433006644602255224388800
2663355334411777722558877552277336644884422338822880055003377002144554433004477885566506666116677118811115441086
28855770022777744223300881144007788336622005511224466668844441100117711333548776600004677555500306
60077004422005566664466774433553344551144008811332288554440118866331122225588338888223333778847336241550727671
6223300558800338811883322888822550044110000224433554488551177111144001166770066556633337755553366664468444422220744576732178774727
666007733110066558822664433663300550011553355113333447788004488886611885555770000872222332211224422556627554455276711474771737381116
688227744337755556600117700664444886666220055881144225511002288446655226677333300331133553322215500007711847777804
8006655778866881188775566447733666677441133742211444388423333222266116600111170225582804
822118877558866113333225577008811226622440077664422003366888844872233443300115555335500556633800066002416504444546
86611116644880044667733337744330000224422775588885511441155440088331177663355666655338033670077772200650015771212226250523
8885522113388665544660022007777882244551122227722336644226633556677661155001100330065883311117711684444333377005400048
41111557788775555446688881188660077334455005522008844332211777766556677224400661144448855335588222277447711338122562283716103630313342
43322887744886666008888000066334455003300440011883311325544476677117722002211116688222266223566164518152
455661133112244440055114477221100662288777744220077337788223300002255554411771115226666776600886633668833888506532
47744556644881144113355550000666688228800552222338844008888557777554422007711118833110011660022661178667048765633736153430333212
11133557733443311004400330077223377778844663388882288550088668833222200661122660022556677000525458811887766414
333001177220022775544442233666633884488553322440066777711665522881144776688770000337744113311110088007788664577318832550585615555112
555110077888822668844225577008855223388665566221188774463006344554444002222841122000055003011117711653
777111188332266000033334422006611664433558877227766222288553300881144680055110022440044447733882788884485001133654
0118877111177006677550000440022003311007733005522337744226655333366447777228804662244113355115577881144338833463
033771177668822557744887788550088006611555511881166665588441111223366770011334466440044442222005522110022631144333355332865654
05544228877333344885533006666226644557744667711337766882222443311778888338866114477556600221122550088116653223040001150727108020
0773388444422777766660066443322445555002233441133116655333366775577110088330033770055440511772266221122882254778877435
100228800558888446644220011112233660000443344006622668866333388337766667777257755554177451155350
12266775566338811446622221177773300113322335588334411888877115534885577666600668866142277228800882450003400544
1335500332222004400227722331144443333777766884488557733886644663366558800882288881155226341005511221160007700687755554
15544111166448811880011447766887755337777228833446666333366225500220033005588223322221100773358470000824
166001122555522006622663366777733553377551177668866110000441133338888774444002244554422221844380
17722888855665555336633110033883300557755223333443377004411661131442255886666446711112211880455144788122202426278287505484
1881166443377330055660088221177447788004455175588448877776655552255000014470033663322335066662266183388524
2113333441155880022774422440066008833111177775533003355557722556666770011881166332288664466554477626500007788771488882434544738584
2332200666600008866884422775544004466222211770055881144116642638825003311113333001125110077118577776527855
255661166005511880077228855227766333377554488443344112233004444667711553366887700338833221133110066555577340022001777478
27755335566667777884400223333886633660011114422558855550077337700004488117766118876220055224433008800664411082222183
30088775533668800663333113344001111551122774466448844221144335566007711778882552222332266116622003377770044110000254
311221166333388662255002222000044778877772266444411443322888810668833666655448844555588557744023
322338855664422773333558811378837555522444477776688884466771111221188772200110000666600774411443224003500851175354
355001111442200885566447766771122224433888800337744660077551155336622882266334447223311332251006666881188365
36688224433004488660000772288444466338611222277770022665511808403775577667782555566615582016522317105313
37711008888770000550022442233334488112288007733004411160066557755445588663322772222146666226688444566436617820255253
38833448877220011227777441133661100663311888800007711551055335544443300323554582214662222881477885688664606665677325762470
511885577776622005588226633221133117788003333004433553366002222441144770011556644884466775555428833887730666655007885261
5224477883344007744664422772222888811441100882211337733006633553322336611777711556677662255004445887755118843338055400030155
533337788668833552200331100447777445500775555663344332254118811544366412233885016662288771302776652667222124
56677331166661111330011770077118866225577778888338844553355221155881100550044332222002288226688554422444400003466508
57733440033666644447755445522663377887711333355331144304588882288008811661111777722776677422200221122360066800
588880044222233110011661133550022660066882288555544773344443322008833337722774488446622400077778877067756466638165717686
611552211662277226688225555888833774422333311444455446655336033551122224433005500004400117777338877884077018
6336677220011331100226600335577773388006655005544007711774411668844552233775533332244885588887788104433442255164
655664400887766004455112255777788667700220077331144442222115533337522332288227111885588854433663355550033400066226611701
67744330000663333884400111188558822223366002200361177346667004455113577888500552265444481008411242
70066886600336611002211220011448800883388442244446644000266774411885577887722777755888355554477645504332
7112288776677002200886622338888557755333300447733772211005522663366555511774433284444116644883355001111440066880566182
72211773377554455666677110077882288774477001166227573440033002266443333224443550066888811886655558855304222552206080
733006633442266556677882244888833337711550033886611223322007700005588443366008877664444114400253355554571085528118
7550055336600003377778811883311773322335544557700220011661103330133882277664477115566228877221111224428666688084444685438840
7660077225522771144777755880011774400006622881111551122223366113322004444886644554433888877885555335566550166882266333311018
78855112200775533448888005577774422228833227700447733110088115500001111886604556666771144338844668877664442663366524
8112277337700117777558855224411115511446622668888225500004422228877448833553333880033663300666655661166744434721181354
83366223377445533334433114477002244004488008877557733888811558855005555221166661111227644246633265566018
85588111166883377551177660066444433003355661188221233332222553344554413665577000022440077880088887727446666742
87711664488447766007700112255881144337722006616883333888855553300556655446622666788000033550022332222474
044881144778800001155882233113322226655221100664422884433556622557766886444112277288877111177333377446511853345554033875500207
144226622228811665577663388552200002244003324441111553366667755668833335588664066118800550011773300770048277747151
24411887700336600008800117766668822112233551166105566444477773377225555333300662288442200226433883344881044554464050
344776633110000885588446644220055557733668822550066770044887600111122113370224455441144383
54488773300008866552266115566881188002288883333825583553366441111445511221177116622224422301100555500477760603077570747872
6443333550055883388661111225511665533662266881155778844667755448877000011007744447711777722114411834400442244576233020
74488443366775566441144666633001122442222668811883311771133558877334444003322338800550000885522007622551155482215765
8441177222277666655770077778888114400668877448866771117552288558833834433002213331500336622660000551466332044761566454
44433113344771100664466333366884400550033007722665544882222115522557700001188008833886622837111761125660025304
4442211776688004488116611445511001133550077557788777711884477225544665833440066441153373244327700888866212
444336688441188006611773300008855557766550011116600771122110022775511558833553311442255224455446644777744887788886666228822332200526674037383363
4441100440055445577556655113311221152007766663333226644228811117744882277778866006622284711436678330033480
4004433225555007766556666445544117788667733116688770088885588448822001122444477442233006273446022221111335522636
4006600001133885544773322887788116611002222005533445577115566776633114433668844470077226622330088666655552827775511117748088
422552266773344337700110033553366332288664488331166006688441188775511557744662200054477227711112233881134021144445881722
4223388558811883355777788002266220077225566441166884400663311330055110011452222470033336600871
4661111006655334433556622448866441166881177003322000022777788222288440055007733004148331127115877476677518
466663366003344882277664477557733223300117700881100668833888855440022114438772266222200774866112282416155005565813
488446611110022441188882222776666773355772233883366444422001122880044774033330077553377771166225566555548663877017781314
4886677336611112211008800440077551166332277666600224422334444338811888833335500005555445566225522228744115582620
0001177775588554422883333668800227766332211335500334466114444770066773377443388666604882233011
0227788557766443388117711883355220000441144556633444266006688887733777755886611332211228822223677416666210
06666885588226644007711225544223322115522884455550022446611774411881100880044883355330033336600114633862227877
08855558811118844883311334422001177771100338044333377005533554466525211228400222266006622336666876636475617278747367
200224466447755887744882211552266883355004455337733227724241177110011444843118888663366665566776613400055754
22211888811115577663366007733331100112266125555227777554422880022006622441518223377004433000724064444871744745
266771122221177443322000044778833006666228822776600258855281100553355444466888800115577333311116655661184007700863
28877221111336644002255227711441188333344882233776666884466226744554433115511008855888860550000677700407
6006688004411775577225566118833113388887733551155333322666677662233002288224488446633440000550011664477007777110088111122774366552
622666611667788335588118800001111772255771133221122004477005544885555003366440077773377553388774464223300227244443311406348456
66688220011887788665544008833881144775522441166112266777700445555884433150058003377662222336633332258842282134606430
6886622442266551177222255221164634411554488777755002288333300557744337733111144447711004400113277680
8224477448800881155441166775555886600666622884466553333807722777766337733552255111122113311844
8664422003300885533660011771188228833114444770000221100776633884466555522225577550055112233315561116722777735804
88822883377885566446655113300770022117733332200335588008844838233661111004477663600555522406680114725377740054
41144333344660033113355448800445533771100111177661122886622777700775577222255224422332555885564774444038888730
433663333440066115533776600550033112200773677114455110011325577778877552277228855882266886664418811116000208888404
455000033776600661188116688335544117700443300553333665588667733162252771442888877885233880022221267520
47711334466667722556644007733880000331100661155336688662277665511448855008877444288882266337777883333522233024
1114466001133004488225555444477112200557766331188668842667722115566652277770060008800332222481873488833537
3337700441100225588006600556655112266883366776611118877115533007788555577554466221177784444000011442244745272843231348202216
5551166224488222288552211777744115566005500884422770077886677113377664433661100444400665533000033558266663333854681812141157
7775500776622331188887711335566557733660011772211002277004477883322448855334450881166112266664466700033005422014433344
011770044228866334400003388444411225500777788115588776644557744883311118800226666222466005555410063008711613377236
0332211110044668888333355664433118822885544447711330088776655777788006622224455220000114400770027317055381518486505558
05544220066110077337711221166001188002233448833557788445522770033330088776655553388114433222255663366682262858244446413140
07711550044551166000066778844331188337766663300110033335544441177334488558222665555661144774400221122332287224422046
100004455556644663333661111441155002211222288773311885588886655105544008822772255335522337755771033226422447744834
12211775511114488668822660055336622000033224433776655007722555544664400416666333388335566778888452
13322446644551177553300110055008888777722884400661111881166776600773355554477102277837702223333662266334422048744341446866585652
1668811008800772211778844446611118866003355448822834411557766552222440011331146220055000066667733775511264
17755770000882222772233006600228811001122556611336633331144776644440112443355338804555544226655046
1883333443311660033001122441144004466113322775588771155445533662288220055557788668888447777337744485511776655006673556633800076410
211776655118844116611224444331100666622332255448800211144660010887788338855556633335533773344558033605500077724240707157744752
233664488224433550088665577005588002222117722660033006688885555115566662200118844447744114460473377771133338833410
25500338844885522444477000077773333553377110044001122881166662222661111556655882200551188880066336645557755476783274
27711446600002255552244228855445533883344335157006633116622004477448866773377226611775122332211013
30044114400331133885500116677444433663322000022551155228888668877882277773377666644662220883333447710584487045726142
311663322001100222266884466113366770000662288334400885544880055317711888211557755550077772477445511444600365586664521276115604
322881133887777000044337722441155775511884455552255331144776600558855668833007788666677336633446622664422220066544
355004422771133114488886688555533005544445577883322882255222625666677337700777766334477217758774466116600665800110000340
366663388558866556688776622117733226677445533115500664477118822884411661133775555770055222233330000334400220071260044642
377003322443333661122228822554488887777550088553355855566804422118633871144774466220022330055110000113311115577334600667766526
388116633334488335522772233222200554466110077113300111177443377887700336688441144226655667766000088002258662211224477740884544
50044554477331177668855334400770088666677112200225511338822115588826611006622227777228355664411665577443374814
51133227733118822110044556600228888115533338800337700005544885500117722661166442788335588777755557633066
5221122440055446677227755113344111188661177110077666600337777883355550000445814222288538822668800225644884322331700173
533552222886633778800332277774433004400550022447700718822668855117333667844441100666001442833813345816
5662288118844553366550055777700661166446600113333111177551100442255880088883377222077667711555528666633441144338877330544868351278744744
5774422888855001188007733887700444488668822777755664433335555881111662200222211006611226633003366000056784471446
5882244888833886688000077556633111100446611666655335500662266774411337722227777647455552255440022001300533344336233242
61177664477558888668822881144660060880077001167227785336300445544224442055521556111810381237
6338855444400118800775500881155553311668877441100002244662222884477883355882200330055771177004566433346551133666611260
6551122881144113311778844550011888877774433775588336666882211003333223355222200776600225533000444663388556624016678064615734865554
67700558833884477887766008866223333221111775566888855003344336611226644880000224411551186671144222255331133577
700008866007744005533225555116666447711337766117733115500662244441122772222668855775522338811887778443355601111445544821100220422846
71188335533111166112255887766442288882233665544551177443377001733002200550088662266885522144
72244112266110033114466884400444455443300006622111166002255552277775533556677337788776664885510888825883388605570701814742508032333634
7336688777788221188116633441133003377117744226600665544440075115566446255000011005588555522228833888844886200845
75588112222553366774455113300003333110011116633223888554400552244770077384422664444882288776600665555704411556622766
76622223377118822550011556677774433441133331100226633227700442244006688558866665577888877338803664833528841714
7882233228888000011551188447766008866333300335522664433114488113344667755553377336655774122550066668833885541117102156275824
8114466448877445544113333667766332255338822888855118866226611778844220044770011110000773345222211672247771577550060208
83333447700772277553388558844665577778822330033112222664411886600110055220044006633661166880088867666248155550024556144313425444
855004422557788006633444400224466882277333300331166665511220003221141886677661177775566415
87744227788223377772222664455666688113344007755448844660055557700228833331188008866335533006177112144410
0441133886688000033114455666600551177885555448822334433771100667777558884224444001122550022221155226737447761872
1440033330077550066663366000088553311664433551188002222332266557722001155667711777733778866888877005555210044445588338844212544834464741
2447755440077888822111177448877002222005555772274663300443322665566410000880033884122883355006333613371481185116520158
3442255668822007766552266112288887755554400883300662277443355004411884488551100111166446602447711773333722533113383644
544001177220077442222660044332233881144112277335566447755111133118888221155337777887716885577646
644888877440066663344110077335511224455220055661188446677771111775500330088116682114444770222637722778233115252836421332384333
744772200556688440000660088221166664488114422777766557873701133332255335555002266336671554444111122446301043281723224518
844001111887788117766660055448866447777000088338822112244330022056611553312885577551724445333663344262
4440011116666555500336633557700551144880066226677887744222244337466885561888833886288113311558844553333000042034
4445577227700115566222211443333226633550022880088777766554477888811117744223344660066882244116677110006448844058855312
4447744337777223366330066222255446644558877665555773388115532880057524411668822003844004422111177110077001138886611485021866676012
444556655446600008800442255117744884477666611002211885533440055006622772222337688220033555522443333881153612
4003300001166441100882255667755552200222233447722887744553333113388118888335544668866306666111122662211442277770444865737678714324
40044117711223333111133775511444422115500885542226633666600330055228822056677886688887766438833532
422335511884433228800556655008866336600440000112222115588776644555577883333777711770077525477330024616
422660011550055113344771144441855335555666633225577772222773366880066220033378866140022888844881544546088375747670
46633668822228833887700553311008888003322447722667766113355885555001111441166443333440000445563006711777744820
46688447755660044008866220011558855770066114411007777665311882233826377334444524482274430500
48833112200660055881188775555113377008855773344304422667711777766884444002255222244115566221166553100711
4884433005577775555223322887711556677446655335511000011882271220033888855006600225588113333663311122266221455440044447244180426168866683
00066334444113366001155446666443322770077661166220088024422333355338811882222111122665511473377475555278717230565850317757
0223388887711660077558844885577446666883355331177000055551100330011440044332200852255063333421117624
088110022000033222288662244882277001133665566443388777755333344666677225555441177111144021155112846118603050525758
20011005522117733112222778822660000444400334455332255114411888877115588556633557777554477662233666688006644667300786614243
2228877441144662277881111663322557777337722338800668855113344771100743355224426553334554448488868255580550040103
26633220077118822888877225533004444227755115566550033664433554455557744773377770055285588000028440068631111448811634
288337766660088558877333322334444555511771188114477880033663244226688221155775500553644112222001111002626552677261
600774422444455337788335588770066116688008888446677331122003322221133663333415555111177110008552266664233872255475767727182814
622221155331100554488661188880088330000776600111177004477825553664433334400337733223356338711442277775066644452624
66611227777003322557766771100002288555566881111772200660822114477440221665544333355336644445588448888334421337465286804130313887
6886611007711331111552233444477770000664466335511882244003333222211775544884622667733776600116577420
800334488220055663322881111664466222211223355226677884477438866110022772255001140006600476666824
82255330000555544440044660011221133222266336677227788551177550033110072886655662233320088443022418156864611466111606
86633227733668855881166448844008822667711338800662288777744288111000033330055004447556666557767072
8883311007722227755337788118855886666335555225544338800882233661155006622816653446600332004044477771177642
4110000770066772277447766228833008866668844222255663333660044332211661133888855335555005522337244601
433330077227777332266770033666611551111001122221166554411444488550044668844771188005555881177888877557766335533113386000062334252002283724
45555008855331111442255881188884444770055441100007733774488220022228808666633556655776677771177543333664133421156116623860
4774466003377881100554488335555332244336644002266118844227700113300445500065566773311662233338855228822112254411148666688088877534
11155880000770044221133331122441177118877227733448855665533223300226677883366001144554444775577774432228866288827668
333442277224433551111770011557711663366554458778844000033008811007766775466114411222200226666444477723
555118877550066888855220011004411222288667733000077772266057766665544770822443344442844081177111166461133114788333366332
77766551144880022228877555544771100116666337744664422000133441577338822332214433307083368884262425277885728186
011665577552255004411330055440077335566447744334444555588442222668822002211117700006677110033776611881154660088777788331126266
03377008855778833227733661155551122330055445588887777556644111144006677684444331100002200447715007722221533338810182288625
055552288773355116600113366445533334466777788666688444488331100771122661177558800223300004400888744115574225545018
077446644223366881155008888663355775566554455558822114433332288440011006600224411777722778877111188005522004477667705337733185
100003300558800446633226677333388556644008844777744228877883377006688662222334411557766525077501133111177116811272361882148835
1225500332233336688002200885577000011552266551177775555445533771188661222778877334444663355664488441288883044774436205
133002288442255440000334488661188883355665577338800447700551111221166222266660011008744446711475722076
15544008844116666000055663300448811003311117744225522112222888822771188778833885453220477773677561134662437064
166440077550088771188224488551111445566110044770000662233221155331133442288117788002208443333665555776666374411222255267
17788771155664411332266884488000055222244558822111188338855576677330084006662772233112200110022877704642
188115511662233888844112244883322001144227755006600002222113344556688557766777700553377331177886666558870810115254
211551188660088228800778833225522440033553311002223004436114466442655441166770011113855774444777766668810662755856554548
233331133666611226644441100445577551166337744227766005500225588552211117722224488115557888877118800770000882203284
2558855334466001100223300004455003366778877337722007744228805112244075544114477666688881188444111771133116633886626561
2778866880022447733441177008888442288775577446677222211003377661166445544405555115523556311436383032183312
3002266224488335500663344115522227755888866778800773311772288225554504477774400884466003333668166518
311550044001111446600225588663333222244335555116611337733665566221077445533884488334444777788776677088812882233042276885208064
3220011224444661155110088000044777755664488662288331166334411335588772233006677665577884077068855552277421
3552200882211445566662255551166447711334400224411007744663322228810005544887700665533668866044788475587227305731
366113333777711226644774488007700225588778844000055220011008866662233222211663388556677668811114433446600665542404533150
37700550022112200667733330033552288558888446600007766336655441188001177226622445577443388782233444422556611008481432
38800112255882200446666445555005533770022661144117722778877110033007766888855660000884444228833222233336488634
5005577551144112288227766667711881166223300443377003388553344887744065544555588663333664466135522556318444722078
511888866223344336666338800776688222277556677005522110088114422000067773377445533554444055581557411713333011
522116644446688006600777733662255443344001141332248772222667711005511778888118855775588337740884655556277631387030
53311001122111222883322555588557722442266150088660077440066667700444466443366334477662544580
56688331166220055885500666644553344663366117700228822443300442408667777555577111133551155288
57744224433778833221100003300228888441133334400485555117700775533886677776611880055666600116622665522227733663355406641412153108
58811113377661188666633556600112211771155552266885500005577007753225422227744667777223300334440888833882200436
611227700445500115588110088880055333388221177224411885511336644334400778833114477442200667755600033776222332260284
63311224455443333441144221166000022225566884400336677223377664444617711881260604055553355775588338855108
65522661100332288333366446688553355557755116600007788004477001177114411334422448844006666221111220022356635005447372
6771155662255775544337744668866005522444400448877665500336611332233447700666633883355111188112266480022882217888840108
70088448800006644221177882233661100553300775588887722728855114400338811554443550022220011334600462255267
71155113377224422773333118888777788008855335577558866221166443344770011440000552255002204667746176562336813084
722770088448800117711006655553377881111663333220000552255773300335588834433112222442266445544775510440622866
73366552277118833000011668822226633117722113333223355114455777700556622554488007444337400220033888811008844612282415
75577772244882200774411442288551188881100225522113355330000556600116655554454080848661111771122776677337708333322336633815
76600668844667755444433338800004422223311115588113300555511772277770022441122001188553322552211445577448822888866447088726655666621050836116
78866777733880055440033007700660022227722553344551122333322882266111133557766444411443311881177442244884463647168704888583080100
81155334477551188002211668855666633778822445555888844110077446600001111773300886655006612777716272484240577644523154383536323370
83355221100002255882222444433220044115577555500113300336633440077665533773311662266667788660066880777042274728
855668888335555000077770088441111558822776611334433886655220033005511880044778544666644448244021
877220066221122448888338844222255223355660044110033446677000011885577666655553300554455008024447744014436115511373
04400553333551100661111888833220000773377224444777711336677884455001177662255221166668877446650330022227751443344280088531
144774411887711668888663322773355111133112200885577221177882286558333662233848344554422226666006641000055002255624
244557700777766442200666622886688113322773366117711660011882263558844005511000033004477554433337788774442338808385257222
344116644447755882200550088000022223333113366552266003322553355110044668844886067228422478
544446644885511440055338822662222770022556677888800777766557744228811224455213311000088666611550011883300334411116738743470684580455
64411771122557722331166002266110033883366558866220044668844001111555522228811887788554477443333556633444247337777000088205
7447755667777664422446633772211003311448844445577887700782273330022668855113322881166554433440066108
84400008866772288333366004433550011003388881122662222337744220066887700557755554477330022771177885533445582556633266777611144118
444888800773366667788771188226622000088111133221122330066337744661166556680331155110477664455557755441255324
4441177446655222200668877883377663311114422775577225500002266660055332233662288224888008855881188410046751866130070134
44466000077221100220011554400886633773333113300338811225500551188006688887744552288223344335588327788426622422677117756111147064
4443366770088331133771111881177222211227744661155886633885500223322448877880000668824003341665566664011460
40055660033888866113300008877664488220011555511771166881188335544111144558855336633332244484311002222770077221777857736774500452236525282662660675
4003322117766444422224411115533775500116677335555665544778811227745777700552200668855882266223366338800051138310
4226600444466110011337744773355440022118877885500330088881155663366223322224488338866880000770066477711775577220282552275811165355
422331155441122440033228877776622772200771111665577552222558800663366118888447744667733885566448822668144330000817786660133555533410
46611227744118855442266881166447788007711443388884400004088225577553377223322113355222280666655550107036622451586720
4885555003322662222883300887722337788006633558866446611336666777768224433881188845577551155342
4885566007755008800442255557711882288110033831133445533770022333366773300661177776633226622001122116666564
000771122337788880033118833884466663333228822442255330066002525665500117766770044447753668877248
02200445511776611554444110088113388775533557777000077227733006688224466221122552222667711116655880422840141878633666643150566032
06622116644440044336600770022445566331100111177666677554411557744223322881188008822773377112266858777220033400
08855440022338866662200555511330066775500337788444477331111882255665577227700114433336688000044112211083355332244642
2000055004488554455333377775588881188444411002244227722883355771177667733661133111166332211556666507784774466401122522
222110022882266886655664477666611553355114466337700550000334411772233225555227733113333885588007711888844883300881126045575444
2665533772244225500441122770055777766338855440011881133555566003333110000887788002233666611662325888848652757115741114
288442277776644667722115566663377555544551166557733118888774488625500708833632261113333006100002224005524338800347414481535885820401
600775588337711006666886655444477220000551177338844885500442233667700222277776622116611112266345
6228844338877447777555544110000448822115566778811888800557733550077113377226688666644003311446611112277076455116442553333422
6664400334444881166553311335511770044221144338800663333224455773377555522556822227777111155407788772200228888530
6880044445500553377223344228877778844115566113366663322440033338833111188221166770000886655226622006606430711773355112748588
8007711116633337700881100118888772266442200446600002211336674114433882244445544006655553355225570332233047
822556655003355338833661155773344223311332244778800114435554411110066002588774400008811844511666647005711276637572770467626807
86655443322666622442233117722880000663300773344778811444400112222115555338888227744116677003355884600420055664255751680861025052
88811338822225588663333442244332266664455005533660032884444777744667711007700661166887755772277608
411114433331155336611006644225555663322440022337733004444558811662222883355221188546677668866001122680007770888487788217
4333355337700004466442266115588883311440066660022005566777755112211003344423388771177227788111188557733222633055545062
4555533551133008822007777338811550022552244003377006611001188004481447766774466663333664233256
477442277887766113344110088220066772288665555668811440000225522336622666643337711770055115588554388063
11188557777336633225555226666550033887755882200554466004477224455664411770000662233448800110028115511274
33388440077004488220033112222337766330011881155773344775500227744664455888800885522887788365555644422600
5558833112266773366338822552222006611114422332566008866288811007744440044334466665533335500557766480000337777254
777112200884488666611557700007733558833778888556600221133440053880033323066364477444411445188111166882222862266742
011221111887733114411771133330044557755007788666633774478556655882222002288332233443388000088440036442254826622706
03366660066332211553388442233005566441166881188550077554477220022448888778577771122552222800044008700165
05522446633221122558855114455667755570044222288336666440011660066223388880022043311113333776611077728174
077660066558844773333666611777788553388331133444400448877223355008888663300226622881166441144224577118822774511254
1002222776666115511113344114422663300773388882244880088444466771166550055335555668777225522003366223333770066000014331477875400474
12288661133888800001100667755883300556666882222007766004466557711442266337700224433116644008813235333484853672877303787774
133227711886644775555665522441111660033008855444466228811006618445352126688773377440000222233336633448200742054301676604
155221111004466117777668833113377112222665577224455330077558811447744220000885566223333448866778888006640366637382
16633447788007744000022667777335533330033886622001100445577112244442222558811448822888855551688365
177770055887766778800226644228855227722443366886611663344003333222200888255775555000011007455111134666650662144715
18866442255338877112200666688117700445566332222778844885588867744008286551111555500110055444433000033113377773333661166246
21100220077112266445522551188334400550066223366663320886600337700444433888800041177246611667853331133011146582
233555511332288772211883344110088446622448866331111773300770000312222775588106688220015004444778888054427776677456646552
25588003322336633441122226655551155440066661136448844771100773465778877002244552211881111672200550044227855328868882
27700663344335588446666110077447733005577226644002222488855480047551188111122882200116623117366887376532606715148683383313
30000553311332222370088776637117755777722552200116666773688312277888844441188002244665566442866082555015581054
31177887777442211557722664477556622883372227133885500884411440066000033001100555511186655336638158020704
32211552255005577883333116655884411117777667744554422661133556688114444002222775555110088003300006600770044773377120877263344348
35533225511552211662244666644336688222277448833445544487766113388550066555588472266333311003300004733777700802
36633551166778888770000222200777755557711884477332266556644008833882255443855005532352666004455868067244481742141115131012
3771100117744882266331122007766000022221133883344332255666655114444552277224466447733553333604088115577555500305
38811115500775577660055226666110000332288334422443355116655556622004411770011445588554477118888448877772277837733330677440366331236864
500335511001177338866448855771111444400006655334433225544226677661133337722336744118822112288875022227043116071508
51100005533118811770011443366664488446688886600222244442288225500777755771133773300333355558633840
5224488668844557766446611114444774400115566771188777788555511626700338833332233000055442222002254336122710
53355880033336688442211662255114444888833772266440055552288220077110000887733227777006604331133885577556455081
5662266664411443366110022008833888822116677442277663333775588554400004455001111222344447711330536886604884467851155272
57722662244660000225588442211663344447766665555336677445522883388661177522800443333773321887788206
5883311550088222244777700002277887766228855337722665522118811440077445571660011723355110044666644886633332204288803884346867611312
6110077770088772244117744666688223300335511331111445533448844221188115577116633778855002200555588883333662255660266547733238677664
63355225588331122110088442277441144666622882244551177333366447722000066550077518866003300116678734488881680444400537023832
655775555332277440000334433778822111155224411662677236633002700771188554466117777660011473311305511008888004065056838758848186
67777110011664455881111442211888877552277662266331177004411557744006611330088338855007788402242220255333377335555428
70077888844110033662288550055661133776600443355227744006011775544220000881155777711222233887722555533221188224455844
7115511221144118800135577007777333344223322553388552288447722662244006614337755666600448888776588144788220000530
7221100008888336611774477007788220066224411886676001122223322552278554464226400550033335533011
7338877662233553366117744775522881122227777116688880077886677224400558455444433770044663322111133451180660000150085755
7550044337777113388448811663311222200772233558833227700667788887733003333440055557766441155445511114422118611753242526
76633336677885511884477223355666644443300665522775577770033448811553322887733111133771122446622660000442100774833886611401165402820888
788776633111100442255774444008800556622667777222244666600001122330077335533661144554433337755558855117711338811550866552202883328288
81144554444664422773322224488447788777746220088003366330066005588221100111166112333883348886688550000275
8554411118811331144003322336622772200446677884488666655117777115566110022443300882255222266337766006683457500758
87733558800003322113377004466776633668866005511885500662275730071708811002266442222445555225533444438220404812234741161556111454
044776677112233116622114433446644886633005577000088556663555511003377227174018888445544441244228872220268252835350808158
144442200777766116655446644338855882288772211550055113366003355773322227700008833331488006633445555325
244225511770055554400110022771188550077660000336666448822661155338844441142008888337733558877880133334233022217228677475567752
344114466554477776622225500221177116633778844228855331155881100336688330088880077220011118877005555224433335575666644006600448233826
5445500336677001100008888337733005555666622006611553333442255882277224411664444884477443388507777513322111122228462635
64477550000774455666611332255888800551166228822287766771177331100448844443344108833885544202
7441133886611778822114488331166228800885588772222550000226633005566884433337733444466776655118200770066047775240
84400442277336611222211441111550077665566774477006688113388734466332233553300885588337644466622660822455521880885116541057
44455446666442277555500330011774411881166006677007777114433331111224477221100008866880022004588778822237733532
44466008811770011005533447733111188442200777788335588776633221166775500665511441455662266185577443333003382336520254
44466000022773311661144004455441188553300334433882244226688362200113711556636550068112227447755552488486888780
4447722777733665522338811666611443300446600888833448822884766437711332211886688770011222255111155550022606
400443388881111228877224455441133001188668833773344777766333366660000551155770077116611448802332222564464421273126
4002233336633444477112222115566228866882255335511883300555522443326006655775588000077776677001100445086111141372
42200660022333377770055772211110088225533118811774466335544041166444477666622888855226688665588338844880733022717845564332505134755536
46655443311440066668822880033225522005577771133773388667744884455550022441177551100442166333300853
4667755443344006655663366882266428877118888001111773333777700774277881133115588551100883388462
4884455552244226633223311225511772228114088002011886640467755776688337777111077806666256615333383050
48855332211556600442266334400007700225555443300550033887722884466567738227746222240888808116688677711775837612181378101114
00066443355773377220077550022885566552233005533222211008866225366668877774477117788881111882444641144834
02233555566117788663322446622221111220033330066773344443388774411442288557766558888005522508816882044883400175
066776633331144000044887722007711336622888833224433774423884466555566661166886644753348550055430081210
08833778888775555884466220033882211000044442277770022330077666600552244001133331111665500661855143328141
20022550088882222880055556666117788771155333366223300774400335511445588331133770011226644447777634488441188110044306577546
22277228811447744555566000055112211771155336666550011884466113300664411180044882200337733335833486
26688777700448844660066110000882255003344338888007722773377116666223322228855447744440866555566775577813355333361215585211
28888445544225577005522227766883344664477778855551111007722665533330000440033556608775508614444117711624431513807382817448
6003322337755447788006644557700440077227711005566334411553355888866552266687844331133330011114444221122220022555511716
6220044333388550011000066884400775522223300224455665588005555335577886611572288226677003366008877774411771188111136664466347737614
666008811771133555577003333880000551188227722445522112255336677331166887755884488332200442288556744111144440022246
68800445577001133441144225500663311005511772200776622446666558844883388553322335544774433003021555111267777816
8007722773355447766443388667700001155004455220088444488734422224411440611883322113311116333758888512
82211002255332277115566338833335500336600775577334455220011778888774476646844004444224411222800551111614
866330033880066008811337700111122335511888855883311002277884433441166221144005533224444554477446644266
888554400443377447777330088333322775566668844664444550000111100553311441122118622220022570077223422871
4115588550022880000442244338844440033771133554300778822772222331188663366888833476651662211226666117740887600506642010
4336688667788115555337733441188007722774400226655446644222211666633552233113122558877776611114488228888445088520044701
45533776688660088222277226633004488336655007744667777558844006611556668003322112233335511113311000177114477034
4774488003322111155442200770088114400005511662266885500110044660022888822775555777711330066553355666633661233337766478
1118844001177882288660066556622220022337755110000776677770044445577338811553311666644663333447744336688771244883355558855026
333224444111166114422335511336622887755666600552211886588338888112222778800447744846577770077201
55500885544338888661100556666001133447744003322441177112288775588445533663352116654426677668822777733770077820000223300622
77722336655662211448888224411666644004477330000775511778833374466885588680011225500555522002288708
011223344773366003333778888116688000055220088557700442288224411445555115544440355064
