4448866222266331111557733551177558800550088114477007777660022556664628888403377400043006825553343832523654
4000077551177331155338888666622227788445577221111333355660088330044226611664466554433441144880033663370524
42222880000777733551133338811557766660088226644337755331111444466887744110022772211884400555522003300112255004322354
4666622000077333355557777553388881111006688443322771133001188334444117744558855002211223311480822663376115511665566728
48888006666551177553377113322220055667777442244110022668866338855776644003366111163334833558825554733007700104
00088666622228811331155337733332277557777444455551144887700661100117711883366330077220055226600302244776805642
0226666225577773311553377113300888855004444117700118866887766333322220066000244223544011144748
066882266115555113377773322338855444488110088770000228833552211886677116600553122076666227466342
088886622226633555511777711115577003377660055338822004422884477880000666644118833330072552244665566110544085444521166723
2000077551177337766665533111144442255778855001188882233332266330044116688771155664453881122886344774433670
2226666888800005577775533555544440033337722001111778877116600773344110022118822776622886644550066556611558811225044223744884466343
26666888800005577775511335522331155558855444422111166553377882277443333881100330084667766336600225500664400173322824
288883377773311115555000066667755338855222211227711001166443333003322444422334488007700886611778566004411446633520
600444400882266551111557777333388552277553377113355558811228800550033442222117788667766225566887722047704116648324
6222200005577335511558888333344446655001111336611775522667777886666887766337700227722447744332251664404110822384
666222288000088773311775577776655113355444422115555007711888833332233886682004455867700660011663055224410225532726
6882200883311113377555533662211773300112223264444007711881155000055885577004488777728445566665544667744760
80000886666222233337755773311774444335511115555446611336600116644220022663300338811005828471148387
82266113333555511660000228877773300881155337766447788006666774466844433442244550077225522236650114411803311005126211400448
86666115555333311772222773300881188225500775577770066228800441133552233444477660022663388884488558831665566840
88800006666222277331177557777002255333377665555115500445522441133448855882211114433001166118680556600754423540
4115577113333550000776666222288884433221100661122773388777755554455665511660044668855225537226488605588108
433775533115577116666000055554488222288661133004444551111888811773366227722112200883321447788777744002
455557777111133666688882200004422117766558866222244115566338855006677553377880088118877002288446607443322733311214
4773311775511338888666655222200441111557722556688006622884444003377005544334466460001476633330323536
111557733550088880077666633772222331100444422553344002211775566883333886677443366226655885555445511330000114488720052841
333771111775555222200888800666611667722335544445566004488331188558822663366442244670022174322553300357
55511777733331100888800666611114444222233778833552211662255770000227766885544887866336670330054665266032283818
77755553333111122228800886600662211444477337711667722000055888855004455443388776615778643668305174
011557711337755332222888800666677331100227744445555881188226644663355112244333366550055440000330082338200447784248
033775533115577116666008888222255667733887744441111336611440066886200550011000433335555442277772264770177645582824
