44400445511443322333388335588774477556655222244881133661100668866663377115500880077225577001111777766755544116000502421846
4446600442211008811557788006633665588447777448877554411661177228866220077118833335533443377045566423302555502622
44433006666227722556600887711117788332222337733445577005533118888558811220077775766116644114488442211567
400221111003377223333556622666655331155220066000422884455775511447733664466777788558833225505443384822
400558855220022665544774433007788004466472233416627555088881100118877006688331111438847637
42255222266224433886688776666446677550066337733556655115833223300228800008880777711661177447780333311018
42277440033115577002266551188447722110088111133777733882222333322554455883300448877667755224444117711666600555566146
466228855448888332266884400220077773311116644334566000011006666112211551133005522225500455587557722335533878717074
466331166773355441111223388337766888844001100553300665500002277444455551144220044777755778852887722666333224188015
488661144446600003300664433887733665500883344551177111132772211881155552200225588557755362288880055622
4882255660077440055881100445544227777111177001133886611665510884410226666336644772222444465778200337733443333121
00066661100225588660011228811773311336655111188887755220055008844774400334411444488553333555544330044557622223374224566432
0223322003300445511777722553388558800007711336633770011221166775522442288778888118826441155554444361144068111065566066
066331177118877000044446688884400550088114411557788225544333388330033660022065588524477774488028866613324575723776
4446644886633883333228822553311550000336666888877773377554411222266774422006622334455881111771188001132116022784
44477887766221122334400446600777711000055884422883388661111772277555511552260333311336355381160206501856575414
44488661100446688441188338811557733551111777766442288220033332233775522226622556666000022772211224533601160806
44422884466662200333366001100883344552211554477664433223744885511117711227788000077004632618888114137782868757585056555316
40022446644443388882211007733115588332288005555442266770011884411114477661044550085227480635563057
400224422883322771111006622337733113344326688778800770044777744660442552211555511665577666638667566485588414
42211774444008811224488887766885522225566446600003377883388632263557777111188001100770068447755550055882455154
422001144446644776666336611777722227788338822668855445511660022448800333311330000665533425500558866728888708840411101532
46644885533776622447755221155110033663311442255008822228888332233887711881166880011335577302266778844000066007744355587061725477666556
466551133221144003366227777006611223300773344115522558800224433887744556688116633178828884488555544405530886645760
48877884444772255880077330033888185551100111155441144000066667700453377661133112233336642228622160
4880022550000335588330066228811441177227744554444334477887758442233113382004400771166110011526
00022004433001111556666003355887788886633774488005577772288113344223322114455553366554466444477662244006522227412631843882
066113355665500441188664466008800555533222277585022330788443344777711445244887733881177667744442266311
0880000220055882266555522446644003366883300445577337755448811331122116611771111553333223355663384222286006666776621810
20033336644771144443344005544553322663355665522118855550022225588446666227777007788772246000011330061588833881163710
222002211550077771133114455556644116688001100337766551733661477887755330066335544482233224722558818433348586
266112233338888004444007766554455664477008866778833000411332222550244336633777711775577385511666688772488442625255585374111815106014
288883377226600447744551166330033225577335522333344661144336677111177885566665500224411331152227766442210668866287750705
6007766662200008800225522445566334466777733228822774422333300448866447711731111441188554400551155558888112211365
62255558877885533220055667711881155221122227755002233331144446657448800886688834400330000660044336611777722447706441106366
6668888226655556622887711004422440011223322003311883300008844660077447778661166443355115533334133611170654
688443388333322441111220088228888774422334400004455881133114466444066665511557755667766137788550055422257102
8003322441155662266886655778811007722554455227700446211775533885588330000111144223311337744334477112208440734876
82288001166114400225588110088664411222277551177111488553322667744773355663316287700660077665577288387877373444686636303355545052
8664444226688334400775544660044770055000022114455330064887788118855111177112277772202888805738311632
88811334400337711555522118833336644446666002200443300662288558800887788424680773311777755776611412
411665500777744553388003300885588775544886633112266773344778822114466442255113322002288883366661111001177118000552222472
4336611225544446688448833440066551111447733220011005500886644116633885566227755226600445188887788002212331822281353042677774667172337670
455330077668844665555444400441166664433117788661155885500663388005577221188223366225566775522681111442200113333773322227711003342824
477771188554411220022666644888833004440552246111177550077333311003377887766770088023388125588432272228533456655163
11177447733005522227766770000228800114422116611550075112233660044334444662255331133220411881104554408655578583
33344002233115566113322445522880033883377111100117744441144354422558822006600026655776677778877222477518811666624886638564
5554488775577116644776655002255884444552266227722112233228811338823007744251188333311777788886677001111506611466600868
7775588774477885544442288008844666600443377668866445533007722771155551133467700552255662222333311110011721122088633565363214161838
0331144778888448822550066118877772266004433775511665566221133554400228866883333223366444462224533415555712
055774488115588880077776644006655337700886666778822552222112244114433444711113311001186127366333300332000455500251
07777335522111155550055116622332277443388224455358877661100446600884411442222581122000060302
1002211336633220088773300006622664411550044774455227755881111442255554488222288551122335533334888061182466
1228866441166665544002277330055552266338833442577445536007711368811118800008888770011003488558844678827550067643441514
133118822447744001111663300443355442200665588776644115511778855002288003347126688667777557700027733883377225566122
155663300446666886611443311113322225555335515773333777755883366448822102200554477665500660077003344445877880088500
1660044003366330066774488554411005577665555118811112266117733778877771433338888334477527702335244662288621254244
177338822666644335500662222111100778811440011227755554488774422556677000088884411663322446611845577771447260
188775522667766115533662233332244225555006600117711446811008888604400220822773377772211185577045564443355148285831543834
2115511116644224477008877227766556677554444660033117733553344112222332288220066661100777788662555885573080818483333788
233110033884488550088664400447700551166772200665588883344115555777755445377661122446666007711774442778877336622668811113322114352833632522010002
255110044006611115544335577774477550033222288338888555588116622117766886666771122660011882200227722346658000087305
27722661144441166333366776688448877447788552233443311888833812255556644006600220000770033005500110046553355873
30000773388886688774455661133228822446633664400112200444488002844116600662577117700334477775544314421558
311882288332222777700887722115500668844225588881177440077885555667755446600336622330011333344338866111166665577110000226477651124114440504
322885500666655335511661188003388667711777744223377883333000011446688443361554480775577222200225522112274455560804
35577337744883366661166338822223322662255667777112277550044664422114444111155113844552200005555308
36600440022666688223344773322887711775522774444881166777788443333115588003355551111225500001188837722007700664422114412224466508
37777332244330033441155007766663366770088660022000044006688226622331100112255887711885555111144448811335533888844222287852214761
3884466557788228888556677551144770088668811553355003300007711776666222211226344118800110054477722004277483138716
50088881166001155112211776622774466441188556613552200667777336633224400004477882266884422228833007433338484544
511886655550022335533220011221155885544667733338877174400666600008800330055668888444488226622772287043344542
5228844880088777733774466660011112211885566557788847711455583332222662200223300003355004133417766454381610365315
533557788004488661111337777336666881144117766444455006600224400330055221106331188775555115588556477222275446428884388232
5668822884477112211005577223388770074661166733300118866603371117044222255331133440435020244526
5770066110055446600001177447788338866773366445566668888442288771144337722221122662275007488008166311185851
5883377772244775511778822115566774422330044112266111144557711666658001488887733885688622
611222288332277336666440000223388003311777755004422447700553300882211884444333677662266887711110011651144152200778888657580654
633113300221144668877886611771111004455660077664488220033885555777622883355336655880066615522550000542
6553344663366660088117766110022226622447733882200111144005522115505112255777744443377887711888844116677227705664424813586855
67777881111007733441133337766886660553322330044558822887744770011736844224400225500003880614182026122716575251545556
7008877115555443300773344668855331100336655880000660022225577448811227766442288226633772844114444556666777781333326104
71188338800550088448811000077886622115533666655661122004411668822885522333300331111334444006244775555173324542
72255888866447777443388003366007711554455111144887733550066662233227766113844110004224672821122055535622
733336666227766888866330033775544557700552233225500228844882266442200113311000040661166051111222211814
75533221111006688663355112266777766660077444422002233008833661144001188880044333344115555445587337724664503138
76666113322774466770011883333885544331177220044440088716644222255224073555588182233084
788550055444455336622446666557766001177223333006688220044332266111188115511331100337733587777441166771144770077584
811221188668844776611114433224400551155885566552288882277774485778633331174110000116666006644220044430022636343835072325220803
833225566220088885533114422111177663388223355887777116655110055000011337733007700333344112226115811886644775800446433606024044
85533775577440000776611444455441122448811335555228866227733115500668845667777111177221166001188338888223333620033008800522
8774488116655220000556622882244007711008855114444227722336688002222635588883388645548431111557755337777817703250
04400223300884477445500003377118822441166336622883333880011556655117788773322666688664422772255554444885588107777534436020212288616746
14488665511550033667744005533220077228888225522441111226600883388000066447766334446116043077757131
2441133443300004455003333110055668866775533663277448800221188222288557788111122551166117766662200665555844
544667722553355881100115566336666227744224433445522664400880033000046002233776611665866884133270067771177387758582
64411338800667722550011551166228877330000335544776600224444884422118833663377770055365588220088556711114455552461710
7441177662200775511554455001133552244885788440066336651667722880088771111223344227700005300226688660044777388118888244311033373264
844776611220088775577440000226677772222332244334422551111664488001100330055007700641133881188883444554468673155256828553587855711714
444221144661177003311227711004400880055332244558844336633773355668877555522067788334477772255776664115511885503888822881542226233033
4448811445533008855664411882255007711774422888877337777666600447722338844001133227700526688003344333366331111067758661166520
44488117755668888004466115588447722338822887788334433331188555574226666336622000022224600330081337100612160714050111
4001144666622448877445555117766118888111133115522886633442218000033777788227722002255771600554444173062304
40033775544117788550011667733557766113388774488334433225511006633002276444866555522220000760088228811221155888841118311456
4223355447777111100117766774466227755553322221155116666333366887700550077880000881188882244112488630024003377338855772445213841483
42277771188662266885555884411663366447722333300882255665500115544552200221144635511112288880055334400004433103323881488370067557767378
46655550088006622667711330077338833224411445511000011112288661177556666004444772277663355358877448855781155482848818686416
4664444004455771111006677888844115533228800558855227722665555001133117777442611660077000088251120233306337626668183638351434
488008888556600332288338822223366778844552277447777113311444466440066335500116611551733330055334435558755420040226622407766800
488334477336655443300221144660000882266113355557744115512888877668866777788444400445277205
00022008811337755553344227711772211112222667766118877448888550066446600552288447733335511557777883388025546865586662633130563632
022444422118822337755004411336655112277440077117733446633880011668877888844772222886677776644852265770000358535456
066115511331122110000111177440077114477660022555533888800330088332277556688662244441166443344666677004500552
08833777744448855884422667733440011664411221183227781557755445555662200003300553333663387666600665722423310402
200778888552222663366772277335588224422118833117744775511660066441133000055004444661100886666880022584403223626545487670711277141115
222556644552277336611667755884411007777654422333344330033226862446400001111328811220022155500557700485518082877472837888
266440000666655661133445500884433777755888877225533885511446688336633332288221122770055771177880044430011667031062
28833443355668877338866441100447744220088227788006633223300005544555511770022552221114444884466662011237651585884016183613
6008877778800775533554488334466331122225500441177118866556644447744224400003333005211336882001100227733772262338454316761428111570
6225566331188000011008833661133552211772233778888446677771144228822257744553333887733206666886655554433447755103
666332233660044224433005511116677335522885533881188225566880077662266445555775544112211558011777744702222706080003374831404644
68855667766660077442233228833665544448888116644558822001133447711221177222277000022446500410055330033773355777785211150833
8005588228866553322223300337744447700446644333388445555661166778811887722002211336711224000835502710
8223311227766222255778833007744554466888877775566770055885711772288447200444400333344336600006644221133280020115636566868116084818411014
86633556655331122114422774411338844880033664477117788223333777766115577002287225522250066667733007755554433205511660084558466810344062
8886666771166334422333366001144111100330000220063552288008855626077773388443177557788770044881244774444625544555514022
41122330022447766882211884433660055448855111166117788114447787080403333113322665522550011506666720
433221188667777661100003366447733331144115500775533557700660044446655880055117811338822384455666622663680222244827
455005533004411000088555577886644773355113322665566660022883311668844474700114611558888227755206673662345463
47700778866660022334488006677224466552266883366422255481111001177551155550055882211227711331146220083537
1117755000033555511554422663311336600225588661122333344337700118877224455662288222488553655776688884716652787374
333551144446600222233774488334400776655557700662266773366442277771155004433111133008855888866663388778822552288447754168057261030001
5552233440044556644770077333366331188337722001166667766222278003300557288884488668822661111724444135544665505842
777555522112255002244662288330088886600111144880066667722005533113355115544110033332233804444776641771186827742226
01111448866446600441100005511556666884400773367443333555544227755025533883371330242334212885588120
03344667766440088118800775588887711441100666600442266223322553366337722227777333355228822400388420688378867057745554565150
055002266551122001166440033337711881177338888447700778877552277774422114444111153661100660088666622228822580
07744440000550033117788442266338888770044553377112288335522223344776677556688551166441188111155880602114777225555724
100113377440077000044557788114477553300331122443344441177228888742222556655880022115488338822008866884186360052764
12200776655881166335577778833008800227722884400556677331144774466444411551111775533337711336264338877045555482
133445544227733882200661122665500114444335577441188666677558888000022110033336633116644660833723
155884444330033885500666688881122555511114400020177336655663344886602110288223322652277478833775
1663377117722002277331122114444113388333322335544330000336677774422552288446644776611008800558855666655145533482228878
177774477220022885588660055008844661166226404110355644422224433331111337733448877881144551187112577653363854
18811448833442244558888008877444466551133223333667700116600443388555566882255775533777711117766115544112055007734006666302
2111188223344332266555511008888117700552277331155668833001166445533557766220074704466048866661143880333622255412
233000033553322555566887755227700882222881144667711664477883388558844554444111177442211224400460657262
255443311001166550044006644553322336688224411335566007700887733338888000020330344774488444666361627772758367717686
277884488550022223333880000773355336622664477446665882288110011551111225547552721330188887141617
300778844662266886655557744443311004400118855114155338888112211117722228822334522770801624777175585456507673
311668811227766113377111188660077228855004444224411440088003300666622667788223355222207557777433328884588365555315
3223311115566887755888822447700333388007722228833663344886622117744326611440000113410446666555540885577884255227766720
35566555522007788338888118877775577111144113322776600225533770011224488444422336644662222663155445587228477374
366220055558855118866775577770066440011221155330044776666552288335500778803222466114488881101774444516
37711447744223322225588773388667722776611881155668822006622111170007888443355552266441120113021051164553504648544044
38822663333552277330044884466444477880022114455337777555511888685776666003366556622332255442222400081334100531161217
50044770066881188663344001177222233332200884444551122448822660033667777880055661166557711115544325
51188224444664455331100888877667788336600558800002211222255775522774422006633770033004488556666117777113333841166211144047
522111155883355000088448877002244110055118800334422001166886622247777117733774433667766446611445577553311344
533885511888822228833224477666688448811661155552233554444660000527700777744006677337752664626563333402033004133612871786
566228888118800117755557722551100005544666688223386003344773333006611553377771111331122778411643355224455814404474205026
5772288113333666655554466771144880033118822337777004444110088778844335566334455117744762255338866006688550022664408883164227522058152422211112
5885577228811006666556688002233225088224444663333662223447700331111338833000011771128443377776077441144086
61100223311228844550088333377447733555544446655662255770000558800668877886666001133003322117711888533822277226433441144215
633554477001122113366000066448844003311882266556677114455115533443377338877662277446611002222444411116422007755004888055572528
65533882255115577771177880022888877001188110055884433446600862233226633114477220044113355003300776644000066661744842565552455444
677003311448811333355001111774422883366662222000088002211888855884444551155338877664400773322663377775555665522557055441160443822747861012
700114422772211774466112200334433005577110044118888447788338866044355668877775511116677664555823322224
71122225500447733558822884400777766667722005566444422110011774466113377006633116600008877886624885577555533634
7226611775544664444887766227733335566550077442222331155551122558833888811332246880088463300336677810011804
7332244554466115555336644008811772255223300441133776677007711448855110001112288333477778866888848227747550666556602663206218
75588778844002277447766663366883300665511771133443355662244222288114444111155331122003377772211000011664577005522318
766003366555588663333115511777722334411664477556855335577883300443322445522001100002222112255005822788
7883366115522445533774444220000777722665511666677331111770066885566441144008888455582550122221183227342854
81166883300440066222266005533773344887744552255663388882200772211002288042277113333118866555577775511770477823355015583241
833775511338800661177662277226644665544115522110011885555666160336355884477774433220044886700007711442244402283408
8557788115522225533447755008888005555663377446677003366886664882200223322111133110011873
877663300555500110033557722008833223311117733443334222288006655445588447744885522444411446644000702668888116666777711278136075156218
04422335511668844448877667711007722880022005577447700114433112244555588115500883300003377553388885566678862618822133360622
14466556644771122226622005522111166883322336665770022442288772255440000110044113311551178227811880
244114422007777663377227744551100003300558811222211660022664444333311773355004488666655662288882233885555336677887711106685208
54400225588220088772244773366557700114455553300003388332222668811550044888800667766446633556666221166113344110183312171142604344
64411113366222288110088885533332233887700330044884433555544221184773377660066331166661144665566840000220055225584527262444
7444400115544882266771166111188778888334422551100772233331122884477663366227733880033000066002218666655332222005500852
844332244775511117733887766667722883300007788006611336655705566223311555533446644888863701122110038552255482
44422331122666611113377446688552244110013662200222217003344778877775500551600008888445555882255335577338814330333286405448767172
444883377555544114477110000440011886633330033228811773311557700551133552255887722778822226622046666888803885122360847774217624
44411881155551133337733665544886600666677443311223388883500556688001100775522225536442266314400002200311170416
4442244111133885522005555006655115533332222554433666611447711660077335588337777556633000022770088001100326844617744086
40022000011221144662233224411115544777700774422885566661166336677331188335533003388448811778888225588006644486655787
40044114444880011335522665544668888331166337766660077228844225555775511227744553344773333667777820387132
422774411445588336600113333118866337788775555000077220066446655444488882222557777334400447800551155621100212081752534316
42233003377664444778844113344881177222288224455002200885577118866007700665545111166774833336633880055332755552738856040100
466440088550066557788003322117744775533883300002266335544441188772222552277334433113378442200110055551155681
46600007744772211331111226688338888115577554400664488224433336666773377001148555511663355332277778222805500252
48888226611662255336633447733775588006600224422884444667766665566414860408055221122335555777711770033331133072
4884400552211558811007700118822885500444477226666777733337766331177116622223366556611338833551111446644553344188806024
00088556611886633445522666677771177554444338822228800664422116622448811336655007700111155778877337722003300553333555588332400212
0226655004466006666222211554477008811005577663388442244552288773355603322336333448822000011227588007444111188640
066668800772266778811220011443322444488660088333366110033118877554411125555776655337700446622773300223388222288884477785050035633464
08888116622115555446666444477002233885533440000550077661177336677114455658800110033777788775300643311882200432
20033556688665511000077331155332211881177008822885555227788880044441144554433446622558744875571623333022
222111133442277771100668833554455773311882266338811220055664466117722887755000077003377662244778800116666002255114400444415808
266667766886622884466333355334411443322557788558811770033664444772244005544883772000066110011660022112226555525104
2881100553311445577441155446644771166224488004422118855556688663366552200667700226611227733332258444233003348338722266
60022446655663388443311441177444422225544007755558855113333773300668811001155335500552233226660336000880048734
6226644332244223355110000774477884444117777111144002222116600663388775577227731885555886677661155401125088808270525653
666112277552200447711884488333322551111554400882266556688778800662211001744663377336600222233553388555503124
68822884433335555778800005500336677448833777766662244008855222255332211773344451111886600110048772266116632381657175887064
80066553333773366332233118844446611221133003388771177557700111155666600886622228833447786445522002255005544114400442242627
822008866003322223311002244440011335566665588118844664411114455552211771155334477770000778800550046773377268
8666622112266111177225588444411446633338855442222005511881100888800331244335533448833664477887733777766775577404
888003311226600887755774488444400004477111144551100772215334422555566552222776622332248220055406633338833778866828
411110055773344228888446688663300772244552277114477883388775533660066556622550011331155118811648855554583220043508263733232103220200
43344776644550011667711006633665511225544008833555533114466005566111522770077778877226688000022004866222288223377332247466
455003300441155226611773355882244887744447722223322771188443344667777660055111166664401442211331128663377088
47744882277228877555533226688558811330066776666331166445544333355661188008866000055246626502833703360411101214
11177227777336611333311220044880000228833550011884466007711554422181677443344447788553322440066338866445550330054170656862667637
33344115533111144332277882211774422440000336648008836887777323722660022556655110055771122888866775555084626366
555227722220055662288008822447777881166117755776644004488667733335511337700110033000066007744446633887366888836665500243
777551166222244223377668811007733225500661144552288882277885555444411553355760055680044338844801122008111802264700
0113355660088117733885577000066444411007777551144337722554422667766331188220022112233227455004333666622288
03333558822114466770044113366447788774455002200006688442277110055663300776655334400111177224444881122223322888833885611580
05544006633332222660022330044666644113311224433668877882277008833551155557733888855884288118806553611772205225711114676221161086
077553388118844000011117700554455776622112244335588555688006654448866336611004411664466008822772222331133228833334422620
10022220077551177331133221155660011116614000044555533887788885544774444334466442288337777668866770488458822552233557655063
122667711774411446688777022750033000088884488006633664422028833335533885555886655662133115511118433745544710
133224477226688663377884466001144554400553366661100775555112222556622334444221111552270881188882411704435802
155663300223377557733885555884488882200331100662222880077668277444422116644333344004455336600551144111120854466713
1661133553344667722554400007711117733228844337755008800115555664477770022220044882264223300333388336100544
17744112200880000447766886666225544665566118833223377335500330011006607026777113344440333111164338577551144858
1888822770066664422556611774477886600776622226677110044335544441167223333003322440008448203445533758525157385031463655
21166443388227711333344447788335588886611555522441144551188112222885533003366001055774466665544006677663266200
233332200227744000055007733663355881166887788337711222255664444114433886600442211775533447722661118446678501
255554433330022001188778855332211114444770044660077112288880001556611045588664422338833557733663377772277548816884266562
27700442211661100111133774455117777882266771144333388772222336644883300880055888855000022555544666688663155665576020408141526247448453
311448800330066888844336622663355337700228877441122113334227711008837664444000655117788222255220188555566660155845
3224444881111660088665566775511555533110011778877441133885588445577223366882222112277000044007633443333764475442611483
3554477888844555588226677776655338800332211885077448811333366330000564400887711110011441173112288342
36688662200227788880077447700003378446655114411550044001100552211117873112222624433823
3770088001133005577333322774466115500222255331122888822117711116666886622443344000844447755556644114422665547820
38866887788002255888166222281332200772244876666337744555511550011006600005522173333553344265566775
50044664444884422335555330033445511002211668800115548112200777733332266771177087788661133114885256625776666058
51111007700118855771122662288003366555522333300663322115566777766668888338877442244447755440000446644886611660811478822527
522554444222288880077883322771177443355666633330044112200887700006611331100116655336600223388226622146678668855881644034
5338855886677113322774455446644115555661122118844007766228877220022552233336633003354883374443344224476008888101040582060080
5661122777700778811553388884411887733666622663300111100002222332200668822445500337744086644333311665466721176044
5776644334455006677555511552200226688446611223355332777114411887720007733774400331111648855444428880175881865683
5881166770011333366882266220055778866442255552222441111888800330044337744554477556655338855117711540311461103534
6117766778877337775880033226688338811445522446655330044336633441155660022221100550011882288886622555544744428551488440
63322333377446655668888221144004433008855461122224711881155880055227766667758436600664000120022825
65577773388880000883322006633007755001122443366228844881177447722113311446666004688770055227766778266423585554560253
677002244220033338800004488225588772288446633555566223322118866661122260011331111441155110711681
7007755662255551144772277667733334444557022223388335588760044228866331133001188116688448888011155337611082
71100778833776600225577553311330088774477223322665566740055446633558855227844114444333366448811668822442222112288666452017808834111518
72211557777116622770033111177888822447755110022220044445588550055223358113322576688007733442266000066118833008844001122866631441654364466748
733882211774422668811884466335555337777660066113333667755448888662277112244556722001100008855005400441111680072528
7556644007733887711113300881155114455225544337788006688228866126666558844221722223322777766774466220000402533150
766330000557777556677338866223333447722774411666644336655888872228844660011703355554444008800620044221122551111831141032
78866336655777711773377551166111155228844006677666600222255887700113322446644441144220044331100330055553355668888338802682341233858118
8113388446622554433770055222244556600440011444477333311115500334422007777666611221166455533557655882276786638380888587
8333355004455881177555577112244228844116633114466226677225544887766440022203344407777337780115511330000866686505
855556666553322552277220000331188111144554422882211006677776600116688008877330077002222340044888844774444113244626
8776644772266556633771100631155005588625577442244114400330011223333551133688800883000211177304
044885500334466551122664433880077006688777711776677888811556611114400884411858244447744553355223300005555442255775277333211363282022101666
144666611115588334411885522448866557766228822002211331177440000770055332255551166881122663355660088443333003377227777550064554422304
24488220077884411005522112288118888004477440022777700117711335511134433886655556644660333753366331255823322268
344885577666633555588111177225566771166114433668844007788226622115477002277532288310066000031364452441200144
544772266660044002200881177558877334466444422113311882233888800110077000055778833553333777711115511443324555503667766385866284
6444466003311443377005533336677332222445577111100430755486611777788555588887766883388025506551283462
74411228877222200551100444488336677115544776666000011778811334433114400665533884422664455557700223333777866111808868276362214624
844117722333322552244664444221111220022770011887733556611667777880077557744005533883300428865551222685588234
4442211224400117777116644110077000088335577334455113300443388553322884477660022775502554486331144667722223586278687465
444338888330088224400660022337711007788665533667777441155887700112211772222550055227766116666226685114455442200304
44433882200223344221100556677114411776688664477006655558800451122888833772266225522774166333355750000330073108
44466220055440044770033338822661177666677332244880088115533777711334411110006428877888833118862116225551755074
40066772222771100003366554444226666221155557777558800885511884477333388112288883355005533004411770077668860213311614
40033885555441166558833332200662222668844225522776633664077408803777722887755051111771155778866114811056677066
4228855117766660055332266884455772255447733881144111133337744335555888866771155627700446822444311221180334077823300175
4661155553388885500770044440000223311881133554433003344112213336622006655882277880018442222667733777716332246664282574727675
4661100660088338811880000443322771155772266777733336655007766337744440011112222005522556622888822145588668855351
4880022663377221155118811773311665588770077884455225544332277556644771133004444114460888822886555374400557035010
488336611332233000055112211003355772200114455552266777744447755334466443377884400665566668866015588776388881177311
0004400115533448800225500330066445577220144666611336633328888778866556688444477667744126602342555275548182
0224488118866776666335500556600112200331177008844028877882533447744441144664433337773668833888856111106265161330153280
06644770033772244443311226655666633338866773300777744668800555500221177881111882233445533552222004411660255442278557833684
088002211558877774400661111330033778833445500005566552255775533336600110666773355444422220488881166417761428
20088003322667777662255664400001155442277444433888811005555772222445500223355111144113344663333666655331844852
2228888447777117722558877442244660033221166557766118822000011554411002277004400556644338833444266333366886623014
26622335555776655668800888877007788551122558833774433440044884472441144653333113300338000110020650
28833770011226655446644775500227788110077668855772211882244114455666622332200022488884446738875880633330603461525155
600228811443300332211777722224411882200885555773355000044554423664488444466213377111155331800667766661477505
6224411660022555588226611336633554400004433771144556677772288446668881111551100557744420033332533006855018877512
666883311772211553366002244771144337766445588778855556633888844006677330033444000551122665577775522550011116611027
688008888550055444455778844886600773377551166661144667722710022221122441155883344333363013
800001122224422774477771111665500885566773366448833886611441177223300443344554400775577663355228377831
86677001155778811334411662200333322660022227711112244775555225588444488004422883355338855445566551188774466114888266686305
88855772266884433445500773366333311228811887744483377666611770046551155554011113355882211667388630255227248023202256531014
4113377447711664466222233117766887700880022661188220033004428665511553333555500558833885577211100112455443344484
4338833664400668811777711331166778800224466004455886611011144776633772222555522665511550844448855375577387
455772200770011446644441133886666776622551166887744224400333300228822332266336600008888112211555588553355405
477116600883333111188880044117733445511005566554433666633770011224422228822778866448033553382667766814
11122007777331177222244006611338833226677555577005522778877666655335500118811558888002211004422882254884444668866343
333222233444466337744220033004488441155006677002244008822553366558877775577888811117711886642116833180055426
5554455883300007700888877335500551166223377886611225533446655772266884444338822441100264477442066013
77733880022442200661166664466331100557722553377665544441177114455551155223360448855884477550322778877422211226822881113530343370
011334433220077333377667711223300880000553311668822447744883366440066228811885525004466002777557701778877288865456
0337744773300114455115544118800881100442277226644888877550055557700002233568822844433222254007766220466160666571243821313478676333
05511771155003333885544662211881133552200224433777700775577880044887722555588331122336666440066001633242300888844144
077774488111177880022440033004466223366445555110000550066553322888866882222112277226844334155201161408
10077335577668877228844440055006655881166224488221122330088004467885564554411336344771177775522774033115222600373233868388111418
12222444466550066227722335511001188330022666600882211771113337777888817336633445533220044776677556688770488531
13388881111001188446644331177660000777700447711662200663333552244005533228855887788008866621255551228250835648424557414454
15522445577550055440044338833555588225633448877662211770022771144228811667733226666118888568800886600001111006644644
16600228822771133552200445533774466336677006666444477331188550000555511557766883388661144008844226622158802441777587788865254322
177664433225566113377112266662200552288001155445533660077775577446633002233558866888822227733881188742440333311604
18800441122443377445566884400333322663355444477221155336611008822885500777751113300116600220066771144886666223388187422783256588224664
211337744668800550033117788883300776655771144552222556622001155338811118855448826333344770088441100004400664420272126116606766
23322881111773377115522002266224422770077225500336611668866667144113310664488444466335588553333883344330055665570140
2551166558888005566331155448855552211777711882222447744007766664444114433773333446200883388778861330033270011242
2773311886611778844443355667711558833006644888877000055001111446688003366004400223333442222552211220722682
3001100442277223344338800881122558877550055663866007735446688324477441144884777667711778577016611352
31166661133555511772222776633440055665577448811446677111155888844773377880032112288226644220044475060223860085257024
32200551188221133116611003388663355446655333366774444881477880040666600007733776642334088887777068855884262425555728
3551133443366886655664411006600337777001177558855008888228844600402773333222202423311653385426
366555522778822441177443388775511664422334400663377110011115500777700005577225544556811447468880088320022613
377338866441188003366227755668811444488771133445544776677007722883333006655225511115555001122117088420041602
38833222255224444223311333344663366001100440077221188114433553307448822888855886688462277557777666677155516554642656205037
500554488771166440077002244110066001188000088555533336666886633445577884422552277222211220355111177774444362
511113322003344118833774433888855336688447722557777667622221100224422331155554400556611416643558300663330400
522557744331177222200771133665555001122778855444422118888440033881166223377664475330066008872445588334488011146110288668822667633566
5330033667766117700773344887755001155778888444400445555441133226666443377220000668811447744623311008244222282756581816111221515225
566002244884455000077337744225544775522118877227777003333440066663366116677664411113311481105771588238888578863530
577444422553377665566882277113344003300551144118844887722881122226600663333110011145555885540886666407
588555511443344773333552255442266118811220088445577444466888822887700006655338155666600337766336677222273007
611448822550088337722006644001188111122334422227777335555770022886677888855226666884477110055880004115533224175663366521
633005555007722118833777711447733334411668844220088885533887788004433661177440011222545852577666677006600356
655550033888811330022880066886677775588224411551177008844336611005544225533334477444622226661116000773722371
67766442266007700332277888822335588336688663388774477228811115577555533113333441144337710448844550066105542501
700005511003377332244884466118888771177444422552200660544775505330145556658011133331166723386335643426
7114411880088445522007755663344331122225555006600332266440022446666116677447733337777004425888177601111300
72222550022882266883355552200336677007777111144881133884444227788880000443344551177556611557733116633337766221122485530554600874
73355881122008855227788882211114422665566225511557755564477776600446633223333117744338833771133448800770022887726886180616031000404544
76688116644551188666655884411448822004433002255337744005544660000110033224442333311334777170066778577352567208557507
78888556611668800554444111177770066330077442288225533551155773377221188114400110000336677666600220043426652338242722
8115577882233888855884466221188006633554433113322556644886655117700772244441111445555222266661166002277110011228733330033450000576
8333344003322447700558866441155001188557766335511112277220066116677331144330000888844555522553377556447778877423365421
85566444433558811888833005511333322114422004466880066663344001111661155554415336677887777227700228822224627657528650
87722555533550077112277668866228844774422446655221133114455115544333377330033681111777855888833880088248320257561618061004010005
044111155330000664444775511443344552222556622007777886600888877227844224488061133335555763322337655821
144776600224411222233883377445522550044665511880011664422887777336677888844886688263100700
344771111000077221155112266118866008800333311773366223300448844664388778811665566667766850011337700222205224287425
54455116655332288110066886644113366227714773312660033007777222200224445776677880045663668785555284
6445566775555000088222266225511003311333366112233006655332200774428111166338800117767114477773377884444002411887700443344854
844007777334477660022223322885588225544663333113355336666555500001188115577886622661166851111224411443380667440408
444220088221188550000771111222266338833223366110033441166004455376655554477557788881177770277228877368866774146462515652805884
44455885511333311880044008833007788442255335544336666002266116677662222772211777700665522346630005566801
44400441144225588003355001133337733881166667788664366110000888822887700227777222200776688454
44433002200551155442222882233117700004477441144557711661111007777333322662277888800118811348876768836484856386606612
40088558866555511884444770055330022220077661177881122552277773388006622332266663355664411633318221833743344648
4008811443344550000441133228833330077006611557744665566885588886677662277887777555512553355466633884266472248020
422770055336655558866664433002288778800888855000011110066004455667711884443773355225577668833223333115511221755474
42266223333552255002211771133447788004466116677227777338866558833660011882200555533264400008855145568444480307
466226677771155551100005500772222116688111144337755664444227766117744113388336600334477886700220088004488228888553355740
46622111144881188557755005544556600441166667766117700887722444400110033880077882222555533000022783322884422663311223333686
4880033115544116644773355114455775533336622552222881133226611221188883388442277666444004460008855887788643
488335588444455771177338855112244225500115533002277888866336611007755223333113377005566006688772111666655554811408
02277446644118877112244226633444033000055220066222321666688558866556677660177880311110377014388435555033365181538357888254
066222277110055221133007788557755447733551166572233777766331612520000146666002366774488333320338800440088886688244
08855773355004433776688664400665544551144111166772200226601770744442277888877124463448844738822580813021322331
200110044337766228855557744445588441133666677003333225566006688661166338877221122777711778822347
222118888008877442266448855445522006666001166882233337722776678441111443322881100007255883388612244055503544
2667733338855336655006622007788663300558877668811227700888800001155777711884488303744555544442237556666472
28877886600225577662233447755338855112211777744884400664444113300110000558822772266114455446677003155016666311
600441122221166555511885544556611558822448800773388330033664400662277667700553377778877447711772344642
62222665533778822770066440011883388775511115566660088003322444411668888550000447722117200286618135
688226677550033774455772277332211778844000055441166338833556644777711887766660077006044228888558860108
80077552211661144772266663366773333883377665536004435668877885500664411112288444422227711774455110011302244000054608
822777788776666335533005588883388664466220022331100445500884411880033226677228344224477443376554446115511117682216125214571355
8665566118811774433112255440033551166008877884444111144666644221155228800663333445555337700227755882244772222305
88855333300881177007722554466448822886677444433222211884455223311227766116600006655551155883355663364226411113344714
4115511336600222233883344775577331166110044005544558844668866550066226666332288227766777788772433530
4335566660011550000448866338822667744777700224466113322228833110055884444227766220088003300773811888855551111668874552404117145712655354
45533446677880011774477330077114411220055886611332211884433770088776644006822442233115577555500335511000022552222811163804
4772222112200663300555500333311334466116666887788118822888855225566226600883388444422440044110000115511114755317
333447777332200551100004411337744661122888855772222331144330077887711117211663366006655008800140034886666744
5558811777744441144773344880077663355332222770055778833001155002255662266440066771111888877554466643333772233113388408101224281636
777550033332244008800222233774455444488778888558811557722556666338833551144773366771177668844331181113344116055553104252467012
01144774433668877331177224411226611005566223355227711882211332855116600778800008888140033845500246
0550011335544447755333344551111558822116688448877330000441144227742338866660033132222002266224066125566457
077333300551155336622884400002211443388886611664477667700110044663344113311112244226688332276658825554355237815680
10011224477662288557788223377118800007777556688334400333388114444331113008866660066558888773366448844222277220744555522553355063
122556677118877880066554411666644442211002266008844334488868311330077772233335533775555222284558466124405727
133770066777766447733008811882277553311668855661111224422223366003388002266663333441177114466243355774440555545104
15544771166112233773300334444000055777766551188332277446633522244184422006600228800485816667700887788231626486368838757233
1663311117744222233662244110066886666557766004462777722008811330011440033555511550022112255228822680055333327334755671700778
177008855774455223344007755446688777733338888444411443322004366331133778811116611551185666640226622228050665032700
1883388110000663300880011557700220177771166554477660444337733334422225588885511228866882211114466226677553322448877884366456
21166338866112277882200777733002223775533550088885588771177203311880000441133667744445544001111447706446666081153242
23377441122772266886644220077660022558800003344440066111144752222115511883311332288224088116666556633662333553305584
25533881111336633331100117788884477006611448855773344664444224455160022330077555500487777226622883277465
27766770088554422007777223322114466668833115577882288444477336611881133448878660055111166222243335533003376338011702580650
3007755112277441100554400883366886622663355558800222288448855334433225500114455221177331166661114437032364246504006020
311770055338888442277555588664466551122223333667733556666330077113377882255777764554477443344111144004480001100820032115441824
32222003388554400448844667788333366661166225500005588111122664455331188887760114477552277221133441177774440770022430085128
355662233444477666611332277880044114455554488886677553333660077226688552255887822220033000022883388118844006633711126442461043
3664444330033772266887744771166557788556611223355334411554000770066220088111100117800551133388835202
3777788880088442277111177221144441122446641555588334745333311002233885500113300005522003322225511873366770046563626166
3881122001166337733447744885566887700665511771188661533005577778833664400008800225522332222660044666675403
50088445533336644665522000022663355885577773377887700444433225511441155556888331111338477427711621100103222324
511775544337766660066557711550033007777225522008855883322442233884444113311662466773366335533311186114681278647056105574
522226688112244558833008822880077776600337744862233334433851177110011116677006611446644775577325500553655544
53366665577555588220022332222884444221177447722448866885511110066001188330077661166226633335566440055000033713
5663344558888111177443333554488007733118822887711668866110000440066667755113300332244220011555504662441452
577226677447777332222883300007788885566442277665511882244115544004454446633113366001100221122333377548866220433884618780
588667711331100112200225500887722221112330044666600665544884433662266141033883327553333555514007705777738278888576818074
6110088447700002200771122221188555566223300557733442277882288335588777755225388881150448804441144064436546
6334433004422001166222277005522554411883377661177550088666644772233221133112144668877884488006677774455553355710033665566000074415585111
65555773366003333441155112200553322117744558811110000444477114488442244062288775522550686461182763
677552222001166337711110000777766004488666688885588442211336644118822333311557722555511227733226622443304440535674467078471445505417
7008800006677886688118877220011771100558888448280222233113384004445666633662266557522112255335552464301416371534
7112277774400008866888877221166113322333311882222558855660033667755006633445511554466664433773300553382004484244
722221111002233885511225588771166441133442277665566884455553377773300117755774476220000440036114444883500660076766
7554400883322118855777744778844446666226600112277338766333311335511550000664422552222441144861111002201628
7660088334433663311881166446611000022001133003377335522884400553322558877004675554855115561112211782222706
788661188887700221155772244441166442255111133220066228833336688443355334400001100885522775586777733771463103385554055604
8116611114433442255112200448822224411888800830011775566338055221155000077770026006665772555345587340
8332255330044447777886677445555114400112288770022243366110066663377113355775544665566438888116605250
8551166776611880088881111774477555522158822006600184400773314335500556644445544225533334487000033004222332267137
877114455330033774444775588442288662222336633554488885500443342557700001122467733113326555511552100777726002800881188264
044336666441177551144886600110022008800025555777788447703065566773344668811112211558888552222882277113355033
1440055557711116633881188220011003311554444332222666622884422553366885411778800002246007700467766434066130083774353372657377
24422556677773322774444553333552211668888003344775555118833117766630011110000550077006488114588771128654
34411770011880055663366225544552244778833002288882222113330006655364488111122777711442577651157584868772168508747310040703
54455338811115555771188551100884444114433330000665777888822113344662288664477440044880666342262327
644448833115500882255881100007700555533006666886633440011117766113322224433337744660022335566280033667785251141665570454
7440011447733110033332288885533881166113377665522667755886644336633007700005566882255551455448870221422280
844334488880022005522447777881155003333883311335566772211227755118822226655441111776688553322528877000011004400871144442744562
4440000114411661111005544885533115522117755771188882288113388667766662277002200772222443355883333445566336644642500680
4441144226677221155885577882277662288880077332233887755660033665400008833330066886633448844761
44466662211555500114422330066443388552200228866772277441166334455880050008811222266118822440256813766065111073781777
44466222277668822006666771188110033005588443366440077001177551111665577221144887777460088885555338833337288063355423322426
40066228888663300550088442211880022551177333344336688557777555522772222665544112233224822067787115533776666011166114643831
4003333662200882211665522883322668811337733110065007755888800002233556222446444843300111122770044553382555541551147174
422771144776600552211774444006688661111222255334466770077551188558833336633226655462288224011555577281160304
42244770022114433220077667733661100448822886633766622225522755500005511553355445688883344440088118854606300131
46666008811550033222211335511227744882288884477114411662200223366334422558833886688006677665544440000770017343
466888822667744887766003333440011663377117722006655222211558855445533555250223300884477881188666044331133800327370427541104411127714
48800110066445577443311771122008866668811550077225588553377884422441111660022334400552444662755118825556477633361432
4885500222277336600440000770011442288334477112266331111887788668844664433558811006655445555667744408
0008888448877225500116600771144775577886666221100336633553333746655664433112222442200682283045555852235426271117131518
022337744446633442222662255441122118877665500553311110077883366116600115517220000332244008855228822743333558844888863047
0663311008833557788554488118866556600334433004466882222664477223333666611113388777711775588867733227740225522112240115511600
08833221144553377115544667777223366220011005552534422441122661177886644774488773077506
2005500116611773311885566448877557722558811114466663344112214335544003322667788337766227744551844771067770000888822307
222665544003300660044336644117700002233225511110388663377118833113355333344644477775577887722115522882278880144884815650555885
266000044228833885555662244112211551111778811335588003322206611001144002844445577116644777745466677250
2888800111155443322773355662266775522442255557766448877778866553300661133337700445511774444663311003388558833640022005722214
6005522770044884455113377447755332255554433444766223355000088880066661122002211115588778862224711473333828
6224488227755111144552222665555884433223388550088117711587777667700110033113377336611666600774477821182864422002256368
666886655776622771155331144335588112222113377334444778800226634004466772200770066008822418848885555487741117505251161056
6880077770088335500556622552222888855775555882244881188665544553300660011226644003333113388442277615511402733771043200367434877872
8005500776688887711336633118833220088222244115577221100006644004466075544227777885522635555112283770384773254844
822441100116622330055003355112266557744770066880000443322552277778844442288558811883333113374553365615
86611226655000011773333113355337788554444774400668811887777551100225553223344564411442200880078222211115600367622766
88866775544227777004466884400220055223311114455551133335588116622221122441155666610887733774444334488001500330066007366347
4115544558800660044000033224444665522771188443355551111007777001133662255776688830022008477337722333385334500517782116261422
43333440066118888004444887722007788221155884455668811116642422600883388550011771147770746335533765
455778822880077664444336600446677003377226611663355338855665522112233227777117755447734111148110066887748886666220058318
4774400225555000055448800338855226622772222442233443377553322887700116688441111445588117711888826112311367788364656360661510
1113311666677668844663322661155335544552277772255001177333344447711882288336600002244385555114888008867558055670067804
33377112222773300772200115500228811003366552244442233886622556633221111335530445544770055117777441144000066778877557766116688226666064
5556622550088448811554444557744777711220022663355116677887700552244110042773377666611330066000011431173222211158
77711661188003366446666220044333300557788660022447755001111772233114455112255558855448877442155335524476077334810006700883388284563237
011113344667777441144447755887788666655000066448855663355226822772222553300502211228883117711642454336337018761073
0332233881100221155557766336666883377551177000055661144882266228800872244001122004411164444554477442600673
055336600665511114477666688777711332288883300110088663344112266227700003333550044002727443317852484244676461555807545756
077441155227700886688555500225511775588334466445566004444005533882266771122887788443377333366331133562101865321430611666
10000886622118800332288883300443388778777444455226644775566005577667711446666835544017702773377216
122553333772211116666882277446633110088661188557711336600335544001144552233442222002244448847550000605510776
1332222661144335500884477770000220077555566333377888866774400115533666644660066887733110033881111621177112287224422344
1556655777788773355005533008822007766772233331111771100442211664477002288883366663344332244113372503388186680661444501006240484660
1662233440044225577553311220055222244443366880066111144883377774477228844554466555588551822602277888867108
1778866881133880077445577220055003355115555442266000011440044448833337733661588228877662234775522556666770088884416365242122
1881111005555222288006622446677112277774444557766008888221155664400113311441166672255332233442200226755447780443355070513673373848583330
211667777225555110033885533771111883322006666888822228866114433446644775544227766226600002244881123117700508840473158013
23344668877332266000055884422883388110033115533770077662277448855224411882220440066554477557728001125643364544718678770802353330
2550066441177335522881100887777004488003333112233666633885544553377665577442244334444001144668822116622227755115555888843007788600
27733007744333388222255223355660055002200110088446677555577668855881177778804887722447322662286665166411151463
30077552277002255556600554444004433557744111133883366884455886622000088885500665533772211446644778800110034817151816122623282422
311114433552200665544226600004455770033002211001122227788886644482288438800771177225566663377333345008511836
322220011334455333366771155440033006644773311112277772288223355574488778811666622661188880044660022514433770077605414244
35522225577665544226677775566331122336688773388110011533344448800447744117700006600886611666648221133707
366335588337700554400004455224411114433442211557788448800338888555566222266661133331100228877776677327711881127206
37788444466442233000055117777552244111166555544002288114488771122007722773355338833222266668888660088550066367766104
3885522882233555588775544221166667766440055333322537711330022665344115800447788444488881144361111774462777722422200603
5005577334466222233224488004444006633002288447777881111443388776688333377553355888822551188665555215564554411307744217700801
511330077115555223333550055774477553377225566441166338811445400443366228822000022226688331188660066777442110011224663403088885848780
522115555774488446633777700110088330000664477225566004422224433223388666755441144445511227711116344005588553333502288107
5336633885588773344008888444422668800110000441188224488335544556677664866117777111122772211557755007700337780225522831
5668855221100337766554477771111774466008811555533550077002222330044006644448888338877882288032255884622461
57777114466553388008866227788440066334488113311556666000022885500558822664447668555420033004222335722175
588667766881144882255115555336600552266116666557700222211334422771177772233883300885544550011884411220077446624787800400881110
611662266663322441100117711330022164433447722338866881223556655558855446677660055775533337733608
6338822664411885566228811112277114477775522443355887744401133331177668845334040557722223322000020773377061653660306667
6554411886677447766228822114466880055335555110044007733443336115588552200117722666600884166313
67766333322775511444488440044770077220000555577773344110066662255003366888855221111774466008866442266112241553311335548028
7008866880055006666227755772288883322663355336644554477112166001111331100444466774400007766155524858385156303477733337
711331155227733446622224411226600116688338888225533337755447777664444336633558866661111778800555511004400007722348060850427045567457
7223377771111228866558800666622227766882211338811556611000033114422553333444477804411660011840055002644555544808
7338877113377774466558866336611882236220055776600442244772222552288003155554411778832114444556666448266816672751
7553377002233882244221144335577227788446666110055881155660088004444554477667744006644111133448888551177118833116033001123336555286328700
76688556644007755774488112277226633666677771100886622111177330066118844738822004422223311552244333355334455551133225548337288003028788600116650014
78866115555772244226666335522888800558833331133777711441122000066001177445500770088776622336685444466448344304
811882233335500885577443344110055551122665566883300778800331112554488862277000066444466336606775522166762442207771284053227258734547
833558877117733334400551188442255556600228811331111550044877700666677665522662222112244546644114433223376110204744
855227722446611116666775511331155881122000055337744002266887733664488445577883344223333003324447500755541714
877888833885588660011007777335533770033330088226622445555115566112227446666776644331133644711772800550000284
044662255770000331188008822006611110011442288160022774433223305552216554455048
1443388440088331155117777662255885577888822006611660044445555448800550022775522221122881113224477442877037713686465356417372
34422886611221144778833885544552200772277446633776622444843666600664566811130115580008500351
54477552211332233664411115577224455882266881122203333440055571144446677443877666600661166284
644558855335566775544224477222255226666338866555577440088002288334411446688881122006600001177003301887788444432377711615
74433001155111188117733555500223388778800446655222200008866440077667752663366661133331160334444888824106
8447744668877772277114400448800885533666633332288221188337700716655558888661100550022664233054206225243422
4443377006677112222882277551177448811001155225588440088880033224411335550777766111144772266221166663366586
4448844227711228877338800222233551188115566661166443333117700660011330000334477663366226655332200810055225555845
44477338833557766224488556688441144661166001188775544332288880055000077004400220068627744555511558261025722178
444885577553344664422661166881144778800776633665555666600558822335700227744118322110086222202443331777731512401345711172
4003377222266333366221111668844114422775588330088118822334455770066550000110055331122007744448800447788885555171
40033772211334455886611664433330044115566667700227788887766006655554488552222447777117758446620007311110088135
4226688116622771177223311888844136610224488776600557700330000775500880017335555338833745514440062552222882205643
422330011333388664466554455885555771188441100331177000055334477773355004438227744460076220022225522112246115566366686716140611
46611660055115544775500117788113333553311003344442222558877771111441122770022006655223366226688224433773300772833885555748
466222233447777885577663300550033881188882255554455111152667700444411666644227722440877584866014138083106512611768
488556600557711228833444422224433332255881188001100887755000066884477007777330033661177667782004466441144553521351
488884411002244225555336633556611226666776688111133001177773344443377887033360000552200882211551188550044022288046
000882233775588112200330055550066221177883311004400226655111133442255770877448855444411661143666688660888428803538
0224455660000447733001122221133338855334422771155441111772311667700666655888866336611883324481100335511408826468620752575005
066883355004422226600331166118855666677664455110022446622554433440077882288872233221155330055220007536337071111274171413
0885511556600663366440055552244330033375544118831444422226688004455778888111122558822113487116722770
2005588775544557766002255550033222244664411330066661188883333667777001177886144004444334482331100851
222884422337744881177221155773300001122445555883344336600446666332277552644114400885536556628886688267
266555522556622771111554477002288007788885488446677333300331188221144222200668811223322444433666633883354177727660050100046437610834
600551188668877333377662211338888117722661122556644667755220022227744330033624444000044110011442500684
622331155110044443355442266440000774466005522422200228888001111771188113377773388778833334611667765770501214538255
666440066553366880088444433777788330022776611334477445555442255885522220011003311221111662244114466771177207
68811554466555588331100551177224411334422770022661111662222112233228822004477448866335500118800330000771144337733864454077757844
800338855778888441166001177004422113355551100772233228833006684553333663314873377552255800022008666226657105
822114455558866771122772288440088775533773322663300111100666611668833117766003333443355444421338880447777005500056
866008855112233224455556633331166226611003355775522002277114433881844777722887700776666773788865500664424805000441460144
88866223366441166332266007700880033883333773300440055111188778844665500667766881133447011557270228666117104555533112355258435644
41122114444881111551166772266228866110077337766664422227700008800330055001133118833335533888844334400445588555566036
4333344555511441155442211661111884400558800336677552200448888112233008855006622226633774466665533887777882477664440273137017561057
45555112244226622558855221166113377566644774411888844882200444177887700003356008816338866533322334677331682822307771723676
477660033662288226666335511227777883333771100665588552077255577000011448800440733111455334433884444164426768
111003366774488550011227722224466558888441133882233553377773300444433225566116600666622886688008811771188776633115077514
333882266000033115533777711662211228877448800770055881100445555061188442244775522551111334444122233532364330787246407376
55522332266111177330044446677443388441100775577228833664422440022221122000088551155881188882255331168605563554788034378750
7772222551144776644330088448855441166552277005588228866771100442200221111553355563311773333744
011888877550077663322554466881100660033442222002211665555883355331144005410886643882288536247884333773307026
033334422778844663366668833888822007711880055004411113300117700222255445580006600821144772244440644362
05511776633558877112277448811886677556600332244442288554400665500445555778833884411664111331142110233334207770733022252636
077885511332222773388000044660066333311776688440033441166615588330011443355220022882255036701887711112888610817775723774
10055113355556622332211771122220077663377770088667744002266550033330066885577336144334477888877552288115422541
12222558855662233882200113311114488770077227733668833000022115555777788110088663333228888006655334422647768444405141
133004400775533115544660066664477000033334433774444112244884455008811110555887733882211888806332222026611728
155445588550044447777117722667788666633000033114488442240881122336622116611337733332277664822228888334
166440022882244557711333355330066225511555500004411118866081177220888558833775524268847336633477743154
17722227788001111008855226633336677331133447711556622332288112200558833555533003388221144151000777755774455002244225644446614360
1884400887777443388337788556688667733661144221111224488227700117755445522006667113077622264110444647
211553388558877882277668800662233661133332266441144884455002244337755447722225511112288117733555566660000330044007700883344667777405200186
2337711112266442277334433000011448855007722444466774455113388110033332228004477556666555588883366884411661188208
2554433777744226633228833335566111188444477664466007788885500008822440066881177553388771144886577227734121232022587051455552
27744002211441188330044220011336600887733116655224477554455664466880000778811003333770054338888644
300550022660033883311444411335544334477667700007777332211110066882233748888666622885588446633336655664422224406115511220188125
31100221144111166000055007766443300886677112244555566661155113333446622601044887708447755223322557777444855381222772208228807388
3222211337777005511112255220077338844881166556611776644003344118855446622336600882288002477887141555588663333010
3550066881155446600222266555577448855114422004477111100564454334444008822441133662250037777227788773322884177667753021
366225566771155445588778844660022773355005633223300334437007744882244228811664400001100861182006222112261776757214137711
377331188333300888844552266885566664488002255558811224444774422335577771133882211772220334077006606778636111101462
388777711885533116600558822000033446677330011365500447722226666110088102210662288886644224412775544557768074444351
5007755771111552211667766114433881100008822773355880033331188336644001455444422228844886022447744632232585882026727778
51133225522334477333355005533111100886677661177887700114411883300338800664480224466665566336007116424512434044
522668844556666444400777711775577002200114488551111006622115555337766778800334411881122558888331162886274333383608
5332222000022445588552288777722331177448811668833005544226611113333773366335566667766284033406657812181514107175647060
5663333777711220033554433885533447766117755551166665522770066221111501100578822668811880088667744113360440022332244448833122
57700662277111166661122335588446633886644885511445566005500443344226211887777331100880077555533330033778833624
588662211225533664466772244552288771111668888441188008833777744778144443322000033557766117700442266663344851133110544022
611222288335555445500773344116677776622553366886644224477448800444466615522118811006711117322338822658888784852003270201080500
63311335533885511447788661111660055443300333322220000665522445577668811882266770077117777336666441120444408774427546
655005566004422778866334433771111662288882222114411220077551133338800881100335555773322552244002266885588376640006700123545384
67711000044225511770011112222661133335500220088336666007733888800331166443344775533777722444400662215663055552655746
700883344664477114433557744007755882211887733004444226600225533662222776655117788113377728800550011003333886611112633216688885555241
71122446611001155668866662211113322664455776633008822227700772233114433780044442200333344002288338888558874881840665555205540060506736533551
722555588883344440055448800662288770011668866441122771111553388551188445522114422000033335500222655674300773321304
7334411000011661144553300665577770088004400332288668877225511223355882222442213884444667755554477443522662200764
7557788663377224444110055338811668844223333556676664466555522662272550000118888008853006600736
7666655003300448866115588000088331111443333881133660022442255226688441166775577222233771100112855440055664446334531778187073745155
788224433556611557733440000228800776688110055330066441166665555442233114455220086336677771177246
811116633332233000088668844443344001188887700331135776677117755115555221122556655446644774452660066620
833448822116688772244223377331188552288884411220077111144556655110033662266335555333322550055866600664540177763804
855660077448833442200886622332211445577001100661155117733002222666677112114333377553388777880005500446633665555844
877226633771133448866112233660033555500220055770066553324554444115588551144362888008825240
04422888822113388444466774488663300007711225566660022332266111144335577775511555534770055441166227766550066452
144336666005566118888113300886644224466772211654411226100445500227755337711128877882407770333238833134
24411443344002222662288330066336644880055333388774477317700113277771188223755111166110044556655221855557768444465803
34488775500668866008811880077663377114407444722223355225555333322665511116611331156438822728
54488557722446655000044775511883322556633330088007700220066884455558877660422336611115533552211228811664222678888627821714343113373810
6447744442233770055552211007722440022004411771166118855888833886677887733335533425577550000330088222267627285436315132560106
74400228800882266551111883333445566115544110033773300666633555500777755221144884433881644660004742233222203144
44477008844221100557744880066228833118888771155446600003333224455225511117733776688223300777788556655802266116630104
444776677006622660077224411771133880000885575114455335566555588448882331166118225443333446644211
4441122443333550044666633668844772233117788773377558866225522228800118833885555330033220055111100660000881166115450288676465140713
44422666622220077332255664488441122886655553366006633117755772233550022447700885388883333003344000011110042118811527
400776655336611005566000011880066774488225522441144443377117755550044663311115511333355886666423300332288372277321
40022770033226688886644337788223388441100777755556622001155330088335522885544222247116611221187225056536606733313466
422777722557733553311117711336622223388770011558833226611882211224488660055445555004444774463003378000078114511056888584
42288338877440077003322663355006644113333005555220088553366227733444466010844318822221166668866117722358811224511556788075547688147177
4665577225544550066448833551133000055337777117755556666880033116611223388774477332211118822220045228888558846227333460261014
488445500551111555533112222447744002233332277552211334433661188220066001166778888772644442688008811000077770666263
488111177336600331188220077445566664422115543550066770088002246338866558851668877662266128842234050001043032
000331155550022226677883377335577446622338866554455668877221122881144118822551111775533444433332011636
0225588116666447744553366778822662233110088887777337766333344220033883128660077111177551188550011555524880055646
06644007788661188444466222255445555226688110044112233557700553311336600117766333300338877772277111166773377543322880088234
0883333882288774422006644884444118866003344558855000011002277005544662211226611777711114400776300431153573
2008844882255003355338833222277880000662244777737445566443544661138771155886688110055221111888400441144428166001125702
2221100776666556611335500667711118800888855778866336644777811554433225555112288331174553300114444000044602
2888811880044227766664477441111667733005588663377221122334400332244554433335500006600110022007870838266514466225176822
6001122118855115533223300883311335500770033667722006688881144445522557718663333880022882222665555662244337466140
62211446677661122448844223388330022886644441111000033555588770077331177554433336688550044006600125344774457180
66633440033332222336655770022001177443311888800881155116644660008778844876622661133552533773381114411056677772587168453044
688220011884411778855774466116644332266222244227755008800228877771144776655663355444488667700005511003300437722113341215601131663833
8005544226622778833110011666655111133448855664400444811886633668200823333773300335533258066117766007700215525014127172677475577755
822771177778811330000114455115522112233226622446677222688331188442055664488776668007700337733336577458
86633551144227766775500118800664411002244000077773377112222552211117744556655331133447788115822003844388
888662244771144442288445544001111775566880000335533878333443300412200770055008600264
4115577885544440055661177004466221188448833447711113322331166552222663333666642003357376087502
4337733884422115588113333440022888855776633553311441177225511882222003322777700771122662245000011004677886655268
4552277005500660022225533115544666622886611118888112211330077555566885588778844336677226633335400337733223341000011420080474
477444466333344116677772266227733775533001111786644885522332255668833118800300022445555440088884421443600561100481121582
11144880066115555228822223311008877554400004455336677442244118811330033226666886645662277660502551177112657883168572
3330033554400778811441122331166884455336655557700006666005522777711776622667744663344772200444133773388332877550011008800264825686
55500222288556622333355881122770011663311110066000155338877448833226666117733443377552244440133651188246
0110033775500443388881166446633220077774444224400660088336655553355880022887723005566661111886688431
03377005511335533444422220044008877448888333322661122777755001188443311556655885577666688660066773366445800223387224
05500112211663300333322885566776622555533774400880044114433668866446652200077778877506477148
077444455770022772266555588446677331155112255228800336666888833247777550000556621886633882788748856443358104
1003377661188660077885566331133001166664477442255446655224444000088443322223066772266221155551177320877188414557755048
122221155223333003377881177771144664444000077225555445511118888005566660066553355886633667766887701332244785844182833848423431
1338888443333118822116600887766444488550077228277773322337755771177806666225511553355552244110455665544668366334474020
15555442233000055002211773366008811883311668888446622226644112255776611114408227777887715880206775866663377285
1665522881188557755441100113300335500558877446666771122220044007700225322338866447766006611448888333366882242663318084787234733777
17711004444558866888800115555330077881166660066114422332211884477667700338877220055440022552277441122446644813377775566336655773333508
211334488445500007788887733662200443355118811665555444477110011224466667755776688663337774641728858027
