4443300331111661144881188441155112244665533225555776633440055001888007710660088775566667744554477338866882222335522742
44400664433220033555588005577112244668866002277884488223300777766226655337733331133883364551155000011008855421
444224400554455773333886655558844885511447777441177664722882277803366002222332266662255330066331133411100704
44433335522000088774455113322447788001155667755336633884422772222661100555588550033006655448822337466883288118886421111460
4002288445522111100777744880000443388555566116688117733332266224466776633553366558866003345113788220088870
400883333118855557788111166664488006622220044554466000022117766334444771155114411224422558822888844330355227755638502623537372707774
42244553355772277556666880066117766332255887711226622886600554444881188221166770088450011110077778000220042223366531143813333003376415
42244666622332200660055001166558800002211447766335522228864118833003333117711338811110088885577007725337555443344884
466001100774411662222442200884433117700338833440055227766881122330044448877228855000476556666111188667888058825453
466227766442211334455228866001177000088440077338800337744447788330044333311888822220022661122467777110066557755115555668877254
488773377222266440066777788111144223366005522888844330033445588554442771177486633553338200011007611665555704
48844112200007733008800667766440055116655550044331188883322227755661155228850324444666622111177226687074
00055008833443388558844861111555533001166002204556666227744114444771177772211342262523
02288007744773377114400668855661133553300883322660033331155223388664488116633665588224411888441005555777752512
06655551155332244556644228844443333774411887777223311112200335544881177857711334400004622110011661146775500822
0883377555577228877115566440011441111330033118811226633888844777744552200002222335500666677660866880583334463236707378444348
2002222887755112233663322661155882688557728001188114444888066443344250000331100446666776655271111333355330411674455440705638553778477377
222115533223300116622552277112266338833337733550033661111884444334488176677880000777566882200555516558400846
26644006688554488886600008811778833222233002288221111447722001188003366555533774455225566770433551155884411331125046
28822448811774411115566660077116688887766445533006311001133550044221122333377784433883322227462040
600223366553377112200778844667766661166887722557777331100005544555588886633334488551144447744224410882222850522740562621
622221144772200006644333377441122776633115522887088880044553355118866111100113344003300555544665566068266667245817385732503616
6665500442233440000776644117722110088445522556633001122443355885577778877038888118824886323771111614
6881100773377883366227744442288777755330066115577665500116600443344002265885562333311118888041122225473220138221142417
8005555881111440088331166668855118844661133225544117700773300112288886655663333662222443344553377664422000022110044450233887273582
8225522226600440022887777664411880088331100007733665566116623888811771133551111557755553377445544442011243
8660088550055336655558877883377557722551144000033334444771133888811112288220044880633556622777706832211552222341177674
88855881122224444337744887722116666228844770055336644007755003344661100411712008800068833335555267
41144440066448833773366334477226688225588442233008866221155556655335544633311001188005522874433224451112711600077604
4335533004455667777885577441155888822001144227766118866551166222266338844660066440033337733223311375500502
45500884444330055332200664411001166111155112233331133555522665566228822772688337777002044666677663344888855880033887744073364214
47744442244334400883322336677555544117711662277725578882288453188666600665566310000226648550055880041514
1110022113322443300446611440088883377005511668877227744118866773366663333553311556655552255775544558033878011723344222266407
333221100556611337766778855887755006633668822443355223311115577338866226660888811447722880077774488441175118255330424555404644
55577664455113355888811112277550066667788663377110011447700887722885522662233116688334422000022443600444411546408448211822
77744775511887711446600332211666622335544228800225555006611338830444411778811222200776522645588227400553000108
01155110033550044441144661188884488660022667700666688555533111122224433887788334477445588225577556633665233777766462
033007722115577112222006633440011445566004477664444111188558811005522665544666688337755333355551177888877338844323
055661122000011660022773388555511331100888800337700777744554422440066336622333322887788334477118844882255775533058861714
10066001177335533888855887700551111440044775566772255777766332211223655222200224466886624880088174
1225566220000552288668800771133330044110011116666447733115577663322334433660068445588224400887777883444655511774
1331155112277881188441444554477771744000088775577226666336622820044664422332222430066803
155112211886655556644338800225588884422883366660044885577770000667744446633778822662200550084552222376
166221188550088334444552222335577005555110044882244112277503388661177668811113366333377228888773322026666778844246607771477464
17744778855338888007700664488226655881187112255222286335511331144115500330044402277221233337733620
18822110066443344226611554400224455112200557700880033330044883366886633553377116607884447223311332855665558867623866
2117788774488000088445511554466112233222277334433338888331133006637226644447700718855005555225566002200142
2333388220055116622880000883322226644335500270033776666552300447777114411774444667733661110775066387788886688545488140
2558844665500553322882277773311883355113333886682330044774400776644441122443366334700006600266621008166115525711170354
2770077115533008855666611332200441177448888775511668822335577333344331122225522444455554470337100006600214
3005555448855116677553388225522000033772288664422227766883322440088115500441122666622113355887733665888478802333347410171418
322661144558866442277117733335544000066003300443344441155551111223366884811882222552240557700285566550666283635367757677787274
355224422555544774488553311558800556677887777338822771144000088883344113322886688446666330022662200376615006607022
36633226600771100008811556644550011335577887744662233775511447777667733448888668855883333884444224430222255228822772204161
37733552244113333226633668833880077118888556666777755448822006600884477444455550644225511112211062
388334422332288000088661155006600220011037733664402111166885577447755554444114488222511881134552655362
5008877551188005544448844666633440066445577331133776677443388330011112248661166002211422200003622704
5117722334411002288776666338800888866111155004488556644221144447744003322220066005522662255881355354
52222336611668877885555446644338866226600883300557766665533770044880077558844001100002200667741227181411132815
5334433558833226644228844448822776677772211118877447788661122006633702222556655001155552244554811400033113080704
566553311112222554411661155880077660011000044772244885511773377114444555577552266774400663358781288446644336688666888338822003300821340502233332
57711003333888855332233668877335566222288001166348836551144441134002277220002115555445508447744667766611127842
5886611332244664477117777665544118811668822770022225500666622008800003300440052333388331733748
6115511337788228855335500005522334488440033330066008866332222441187445544336666556644402255870142673382021277771757276
633331100778822883388775500005522666655113344664422114411220066222244774433557777117720445555448811885588608
677335544117755665500888800110044005555778811334422661166003388472222336622553333112288224833221188614
700771188664411445588775544333377667722883311666600882233225522004400334488555511556611110055768811724462102
711440066330022331188337788004422553344888822441166777722000077556666886655001155226644557743227763635588555541733
72266552288338800660000443300775500887733114444886677881155110022003344001188447711227744557533756622221111666688823366332
733335533001100005511444400442277885588337744775544552222882266338866112233225500772211336622008888777766881111884411556678046644865
7553366771155557788332277008877773311666600338866551188004400664466113377224444221111725544123333552222000022605
76622227788116600884411557733551100114466550000664444556666338800775555887744228822661111336675440048883333003328637053102
7885577665566112266440055335511662277442288666677007178222200008811448882444466003333843344555520668583650543230
8111100663344660044007777555577886666113322448800888855335511225588444411445566220011864422223387602260037747130
83300338844112211113344666622663377776644004444228811555566554477222277000077443311006855218868248
8554422774466221144771133116677558833443377004400115577882288668800884722005555225566002222466641210
877226633448855443388007700335522000088882244441144004477112211557733778844668811883311110022555566006655005538664237528012774226176626677
044888833555566440033886688443300663377002233444422441111471122772211666655331628557788175
144662255221177110066331188223344777733220018442266441655668833004488554445170055776677258
24411001188775511778844886677113377668822888811116666444455221533154433220088003333883355660066257700447777302
34477445500886688007733778877006622883311225584333355332233064411442244866
5443388117722883300111122006611441100007700222211334477773333776655118877115500444866227755774688226605885555335562516
64433888855445577665522116600332288331100222255005511772233008866114444667788447744887777537733336133480243518
7445522000066335544334422446655003333667711776666225566887722111162331100114488883300770044078852777733775388232818084
8448811775511008855886644003377001144555522118800220002331155778822665566116623553366834433844
444887722668833778888008844007777551133003311005500118855225544221155338866333366770044774411227711776655773022423200006642862606658551416
444221100550066883311226611552244882222337744770011446600888800332255335548666648555511333300007733484777157755602
44422882277335533775566664466774455002244000011118811222211552266336611331144338833433300308888005545804
444665511338855664477110077227777662266332233555588005522111188115544114488224433667700212666006684004033773333401
4002277222255220055774488447777118855883366441111665533778888663322881100112233882244206040333355600
400110022333377118866227744116666007700448811778855445566551766888833882288442266173365557755225585072
422446622008844441155448833772266001122268826114433117788886633007711332811664455004477600055318800310737040525874577556
4224411115500335588667744004877660055552266336655330066116642772255113311221100222288220003337833280
46666330088775566773377117788441188557777220066228811444422226644553333555500113311003388007700002211147
466552200224455443366338822221166441100886600330055667722668844777733771155557700112255006622332284414533531
48888338844558866881177442222885522110077882277661111836644775566553311330011663333770000440066002207772666246674150
488774466778833222244555544447733002200336611775588113355333344000055008866668804228888226622116641115711437766538
00011117744881144334466775588770044441188005511330066445500228866554400882222771155221122431106333355666611668533773366260
022111177007788885522334488004466335533354400558877222277661166226600882244771144110811551128444425645
066662211001188887788444455330044661144774433775588556644123333667766007722883344035577742266886653127812080822425223238
08811774466115544003344556600772233110066443322777700114444880022442266665500482288887788558866883366222201663333712
2002222771122440066555500442255335566886611003300562266017733888844883366447788777744114444332677663166618
2226677662244777788668811118888002200555544335500441166552277114422117726636064887755774455115563444463112333038833713538240
266004466333355115522554444771177778866111122336644337766557700772211881100114422448888330033200028406
288667777555511442244888800330077881177110066335566664477662233443377227533882211336688558874550055216
60088337755664466116655335522445500002255558888557766221100334488222277228877333311114422617741330055481128451183604
622888866887733771122115500118811440000667788223311336644555533335522447744330055441100448855666600334422226633227766184
6662233332288331100661122770088776633448811115577558800004433007733772255118888552211336677117744440033553388226644222200114411678
6881166115500005544771177007777228855776600112211887744880044663322552233336622226666553355551433742244445844041
800660088886666113300444466228833778844810033221177000022773366826644001111551185007777114433447744252
82233663388771188111144557700005555008888558833553322116611003377775566440066667733117788441122227766001133334444772200228300446685442266543
86600222211110011557755337788447766448800330088228877005500443355442277225566885555224400777711206677445588338881444466665366273344113
88811661188442277112255110011774433557766883300558855445566444477220000222233336633228733446677775066007700331486204
411333377663322771177221144334422005588557755111155338866664477882222444455440000446611223366001166555500887777007742556833003350610
433003366664455338811223355116633111133777788333066773088228855770044227711555588444477440007222244665522554411014
45566664444225544338842404522113322770011006622888800565722003311116611286633337711582
4776677227700885555664455331111330033550011224433884466005577118822002288881177554488662211441166177788032
1114422117744553344005511227777552288773311336644724466760000880033007611004448333355001865554855784
33366338844227777444477000077113377881155446666880066551122886600226622555588331100114642004177335533022
55511222211444466002277882266663355337766773333004488003366225577447722008866881155228888775588550055618833884100170
7776655661133224400008877221177448855005544334477886688331144452255880066427733771155775555338820770033002510401846281678860633335
011444422004488771166337722774433884466552222445566228833117766118821211033006644750088885588005546881353207363402860033
033664422770077556655888877661166668866334466004488445511880000221155552255001122330066222244443322833387440111771142037
0554411330000116633115533332266118833666600445577774422443700880022227755551177111144778811228888444408587
0773366660044000022668866221144225511224411110066116377887755615533881133227761774455554433003344772188001578548
10077000044114477668844551166554433880055660022442200666633113304667777223322775577881155558855228822550448783
122887788554444888811555566117711336677668800558822774433004455220082331183522254177662637400333344738060142024600
133882288004422665555111155336688335500778888556644773322554488771100112277776622006677444466000088666614005246303217572237002
155445511448855335522550011338844661188331166005333222233778888007777665666882277334433663400002200444700611100321
166004411338844772211115588881100778877002200006677117733226611446644443344223377552277662255550055112223118400330080148666568
17722337755552244557733118833336611110066885588663355007711227766002288440033000477853384226622554487443411514
18866334466220044880055887722110000660011551177773300335522553377666688332277555544557744114422444711223333150080764
21188552244445566002277336644005555116688771177553321448833113300776611110066250000888824643414274477886708084
233440077448855772200228800332266884433882244770000446611001133553366333166558888666607664755554837151527350567877
3005566004455558844662288008855331177883366881111226611447777335577554488774433440022771655225516333422444412022
31144338855221166447711884444111133665533448866112266777755558822770022445544006622237766008877880071710
3220022553355448877333366113388223344443377776688440077446622886677116655000033001155222211227800555511004422681
355778822777733117744660077222255445533770044224477114411003300881166550000115566663322662200551122334433661138440066444868887800252
3662200113355224488331177112288006666440033884422668888557755002277770008111155114418772677661377833305474
377334411440022664477445588557766667700771188224488442200554466556622225311227722116611777888728830886688106
38800447744550022114444005588555577333344337700111177556677225544112277662266336644220033113322330088778888228811665534877711800
5000011334400887788111166775544223355882288565733880050337744110022226622546666132273336633043312144
5110022004411881155880055667722770033226611774400888844550077331166000488771133664433330344777766555544228855778822221122337756335622425831411866866
52244337777000088557755117722666611001166884488335566778888774400442288223333886644115587111142113300627
53322883333887777446633443366880088117755005511114400662211007706776601557722664444773711227166554488661222320
566337722116666118888001144006677338877554488117788331111555511227700222244776644334444552711333300441844685
577661111444466885566558866334411005544004422333377478800118811772277007755551122515870330000883388488200226622124
588772288446655660044222255226688663333771111336677664411220000661144331100224455444477557744885555115533440708223355080171632188183388830
6115577441133001144551111007766000022663366221188333322554422775388770033446666772200665477778800888822224400444866484
63333661155552211887766223300110077334422553311778855668822006666770033881111335544771144000088032277228888664488444466543
65511777755001188887766778855661100886600005522770044003388042255336633447711221155445588114488228833226622220248474376433353011161331
67766228833773322224411335500880022777755115555660055225533663388665544546688110000116611440034374477117822666111284420644
7003388446688553333554444227755773366334400558888226666223322115555117777445522881188665111248800104
7114400554411668866224477883322226644330000227766110077001188882255885577334466552233556048772217775377433362031808184
72266774477554466113333110066440044117700112244330022007777338822335533222255883341552288005500888852714
733112200667766551188880033772288335588661111002233663300777711338844114400882244885555664466887788117700444420553321554577466605052
7555500227733335544552211337700331122557788330011553388444466558811000055111712888866882266223322008666776614777744160424840
766770000772233884422111155771188663377775544666600888811773322665566887744440033002222551122005555880611331144334477864453648333541
78800004488447755777700556644003303550311882288660322558366774455222211223386114411665555443422466682663622720
8112277114433660044223333552211330066665533228844663377557733116688555588001188334455007744408000225511556622226611117722403
83366440066115577550000114477005555117733110033021188881133887788553344886677224455222204332287771466663372562
85544443366117755772222114488338877334466550066008811225555118888007788664455666688223300552244001166776622884322002277110000431
877337722000022884455007744666688334444776677116644005533112277003322117778558811110011443333661544880046222240686
04422887700884444773333227711775566777766006666337788007722114466223355774866552266116645551155331133088
144551133003344224400447777664444661155443322331188550088666677887733775522007744881100660018826633665253338000227212805413522
24444550066223344003377880000222200443333227722886666776600555588882255777711447744117755664355115523081168773311084
344228822227700445511444433774477661166338811336677223311220010005500888833332212553355884488557777554466665566202
5441177332211440022666677000066558866887711662255005300445277661133337777228811118880336633843344460071510
6441122660033882211443366771111885544880088774444666688601155335577883300556844550022447733110000675515552200407722827
74411660033552211220077228811332266661155336688558844223333773388667788008832776655557777556644663455444400551144304470601170248001810
84488225500004455440055773333228877886682223383552211551111447755830084426666771177663366006652418646110011662137403
4441177221166777755335522664400336655888855663333447766115511883322554488668800662222008877007711001144223500543024504006084828166
44488224466447744335511557722880077770033881144226622002255006667554455556763000011005588332211223333113378411168687
4443377771177448844664422665555111166778800886666333366227766883388225500228855888185660066122200005522140030745
44455558844223300115566441144331188775522446633771111225577332266116677228855336666554477660066880088110044000033338882117744820051378277007770222
40066337744773355336666448811225588444333002277882200001100338888332266555500552288557755480077004600877766772166811181514
40077110022773366223344330066883333888877226666448844661122113377778855882255552222447755776655115500111177400
422553300773355663311114488668822338844660022776655445511336622885577117777001100483348118888721122033
422772255553300663311666644775588007788732200446611117088662233552222665511224455444433448855068811888844033
466667777114477331177444433772222778844551117668855883344224400552233220022661033335533004633855500806
46600223300555500775522112255338811445588006677001177884400004433668822228322663311334477661166227733774411042
4887744441155667700002200117788885555725500661133004466332266443344551111223333553311886666816653703
488222233661111440011888855338877664455442255884811333300224125573377771177003348332633116600772800006666586
000552211224455330011663388880077225500886677775577336666006622334411447788555588361444376655668425146
02266338833557744004477775500668888221188552288770000771174556655448866222200881111442255553322331133330511044433441803646
066880033007700117777222277331133771122884400443344554411005500882244448866221111557755114422002266116666776655664255558607463
0880044443311554488114400336600227722335577445500777700005522446644771166885555888864221133887788333377334288225262022
200223377882255884433552222880044881155665511113333440066338884442266845577554311661177112211450
222664400004477336655557744552244337711117722330033115588777766332200883388001188110066061144442255441755335502770677884866688
2660088338811776655662211885511112200777755553322554488447711664433444466336666800044224400222277806
28844660088226666554455334433332222555588550066880050775811662244441133114477448866777711523368337788887733076427240
600338844557788887722225566882288005588665500448811555511834400114411227744330000221100664444224477073333553327554466662715277636761
62288220033884444222233334488330077335522664433111144113377661122553322778800006600224400558888555500881188670011004367556155174
66644114422553366331100228855551155660044003388883300550011333377335522111188117711227777887700774233424168257585432060800
688772233773311228866558811333388004422443355002200001188885555775544884466336622115533447766667777003300661822664085122
80022441155223366118833110011662266776655112200555500881133444466668844337777887744885577554477333355338077206
82244447766551188112277773311115555226644005577554433004488008866220066770000736666884833834322535
86633336600661166445577228844667711330077668833440000112266553355443322005511441100447777444277008800218877888177337755855
8883344337733114422001188552288115544557744886688221100816600444411117722665511227777661130775500667714778024000055303
4116622885500771133331111221188660088887700335544666655110066881177882244225522330055334400115555673325872760274047700
43366555577887744776666331188224444001177337755003322115544222277223300884411225588668800661133888855216600556677102
4555511667788005500884488117722666644775522225357337700771122333388330044001188788111331156334411444466524
4772266338800222244881122550011776611882277115577774422888844443333113355887788332233660001446688662205221105455533016341156518537
11177664400332277553333887788225544334466331144226611336655224477335566885555002288112211884488667744470055115588860060737300423082000
33300884488006677776666228855114433771188226688773311222211335588332234227700111177220044441166115522555400007748110888664632460
555882288665522331133554455668888551188772244883333775577662200667777442222112278443300334444004411447600001156346
77700665522440055884433556666330033778811227755338866774411115544660011887766226648334551336611007711773311621142333200885800028
0112266227766004444002233778844228866338877735571117455881166110033665566841133006666414
0332200773300002288660011883333661122335511331100558800440888554466334477664422555522445533884444887777557711556677441177865
05522778877114400001166335566555577554422445511334466118844421177003366660066776648111100888853112377333328302
0777700554466778855886688772266006655551144445522000033771188332233330044001133448844208811556643557755017743112367638888280
100111166552244118800663388556611557744331122221144446677551488330000888866887788447777337766664077126
1226644446677772288668888773377556600117711661100880044776633666233553322005522445555000022111188338822770034306
13300335577000066110077775511444466447744555588118866884433116677883322005500223366333388008822885522112266227733771111501178822244240
155333311661111773322556633777722001144228811335500443388341855778822775514007700667766660088000888662266458
16633226600553377110022442277440011338844665588004455551177335577887766221122886611881144882222006666444477052
17755330044555588666677447766335566550088224433118800006644448811660077337844221833440013888366222266102200341
188773344776611330000774400111100663366004455885500554488664411668888228833880022333377771277026
2117733004411555533448877116666443388001131883444662235228888667777660022005500663255624400026
233112222446677006611008855001155771133775555336600443344447744556644111188226666228835116655884422772200221400373
255883300664477000055221166004400338822662206776666334422333311224488444177775577887721337555115508518
2771122221177883377448844554400773344667700558877556611113366008888224433118811001155116623330033885577642
3002200446688662277773344552211663377115588778822883355776655554444001144775511117722550060556311222244118811303
31166661177006600002211335566442277558844882266778811444400772255550033334477445544111377663388883366228855724
322775566448822334455554400336600221155118811113166880011772266157777176666224460558855222088778844441064386078347884200
35577338822444488885544771177662288330088770055668866115588443366337780665511116677555522112266664460114077222277750
36655884444008822001111775555776666116688004411228866007722777733225511553355224433445546331181337711438233026
37733221100666644668811887777443355116633008866004400775577680055001133102233338855554418442277803362000533425565826282224
38888557777330044551177882211552233555544005322771111661133444422665744663366886666228800333488710
500554477330011667766223333888844008877006633772277552288004466881122443322118855335588331144442256002222003344877744564
511112233221144888822881155440033118844222277553300665500773088000055662255777766771177447780444455213
52200112266444422441166550077447711005566000044883377886677002211555533551188113388772226336688445066203333117766611
53355443311336666005577228844001100222255116633003333880000881122077744771144886677888822334442775622464
566007766111188222255887733771166550055774400001133338888006622336644881155331122444411003355175522668844777780446277228027008543455
57777114466554422005533443311227700004477550033006622221188772233228822666688558811551111008880244411713
5882266665511336644227733554455552244114477444155770011777711661100556688660077880042883388885088730000232
6114488006655116666007777667755004455558866884400887722117711333377882233553366227733222255770433112207442244144
63322448866221122668888227777331111661188115555337755774413002088776677007785660066664400004444247
67755224488442277886688774477773311772255662200551133006633554453446661540077118888003322337388222211110011241
7000033446633772277884444775500664433885522001100741188782211112266704455553366886622224566028166551155458
7224455117733660022334422004444886644663377003355338844333311332277114411887766558888111155447788307744008800125
733772288661144775544550088007744887788444400552222782266338811110066000011664466888411331125115533334433203
755110033776633666611770000887744220055773344668844886644778822226670111155550022332211441122444400652255404
76666008811444433882255007777222288331155221177005577553355113344884422003366446611667744771111200064004555633300102
7880088774411776666338888662277110055557755661155445500335588333344446688223377773366004422447304884111221182565
8110000225511885566006655336633224488773344771144440088662200445522335577888844115555446666112277770642221722633377431
83344002255667711004488227766441133550000336600663388662222444811118806551177775577221122661166668533337745820
8552233445588442211224488226622556688820000447777666655337783803311333366440055563300222277332111443350117711608744672
8771166117766003377226622002277005588883333118813225522443366442233556633440066668825444418447850704460108
04466118877335566882211114400227766771133110033223344336632557722884422662244886600777755117744745555422120516
14455112211664433441188666655444177002277888811007766006688773355225555332222333367226055001151300037104
24477444400772211001177770033881111443355771122883322008888668800663366000022333317885500556666225588441543004533775677376
34444552233883322220011331100551111778800888822442288114411553355666644887777007766885500006677547716002866246636504
5446633882244004444113377333355880022336611008877115566005522226677225511774422111144881188885500116666886640684000320077827
64400115577336600228855116677556688005588883300882211772244661144335544447766665500006633313622225522304455342487870
744776644881122336677226655551133556666118833885544441100115522008844331111440033446420553333004
8443311222211888822778877554411110088115566886655335500006611663380336644001133004422444477445200770057773344626233325
44422330000557700880077885566553333771177334455884433555522774400661107221122226622551144115544777833224488228811118384668
4442200448877553366662233118866008811557788224477334455114411335555667722888833880055263300774433300024640
4440077446600448800668877884477558822001122885511332277338811003300555533441155225500002266222211861
400550077003333446666223322113366883311885555111155448877778800443377660733556633022288227122658888414
4003311446688885533000044223333886600556644110066665577334433661177007766222262558811335555118822724448002500852
4220033224455005533886666887766112288117788334400772211114411667716444433558844627733777700882560600040257745433315155
42277555500222233661100774444333355228800116688440044665588118866773388771143226665770000551155325
4662200228877553333003388880066776611445588115555442266447722443377335577448855000133418821116125256107077787117
46611776677775544887733336644001100224444334266005555880088404788220033551155225536221122381
4884477117755112222665566330066116677881144228866445588333377338877007777446188885577608822550000224444172200335522332400431348036
48855446666332266008822337744558866770055662255221133887755771177778800003311661100447733550431440155551277668844120
0008855443377552288222233110077330055778877444466111177221122553388132488002455888846777716883646062655155506366768670
02244885588004466228844007755441122660000887722001133663388118888337788661111557777447763555504445344232307033
0668800116677774422663366005500225511113333883300008811448844037755771155554477887708882288662244466
088668855664488444466778888338000443377555500226661440011005522111177222200636122471167770077457765413
222444400337733888866881100221111884455880011775555441166778855770004774662025511331142882767133343072
2665522220022884411221100662244888811668877117765557777286585447744443344004423337733113325330077000011456
288442233887722002211447788553366004444112225888833775566880033551100665523005500116633315555713086667626145544840644346
6005555447700007733552244338888228844550044665588332277772257117766774422006622386611116666441188708
62244883300334444552233885544665533336611110044006677441122550077008800113311888811778822887422002222666688663322716605715
666441133668800883355661111000044225544447755114400778811667722687711773300220011888822885588652222157777633322431
688118844338800886655225555336644446600332233113300661177882288776666773584771166227722221122448022611100400
800557733888855660066668866115555887744228822770088440000223300336622663377665535441166446675111144383
82244005522554466556600228866668833331133220077773355551177553300448888771166770011027788444422662214163366434
866556622448811884433447755442255330000551177774400771122114444664766333355888833882288008877222200110023215500485786870
888550033001177112233111166110022227777664466220077004444334400880066000144884416333322858577442266775522466655354
411668844221188554488003388330000117744663344556622223322771122006655333366110055776677550084007700237777866605811
45511555588000022224444665500332233661144117766335577884422007722552266006644777711668877337702886668118888333388285
47711116677775588114466110000223344332200776600888866551177221122555533885566335577883366882266662288005500330014887248422
1113333112222006644886622771144668811663388337700440000885555335500221445774033666655667766124058273307284
3335500553300880044558844115511885577663366222255223322882244007711110000117700667777887744886688338811666654703
555664477440011332244442200336600006666773355227755446655111176228888118833007211008800558824115388504433116611268454834333763
777111155663366555522006677668877223333002277337788334444557744004466601177551144770055441188550088112211025588882222884433824
01111552244774433771188117700887777880022888822332222775544116666883333104455776644663355665555886677336612662200084485338344442506030407251
033884477227766445555113311110000550011554433662288775533337777332211880044114466774488334406888822220788665577024
05566554411884422771122550077226677008866224455222288880011333377776611773366330033111166660066887788146644420022132
077664477331166661144221133660033002233445588880088225533550066775577448866887555446241018333715561752
1006677442200117733446655336600331133221111441166338855228822662244551188447788337777557766887712554433555588880022233300700
1227755558844225544777700228800668822338855333300332222445522664433667711446665620077887728335500111188881133448861600
133336611112255228811888877660088440033880011662200550077443377770044772266555577117755115566778822221144110544668866332233553648566
166444433447755886633551122885577115533665522555088221177332233888800667777881188776622442222772266668744633311330033711100720
1778800550077551111446688886633883355554455334400228855660088441100113322000066221166112266552277222255777700304
188776600330011002222662277885555331177225544220006888833556655880366334488664455775511552211644414038844632475082
21166112255881100446688663377447788334488773311880055338845770011552233222200227622460
2332200553366772266660088115588447788771177550033006644556633331166113344665866288
2551155775566446611336677004488774422666688335588116652882211002200112244773377227788003311117777114411823333008443460
27766006611550088000033444488110011112244222266663388558888228877883311333355117711662468440044330077053367552
3007722557788442211775588116633444488662244000055551111445500888800443366553355464277113311003333228822306
311664400660022001111772277776655558822888833335533221144336611004466774455113377334448554711518868024
32277887722226688445533007766111100223355005566571177503311666678220088662211334433388811448850444411218
355001111003366112277886633007755114433223388225544004444228811667766553377226622048888777701885577415
3668844441100448800114466663322664433113355330077112235227744008877006677662200224455665555005511118822221157888857375030081867277
37722000044775533445566228855883322335511552211440088226600227733661131006688880055777744448866555500776422224460318
388668822884433556633223344661181662255114477665577550055558155330044873111002211222200342266445522440544460726674
50022001144333311005522772233775555663388004422662244447733225533448844008811888855146666558822886647006683071
511663377441144002255666622885555332233446688442222771100113355888877883388008866777766006645770033150077526
52200115588002222330066773355446688333388770008882211117766334406043311885511332755557788116655666618464
533444422115566333377445555110088223300113366887777226622775577665522225500448866771177000066640033520074111188112478332844685
566221155774444336633117722883344886666885522000044558811116677661133887711006600222266440777082233784
57777667733441188444400775588226600443377110000116688880503115555445511447788772288366644886614662244222
58866338822553300333344447711667733555566226600441100775511881111224466443322114422376655774455448855206688887788302
611338866333355660077664433117722666677885522882233777711884444220033001111000055004411448623445544655511557755870121673744047
6335500885533222277441166661122000044338822442233667755883333773300228811557788006644888844554444772255221144605555111177634
65566224422004466664400111122552211883333550066880022661177557788115510028844553388885722332224886633667473130344337
677662211888855442277333322882266880066556600203300440011007724113366337777886611666644770844446433448533855
70022112255445555113311117744884466114477556677772244223322000011880088660066336662881155005523003388885100471
71155221188112233002244668888006622001144555511113322226666116644774488442177556633665533338877773377885577607728604
7223333551177664455440000336688770066227733446655550055228888115578558800225566004488220844338833222266661111663304221133741104744248631121814
733337722228844005588001133887711443355007744226655552277885511116611882477000044110066446678853300332455744
75500006655447766880022881188886622337711113311777744335522773344001155883331648822221122008877885422645
7661144227788445588006633113355334466224444775522226644886655551155771122883322333177381100111188225500554700777740003600466
78888110077008800550011667722114488225588442266447711885511333344004433555544563300332244165
833774477553344551166114433557700665566777711002255881111552211220018442227248800887544000044185866003333182444663328830386268366664
855880077442211447711330011550044556611008811887722446644005555441177003333886688884483422255111777667755773277865522823
87700553355002222332266664433337755776622882200883388558800665566771144000077884466118811117744116603115368673304234
04444770033882255006622007755112233334411440011667777661133660311774488332266887788886655222211115288563304335644542
144441111660022220055777744664433332266551133004455554477562244880066661100003368117711523311283377334877682077885868488083538017072
244771111005577220066227788773333664433112288666600003344551177774411880088338822665533550022114422225522304488115555463
344228811885533556655224455558888337766117788004477550033006600513366338822227744448844114407111122115622068
54455008888116655558822770055113355338855224411446600442254448800332288771100002266668866776633664433334777221188374
644667744448833770044775511663333888811777788557711330066552222332255002244112211884455335588228867226434042568754558015141110
74422226633228888551111665544661177884455224411227722337733110066448811880011457777582200221000430073534
84400228833774477554444665500663344552222776600333322114488770011223388886622443355880086468611110000471177367
444000077776600888822445500222277881155446655338855223377003344118800662266805555114427556741117711672100412360132
4446611885566777711334477664433772277888844115588773322000044003300225500662233666688111122117755114480774011031166552245438
444550033004411226633337733113344225544665566447766775534883188440088882288552241555577005581474786002200772222177
444228888771100222266333388331122553320770000882855772144115544773355881111776611662433003344550055551188004600166
4006633330044775533777700778811335500228877667744665588445555225511700088005544334411668822662233221122448666111143101
400558811556644331111778855775555008888773333777744665544114422335533222266338800006600382211220011302
42288556655003333664411330088332266337722554444661166662233447766884677551177115588778888111188001100005533555577007777420
422441111558844886655443344440066405522666688110088770022332288883388222043331133771166777766117725663077851120003140175536055
466007788770011667711335566332288005544550000338855331188337755552200661100224488666277773300447744443333441111421
4668844885577554433661166660088110022220066555588337700773355221155330011445511803382444422662277117777223400056
4886622778833882222335511003377117744550055557755331166777722118800002200770088444411443344024422552286668633360
488886688338877441133773333118800226633224477554444227788446611665522881122111177225500336677000066640077110055558855635538223080104
000335577225566008877114488116666338833773322118822444422885500554433665511004455880402777766775333034
0226666004400770011334444118866778805448855116622021111222277773333775577115555338833661233558888124
06611881144007777335566443300225511113322775577446633888866555522004455003311221155442244108877222288223004885588344
0887755660022888811668855770066667744776633118866110000445511772222333322113355442244443386440055553344665500125
200225566778844885555886611881111442233000077113333773311001122224411665544777744334466444400666688887766257755103
2227788225511880088336611224455005544885533557766333300337777113311114411006644770022887733886677555588842655660000104
266667744334466885577330011331122556633224400660044880088222211771144442288111166223388664455000022036655227788883355887723353516154
28888001144664444885511775577222255336666334400555522004455886600007733556622777711554422112233226655082
6005555116644884422887777003311778811000066885588883388667711333300220088222255223322443344666634556655374
622335522111100227766331133660000883344118822445588446677880077337744777755338855557724332011551166665566844
66622884466441177448800775544556655118888221144226677004477660055773344443322778811337711000033008400668315553635272010258506177
688228800883333443311003366221177886666444485802266335511556677330077555577771111227722225522345534224055404
80033558833006622005511228877556688885577110022111166336611882244004466444433447744884422772222566677660266545781541147038327737311333
8227766551177550022887733001166333311226611558888332866884433556677774444554400334411000077111600866477248064278527055
86622665511336666771122118855664400225544778877776555004411007744222200111145228883115300333322723
8881100665500005555667766331155441188666622111122773377557722444433558855116611336688220022552223887788346600117777140
41111335566440033778888115555005577774433118844663388771144882222333344226666885588660000667700776652004477344
43388882222447700004422330055440022007733445555110088115566661188441166221133774488776655331144668800333358332256444677771177885360601
4550077115566667700888800332277775511001144887788331122665588552233002200006611772211882288122254224400441600574686462
47755330088440033771155776688886644446655442277222255507733443322111188220000660011004700562
11188007733113377667722002244448822553322770066668877554422660055778811551122333344335555221466338777403300104
33366115566557700880077331166888833002233887722664488111188551100662255884403555544117711221144222277667788228603774633432756613
55511220033443300668833775577886655000177013366662288552244774488881111546633331102660404442222145
777005533115577442255556655883322441122888855222088668844447766663377333300336677117725007758778824660000661188116644880433835454034111014
01166555588335500006600440055446611775511338822668844332277773377442255222200736622881111885444841144723
03300667733448833337766553322882200777700221122554422443388772644446688881166335566662400415577886611336177111188558805010
055008833003366551133447766115544558888221122506622333488502222777711117722664466770011660008778866663741014
10077003366442200225511777788773300118844660000880066227755441122883344068855661166772211332222333522647764448455771432455585350
1223322224455116600337766662200228888215588555577261144665533111188333300552011338877004400007733556634117711008814447744386427848755450
13300886666228877118855334400442266882211114455552233227733775588441177224746000055002255110788876655620225438363133
155442200222288443311448833221111774477662244445577223366118811225511000055334400887866556666052263558802733388513
166225555002233006666111155338855448833556677771133226600887722005588884411886633776100333344331244552444004477446077880017000738182
177335577112222007755440055331155226666882233337766446655006677887720448888555588003300018833662811344455614
188338866885533222255117777114455772200550044663366116666444400662211002277043376555522888822623303524
211005511881155666655885577555500661144111177663322664466223377000022771122888877445544777788440033553388043333024
23311116688001122221133005511772200884477552288665500332266114444146666776644004488887788300
255111177771188556688661133663333443388883377330034555522007766778811228822110066000044008844887055746655047266623
27700006622665555774422881144556611667755221100113377225533222244333300776600441155112233550055444177887733883366664038663885871186877
30022001188554455887788116633550066555511222288005522560000772266446666884444111177667777443377333366224833270033134
3117788004422006666772244113322226611668877557766445588221100112255333344447700550022771111552233007744000036228844608
32255444466221100003300882277666655558855002244575388117700668844337777228800771188778866005311116611341122663476783
3668822885522118877664488002266771166112244558844111177554433442277333377883388115533000055006600886666210040777701474638865515557
3777755008844332266440000668877883344221133662200556635370044448866771177227466110022228822316
38855662211220055223366778822232700204411116655557755443344880011886600337711007744666644447611781130883006314
500448877007722118888001105663322026677885588336644557711553311775555447744665522773344441111337777622233886333543302842
5116688441111881177773355005533887744443333447755666611006622001122115266008822228888532277886640224700004718380
522770077226677555588774433112288002155661100550088441188114455447788334466444866663366006627665820103333500
53322776688006655661188444411000055446644551177440011337711224433667722886700225500773344882222008811114783330163175382177263523
56644006666552222774444554433663300007754888822881122111188002200887788633
577886666226688885522227722336611883355332244771100777700551111774488220020881155000044003344114446556677663388012
588775522113311771111884422772288110011555566553377880022005544116611444466667733886644336622282077445511206637604
6111133443366556677447755446644555533220000551177004422557788227777335864008888001122883300221104122233138
633666655226644888855887766007722334455778844440022110044773300116611443388335511222277003322006677154422441680805555300
655661122881111553322007766227722110033771144117788333388446633116666002226447777440055444011887733404827551135552868085575088
67722661122773366330033377755002222555577885522007744660044115588770055668822116622447766688111444422823
700336611664455775511002255440057115744446600667788000088113388727433022288335244886261114411747
7111133445577336622333300001144772255002277556600448877442200668811667777007311221188443322444411553355554466337655864
722002277004422660011222255663322336668550033334400777755888877118811555577883414448822445535446437674847380
733334444224400776666008855550044777722664466223388775577111144883300227700553311552255441133558841222211003326818
7556644334444116666220022665577445533776611118833663311342211007722348888660088228811478800005555150036885012225718470
7661166667722557711550055228811773366441188443355445555662277882266888833448855114422112222423377008866338800003300660011110078704535813652002
788440077004488666688336622663388882244550011043311661122337777227711775577667734425555664211474155452202813535822111851
8114466116633220011336677772222110000778888776666880066224488444455556600440233335533885588625577552188217
833110022221177443333447777004400553377116600887766551122667733224444884411888855886688003388278811555566663355745524262505461366430
8551100007766880055337755226644774444003311441166770066111122228888108822445555773344336633332233054466227777120
8773333000077443344666600663322001133551188368811777722885536771111557755888822225522112277886422655500224477614444103
04466444411116655008800335577002200007744225522118811551100114433331612773366338833223377887777662266772222447844554
1443322446644113377004488000066001100227777883333115506553366222266335511640855888877555577330211117711245561881444776844252
2448866336677003377442222334477776600556688446655775544558888115522773333882288006611662200001100850074441144051111755
344441188337755116655223300228844770000113322667744220044335566336644888822555544638877771155880077622211227722411177806
5447777551177331144557744112244003351885488770054662211001110442266528817660000664433008866663344402253782222361
64411553355556611117755228811665544558822007700440055113366884444773344331148001122110855777722776677188
7446677880055001188333377772288665511771111000033225566884411335533445244007766008877564488222211220022773388116421514
8443333114466773300887711001155886633447777885500664400332277444411225511882266224488856666553360222200437762338577254520535077500
444110000777722778822551122335566333322880055552222660033001114002866770066664466184477443344850
4447755667700225522000066551166222288777733442233336600111188884466330077415500332266668866410055335555712
44422664477661144007711001155774466665555335500554455886677220022223300882288883322112274881188431
4448822221188772288113333556611777711223322660000554411114466553388662255888844778855115577555522774088302
400773355887700114488886666881122774422337711662266333344446611117774332222552244555533885511554055665570667048284800002831303
4007733555522111188443311666688776611330033447722775577004411005588002244660066333377478855425532228822320
42255115544116655008844556677332211883333778888777722771133446633553388662222444433660000776611005577001177552800681111240
42288774444558833882277111133448844776655225544337722335566777788116666117700660000110074662200426
46611777722110000888822550077112288005544887766553311551144556688338811330066223366002222778866667733326634775444118844364702420161174
46622665555661133227722886677445577112222116688002255238823442311115588503353663300776666006644333000110088305
48844003322666611664411224477220011008800551188337744550000227733444422333300667711170045882525556388887360754
4881155444466335577331144550055224411226666775555884477117766227788774422113366110077006600333300001115334400408
000770044555511332288330066664422223355667711005577554444773388224411448844003777227788774888511182661
0228833661144665555775533882222662255221166885544881133447766663355110033332200007722774600480010884062486
066881133556644662244220022558822883344008877226677116655551188553377001177774433307755776666304866022235084
0888844338855224422554455558800334466222211883355333377000022661177441111666650110077112200440777667722775822832233031
2008822881122118866227755550077661144556666442244880042225577773355333377001166771177223322663300660000210033668888413
222440055554444331155111166447788333388003300223344885577660088442266228877441141227700773355886688213366665566710
2661133775533228877444411665577334455221188005511002244220013667788886666884400660004872237771647658565054
288112233118855556611001144447711660066220077886700448888222255883344224455226322774777687723736
6003311222288334477773388008877441155888844446677111188662211440055224488225547885500226611333355116722332200001100470
62244116688330088551122003333880022337733221100777700553355440011557766774422661144772250004444664458443866663811782
6660077558888772255338833332288448866222277881111224422336644116676885544334444550044001100005552113311782260280
68888773333882211004466001133228855330022224477226633441188005588443366444422775566551111555500007700881177116200640
80088662266773322884455441122778877558833000024214400770055772333115566553377113366443344485555111177774633803356001100466
8226677772222773377886611334444557766335533342255666688447100320000550088881122117188302144880626064
86622228877223366555588117788556644661188337700880077660022000044221122445511553355448011331107334386663741471166811677775
888550000443366882244112277331144886622664400667755330055770022881188772211552255884455666388077744771377655544632
4116611887722775555664466551144003355228811225577115500448855332233882244344422006666884455480000876677778077401
433440044116688223377778888554455886611555511336600776622552244772300880055335500003388770011110426467733117711266
45577228800006622552233448855446600551122227744004422441155887777888825008833113377001177664533007388668811116611455
47788443355551188005566225500333311664455441111770044881833885533444655220022228577330000777766771600663377521
11100551122008855443366221144007777888866444477665533002222556600445500668811335588003322472277018877338821774158375166761666384
55544662288774488442266338855222200443355770000553333667733778866665500332233115511112211771144583348116611382277225888077751064
777338877888844550077114411665522556666332200337755117766443344412288115555460066224861333358336088270040501
011880077660000552200228855664444774433663355330322337755084422227722110677113344557733324488666611770144155544640
033554455885511008888002233886677443377220077553333446688331133005566441111661177114444776660442244057777321122825
05588884488666655442222003333885533001188334477662233777733227700444466771122117722881111661155113366424825557755680745087781452
07722443311663388110088222211446611555544223300118877885566228880227733557755336600441177111122006644447744851133225522666
10077661133444477001122440022221115336633881488008866006688885588333355556655466677887733777722662288220000352
1220011882244225511338855221177005533004466222266888811554477664488334400660088667777111144445566116655880022827726307
13333778811770011440066777733224466555544885533112255663355220077447755116644222288223300008833888877227715884455002214441044334
15588666600226622006633667755004407442277882255777703334411888855552233771177335533111138776611054
16611554433338800335577336600001133770066331177110077662222555522882244227722134455608888774477884488604
17733446633114400776611881166775544110055550088004488666600113366551155884442330066887777056622553387222263520
18800667766557700221122556666220044773355114455226644022501116688885533881177778833771464887744334414231328636
21111552277001122663388005544224488555566775344118811444477220077778822583300223333666600331166113328668888746650662840800
2335533884477005544220077664400444488331166226677441111255858660066336611443344580
255888822001111554400881188338844557788007722337733000033224444110055117766112266663366004477442277771223335533467755256
2772233440011220077004455443333881133116666441155222266110088221177773300550000244488778800360066375555347581451115756
3006655444477664455117744220000118855661122883377224466008821553355003333663328007700281733166685255
31155776600338877773366114455888866221111337755442222440066333355551122007744668833444666556677225533008800001166402230452
322884455883366773377778855771122772200444422113311555500223333886622443344668800776600110000888821114411864477448544006666552
35566662211886677002200557722446633777733114477116611332266554411112233444433004488883333664400778800887741003388400065001515382855855
366008800225577220066778855442222115511662233228811240055333344884411118888776688664477558834446034555564304820701005052
3770022557766883366220077118855447755228844556655111177888866773300550066114466660000333322210088212444863344015
388776633446688006622441166778811440077775511005555444455337722332270333366115588882282001111742211326655666640225522208
5006677117766443344115533116688556600772277000022552233226611113355557455883300338844001100844486222211220051842
5112266774488003322111100552255556633886611554400668811446663672288223377884433113355334411771185807755776014550044777022200
52222008855550033884466558888005577664411440022445533334422551122882277004488666677773377117744775833226611881111335154430060736018731
53355220077005511884400115588776622333344110033002211775566771111668866642277473322555500004883806
56611770088007788220000441144776677558855550011553366223333773344410066551133222277226633886666888813552288454
577110000224444883344008877661166882255220011550033006677445511228844113355443388007788881111886655556600558666226644663700414
58822003355666622663333110055008855778877227733661122111177776644886677445522265544114400443300113377116844770000234444683
6113355443300003311440022551188005566660077555588221111665577886644772244446677445833337733820011006233626
6331166000011220033004488662277882244446655440055556688337711773366118800887777557722335533334472885522625588122
65500227722551122667788113377005566662233224488771144554400334433336644663311553355584444280011110000682
677222288443322005588776688662277001188553311330000333355663377334422552244446600441144775550881166111177110266412
700330055442266668855773377884477446611336633223388886677552255880044116622227722110822444455551285065777176484340
711773333776666774422770000224466005566220088661188777588223322221155334444555544114433111133552844750
722443355774466225511778822008844773300445566113344115533664488333888666500222211000055226855554700111122327
73377001177884411005522668800667777112200222211665544446644550033330088663311881144776822442233555533225570443365640
755661188112233778888226600221100665555332288447722008855113344441155445522446626883355886633364434000055748
766226611337700220000555511227722338811887733233355007744660011448827553311647777157788404833488803056368685545258
788338800772200550022440066331100442222333300887777551111885588228866445544776666734466012151613371441353236444348
8111177445577113333227733660077006666558833008866118803553388448885221155667766443466226634777755550166812255414
83311114422552244441133665533881177447700110022220066007788777711666633776622664461885555888840835542823
8556600336633440022338800551188774422110011331155776655445533771144308822881111775522447722227777067781664444868626166
8776688004411446666773311662211338855778833223377445522000088227777556611881122224477148866003355558882550055128
0442233113322888811887766448866778833336622008822111155330077558844114400225522666555172222473355003340174
144221188005566558855777753337700772254330022774458666611332244117766336600334444001100447468111128283388488
24400446600225533001111662211556633777755557711334488006655227700558866883322003333664433574222612281808762378
3444455442222003333228833007733666622556677114488887777226611331166886644663377555577443388440055221122770000158812447766585
54477881155008888556600221133111188227722558877007755337733001122338866336655771100004466448833552288014222662243220333416666717
6440044771177443388441122770000222200778833003366334488228866114466558166005566662260135533773332550425244
74466003322112244771133661144228811110022776677772200665511773333443355338844886644554440888800775555000055782
844557733332288553377881188227755223300111122442211776625444433667723441155008866446633556611407711331166660047403388310
44455111155334422664411448844007788554000336611668822776600556677001122883322008800662233774311881177772222124
44477882211557777222233881133111166668877442266446611441188552255888244003300773333667700553377662200228633550000454566532106012
444776633882244115566771122228844881188336644000033220017006688880088558866550055553300273
444887700773388555588334411880011002244668811116677666174725500335533228888452200882222306
40055776611228888775511445555447744666600001111337700773388226688333322330033448866222240667800825
42233667722778888661144330088116633222211220000110022444477117700553337558822887766445500640077774488003268356575113845254558518151104
4223377885511886611222266000077330044553322008888336625441155774444777711775555006311114433556848110388034
46677557700660044110077884433776655552244554422220033114477333366335533000055666644888877444402551133883341885588023
466660066886633881188334444887711441100002211336644556822008844335533776744222255223322775500555547330011228722678
4886677553344551177113333554477666644004433885500337722774444110066887777882211442288457700007088112266022203031
488778888220066665566772277001188337777330077443311226633881166002244228800003333550044447711334411115533645
00011770055557788667755884477665533882200225522774487222283224400745500331122330044335544441100662211442600861
02266112233771188558888114411116600443300115533880077335500665555224455778844887777447722776666446633662222003342867685154562100052508
066227777331133660044774433884444003377002211663322333344114422225588111100775547226655552200553356667766186648330000180
08833228855000055110033667711557788004488117701446655227777661188441422225566444433440877555588223355337733324
20077447722114444551188337766442222665566225533555544888800330022336668228855770080441122777711117784613333224400116385852500515060010313443
2665544441188007700551155664422002277885522331177116677330000886600668888228877663366103388333377774433448844775244666222125
28888222255224477221111665588443366770088113300223311553330117711214420044411887755668855551466462
60000555522888844880022221166778822440077776622663377444433885511553355008755665544661144111133118711773333034
622666600770055556611110088112211665522220066443333114422887788448244440000447744653377330033454
666333311660000775555886611778822330055335511338833444434002266880011004455448888772288177766774642027
68811006666552233778888661177555566446600224455000033113322001144225544883388777733444308416677280
80055335566884444885577773322775522334455883333662288116653111152007711338866776666117788226600663300001144004412124460322
82233666655112288660033334477443377662266118844814422772255224455553311550022110055771166811137554777001177304
8666655885566776688447788008833228544330011220055111144550000664422440044441155221177448711862222334463337733513311026
8883333222277551144331133003366441166370000887736776600228855446622005566886655006400710
4118844445577225544776655113377550055887700008833117788880044220077773388226611662222886600224400634463221433627304833
43366000033774444664455117755002244111166114400884622772288005566335588771100778833338811330048554211886662620
455440000667755777788337766227722442211117744112844660011886666448811663388558888773333553366882077108
47788662255337755226688881122006633115588550044110055443300007711770033334400224444884455661144660011336677666833587733223388221280822
1112222888822663300880000774477883344442233332255664400550044118811557777558877227766553355220625455666885846061673137363886
3335522882255002266557777444477558833000088551188668844667766443344006633661166660011770222778111521102462137372127114
555884477773366335522883333115544886622668822220055006600774444000033441144225088887788501188004651202
777116666002255110055447755662266883366555588117788228855330088664444888433834411227733772211332240433310603
0110066334444228811338877557733112233660000440022551188661177005522115500776666226655668822227744332244778844555588554413520
03377224477881188008844440044558877773355556622005522116633113300002277557711776600666144628544115511210
0550000223355886666227711556677338800881177225511333322226688442244553344888826554444387744611100116700777781452
0777788774433666633338833447733002288112255222200661144550088004466772277668855888844882233111188632211555544442244000055103
100444433668833006611118888008811666677223344002277338822664411220077447755778711333313555500556655445537000034248
12211770055776688887788447744880088118733113366115522445533003384660022662222556633337777223322875
13366558844887744331122332266334466886611552255110077333300335577001166222200445500008800660055338888555400276
15522002255771111000088778866664400775500114455330033880066333311223322443366116677221133558888118855554446882288370047776622665737405278422
