00088882222666655111177115555777744447766333311228811005544223377887722113322567733661166003388334433584450118460602
0115577113333555588770088226666221188007733006611777744112277553322228811110000338888444422004400224466051168347
0222277335577115533116666888800777744442211333377556622883344555588660066770055441188551177661111440011004434724811223088720
0337755117733888866555577220066223311114444667788000077666688335533330055443322770011336411008711842211225477774482824
044448866222266880055557711337755331100881155447700663366007722446644033308223322112206116666711188335411784
055777755331111338888222200666677115555444400337744226611883300443366332255662211008866002233335588001122881144552244885844127
0666655117755337711332222888800555544442266777744330033331155000011118822008833556611004477334411448844664406336862723
0775555773311113388886666222200883377667700554444553344114433551155001122885566336611740044882233226688124
088881133771155773355002222666611887755663388001100444411112255551177772200774422446644331144021166223306553333648
1008888226666220033551177557733334444778866331111337744880055553388552244558833000011550066041164336402556222112272842
11155333377775522666600002255554444888800881177113311661188336633446688223322005566447733557744558655107720442300103
1226666008888002255553377558811331155661144447733336622338877110011664433550077005544224410448844000067772277882222032
133335577556666000088222211116688555511773300225588883377443388440033662288006633226674442200441155227244854
1444466888833337711555533000022662222447777558800557733667722331133441111664488774422551100885566003825261
155553377888833113344228800222200552244006611116666777711226644886622776600001100446684118544774430821455607755772
166668888223311553322000055771133775500224400441188773333442222112266555588111140362288554766770648360
1773333551155000066668888227777111144448800225522337755663366554477664411331122116011887704220388540
18888662222660000555511337777335577115544447744880033112211117755220066333388330022336666810014667700864
2000077553377113355118888666622777733334444330011555522885544112211008811665588006633222233884477445572556674882311740
2113377115577335500002266668888118800551122444400882222054477446633443366441455333322876655825
2228800008866663311553377333322775577444488111133001144116611226688885588760055007624002474655568342
23377773311555511000066668888227711332288444433553300550011117766221122002244004466557755667788774600333340885588014
244446688000088662233331155335555111133771177778822666644338811447744227766772222806615445200448033002400132
25577335511337711888822666600003388775566774444111155881144228866802233331177770044772211227780116084005544855522045
26666228888000077775533337733117711114444001133668822224411665588442200885500555522115577225544556833887788103322334477604
277333377551111556666888811330000226622444477770044882233665577887711880066117722112222886634667422058
288883311117777335555000066661188552277004444337766221166446633226655884400775577442300201055334877172088168
3008888002222777733551155771133334466442266331188660033774433228877661122555522440000554444820044772236850
3117733557722220088880066665566332288337777558877000077664411440011667711334422447744661111004433081188244
322228888111177330077666655116600337722005555338844550044661188775577000022663355448822333344262433608855880447886
33311777711555588886666002222776688005577008855335511114400665522550033444433667722442266338844110011332833762
34444228888111177330000226611006688775555333366777722224488331188003355008844556655776666005511558233816633771255404
355111177337700002222888866555500668833112266775577880044443322446624552477776100116333003380807054041
3662222668888111133553333444400007777557788555511001166663322887766442255884455003300223377224488338862004414647
377551111332222777788000088553355666655005588331177116633338811886677661122662211555522554422444477440022004456441144301
388882222777711335511115533770000331144446666886655557722117755004411225566333344776622442200778811880022601102343405254455848
400008822227733337711115577225511446633553344888855007777666655887700664422661122110844556604116622481
41155771133335500007766222266888844332277773311883300228855337755551111663366664455446677005566552477244420440011012
42266668844008822113311553333773344881144662288775577002222006655005588555544451800777740004277671230103
43377113322666688881155112233110044887777005533007722002222446644445566776655447755558866333355221188001177442111461168273
4448822666622880000777733551133332200115577111177884411885555331100887766558811225522270066888300543366337466140
45577335511888822000077113322115522224466663333887777440044227700667766444477210088668855661144384811216805850
4666622227733337711555588880000772255331111334488554433550011770033663388224455665522667766112211002200660086442234044
47733117755113388886666552222116633772255444488332277112200005577006600333355553304226822881155884455611144146
488880066226655337777331111557755113366886677002288222200441144776611663333445500110000883300721174335555446666025
5000066667711113355773322228888337700880077221144224455444466448866226688225522338811884433117611555511036
51111773377000022225555666677661188115533444422664411223333550033008800777788774400120066554433221855248833186
522666622000077775533113377115555448844008855116688225577445500667722223333221111441177003344335100118833880044705
53377771155118888666600002233335555444466112277004477225577330033662222448800111177665566306644058844310
544446666000011775511331155228888114400337777882277111100770044333355338833663322661166272866448844112188555506856
555117777333311662222660000888833771111444422335588557744553300110055002288224488443344112215440688066648667872065
5666611115577333377222200008888118877551122335533663312660033007766554400250055243388332444664458442800441700148746762
577771133551188886666331177556622220011002233773333443322558800004444664411440033606522112263881165474705087788353
588000088666611115533773311775555442244662255770022885511445500663344882277776677447711333366003300110077221122681168443322083
60000557711553311773388882222665555111144441100337777220066880088335566667700775500447788661166224433445211827
6115577113333550000775588222266773300118866227744776633666688887722554444002288446600441144385511770066552561155534803
622220000888866331155551133771111665533335544442288557733224455664411775522666400777788774500558800210063001837270
63311553377551177000066222288883388002277336655771111444411332211886644776455004422005522330033555583334400810
644442200888800226655551133115577111144553377000077335544336688777766003388334477222244606322884488227
65511335577331188882222770000663322886600777744447755550088778811115533330688441122661166266855214404642
6661155551133777733222200005577118888330011228855444422774411776633660022116800333311440044386244810077525
6775555771133110088883322003377226644440055335588001177333344111122336633886655666688777788221166006622885477661422445254600
688000088222266331111555533556600117777114444772233778833334433220055445527003366667021662131888844010
70000226666228888333311115511335577771144448855008877661177337755221122223322003344772244668866558811880055556424543418240
71155553377338888222200006611117777444400886633665522330077554411064455112266883344880433558812550622856666024
7222200006666888855337755115577331133448800114466225555881111887744227777660055445500440078661166328
7335577222200003311337755888866110044446677111177005566226666443322448877883388533366880288223304034122574
74444220000888822666633557733332277001133007711558811887766778855551177552288447722112226880023864401660456148
755337700002222551166668855554444006633113322117788338888118877336600884422882277220044880655226625741
766222266335555111133775533880088332211004444774466115577771188665566440000778822888844554422001120548
77755553333111122228800008866665522771133558844443344002211774411663322550011447511061152337688881188326
788000088222233337711551133557777446644226677550066887733447722003311448888336633884255666655558855424
80000557711553311773377556666222233225511884444002244554433336600330066311100112211381148227722604
81133331155777755000022228866661111005511664444224455335566778877608833884488880040334211885011223322706
82222337711335511775566660000883333444422557777331155336611445500227722667766555522886688774466447055888855448848180
833115533777711666655112200008855776633228800554455887788882244002366713333046608668421114411056611718
84444002266662200883377553333117733442211116688006633555577113300336655005511000011885588682222554477007722448888778814676
855113355771166222266880000555500115533334444664433666677778888112211117700228844773311007755440044887766114866525
866661111335555337777222200005566225588110033331166008877330077557700228833885524336655163324667766880477845544071414244
87733117755113355666600008822221155778888114444337722440022770055333344662255228846110066850011665555420077404
888000055773355113377112222777744446633660022115555882266550066443333111166778811775533223388552200361100140084568484142
00066222277773355553311888811333344446655221166775588774433228800115500771111008822554477226608664422445566885377023302040
0115577113355118866665544442222770088777744000055888811116633117788445566885533336622661122332211446674337022080
02288662233777733551155556611881122557700007744008800558833668844663333885544553877227788847714222214126604864
033775555771111332222888866660088331177227700664444334466226655220022338811440000115588005500748855147422545
044448822666655553311773322771155008877663377005566222211113344664422888833338811886022330061225011600
0557777551133331188882222666600881155225500774444771144334466440011778833223388773377002211228866224033663350661111667040068301065
06666888822220055773355115555663333444422441133111177770088771166003366440011886655337755223322112255443300227722807766778466248044700
07755117733115533888866661111444400222277005555662255772211335500880066771188446688220166048833443327885377636
08888222200666677551177337777880055772266003311113344002244550008443355225555333306112211885566336658664411623
1008888006666555511337777332222557711112200444433668855447700335588333300775566774411440001884488778811772211524452331164246
11155333355777766660000555544448888222233225511886611773388774455008800110066881122002266775588447700742560403
12266662288883333115577775500001111003355114444772233448855337788006677668844558822554422221188113411602200743
1337755331155770000666622228888332200111166551177330022441144447777667744664433445566336608771823558845438
1444488666655553311222288000055663377335500333322668811557711770022445588223366221133001112554400442755147777641
15555337733888822226600001177558800336655223333551111441166448844777788771100776622885566774422006633112577234400281
1666655553377113322228888770000117733552266774455004444227766880033111155118833885566333300881124661366443344707
177555533113322228888666655000011114444112244333377883300667777110077668822334422552277221455726055108800240
188886622226633555577113377331155880000770011444433884400332255111177221122882244110022004455447644265
20000666688882277553377113355111155662244440077331144558877776655778833886633446644880011005500843166770022304
21133775533116666007777338800228855114444006611557744223355222200555588111188330000112244556655443366334466233320482
22288000088666611333311557711667755551122330022444466443366558855662200338811888833778877334477774400663352660011421111007682527
233777733115555116666000022888833338855220044441177445500886677664400772266884488746611001133003361205
2444466008888006622777755113355771155556655882200226688114400004422334433111177441188448833770011287733607788538
255777755331133008888116600115566224444007711773377441111003366558800664433332222338822884422063355226855445554714
2666600007755117733778888555577111133331122884444220011554477770066334400883388776688662233221188041142481108264
2773333771155118800008866665522663311224444555588117755007722225566221133883344884422006688776611660033557777454100214883201
2888833777733111155550000666622330011336655884411225577551177440077886688002244664444332222116633334422661144820
30000222288887711337755115577331144882266665544778833885588446633220033662233444400777744241600555500152
311557711337755000022227733666688881100551166444411448877445533225588223333555544338844001188004466221111220036117086760
322228888771111773300005555775511003388554444666655335566116677774455224488441144358866006688008831226622140022764
333117777115588886666222200007788337722555511663344445522335533003366004466554433880088442211332277440022447756441122601
34444880022887711117700331166225577555511881100666644660000112200882222668477337766333366732274223355221400743
35577331177551188882222337722000033004444666633668811447788776677111122770022885588664422662211665555338800550011554433240
36622226688880000777755551155771133110066112288773333446633225533774400118855883355448811116666003300886654114444742
37755117733888866552266113300221100885566220011668822771111884455777700004400642288333367644488180
3888877551177331155666600002222770055776677113377884444881111447777223322662255228833668866335555885500865533046
400888800666622224477331177557777005511335555337766338811552211225588228853226611116686502233442200114413007466743
411337755331155770000222266668844006655111166228877443333888811003344448800885588335555678867773252004422745
422226688886611113355333344000077773377555577110033228800662233882211224477664444551155448877466678414
4331155337777116666558800008822224488557700555522113333002255447722888455001100444400334426336624661111806
44422008888003377775555331111773322663366556622224411668866771155007700551122881133557766660000118877883388554466447744506
455773355111177222233000088886666441188552200558833116633337777447700775500224433884422776600628804026
4666622008800773311115577551133777788771144776688444400555533550000338833004433660866133342774222172245425232826
47755117733335566661188000088222244003377778855771111443366446677225533113300110068338888441155554455027764223322128
48888002222773355771155331166660044226688221133337777555511774400003388664411118812001300550066223366354
50000666611117755227788882211337700224444226677333355551188338855331155774433001166558866887222032254548233446622840
5111177337700002222886666333388776677771155004444226655553355881133118844554400552233225566875577220011210083034
522666622000088883311113377333300557777551166115500224466771144227744448866447800660074112233221188443344568
5331177338800118822770066662255771155554444007755003322113333668866551111220022641100445588114477772244223344684433552744887
54444660000888877111155337733117777551133222233885566110033330066774400118822664411228800448844220074386688157
55511117777333300002266228866880033444455775533885500666644888834227711225522114466116607423102013
56666002222008888113311662244441100445577333344006688551155558866111122553322337755227777443300001144226844783
57777111133335500006666888822223322001177555588773366002266551188444455442244880045667788337700553311663388661155227722510
58800008866661111553377331177555544224466225577002288551144556600118888778811333388336688227777447716772222326
600005577115533117733888822226611114444886677775555113322774455006622880044330033335528441100118400864466554476337686636340207
6115555113377773322220000888811887766226600111122445533554400228844443300448700333317423360571
622228800008877331177557777665511333300554444770022442211226688555588443324556155001188111100688828303
633115577113355118800008866222255444422333344112211665588777788117766770033775555664477446611448822445520773400111066884880205046066
64444228888000022665577775533113333556611007733006622337766771177227788666688338855882222004484336455211155116011432
6551111553333777788882222660000550033118866223344441177445544220044336688112288002214663300667766664733287755772845601
666888811331155332200005511444422777755554411223388778844007700330022660087110044556655225587443333663354816641811
67755117733115533888811668822000022776666444400337788555544552255887722111188335577774433224866008800106
68800008855111155333311226677775555444422336600778833771177661188666655662200550014558822888814887700472
7000022666622888833331155771111337777444455112233447755885555667766550077884488668822553166114422720044660066303
7113355118800338866550022226677553377005566444411773344007766336622006688116611008888772277882288342
722220000335555337788881111331166662233444477004455225511773322667777110088330055006600124466556638554400758800243
733557711553311008888006622661133223366556633442211887777558855551111774488220055000011228866884455224400241
7444400662222553333008811668888776600221133885555111100335522882277880055886644334477772200775566770044661577154488300
7555533337711112222888866660000550033118855667744445522008833661177224488226655776633558233227733002254662066847700414783477
76622220000668888333355332288551133001155777744556611117711224444775588441166008866443311881100502266778806334486614422136
77755333311115522220000666655668888337722444400885511771133441122662144558864338844205577448877335547630
788000088222233337711551133557777446644331111770022556688558884001122114722773322061106334285552655418605362
8000077551177331155337722666622338855778833224400114422228866005500665522003333555566888811336411118825854
8113333115577775500002222337711666622558800882244443355661111774466773344776644110066342266572200112277007780340
82222337777331133000088115511666655771111225544448833228877880011770077668844114420664455888855005566746600210474086521855
83311113377555577000066668822223333007733225533446644442244554488001177116611003388667766336657774622114158472200402
84444882266662211333311777755553300005500335566771155772222445588336600111100447744225544114466443344086611628
8551111553377336622220000775566770011776611338866002233335577883311443344445555448844774462677712772248882288125
866661133331155557777000022223322444488884411885533660033552211227711773377446624782100550011116645114655468
8773311775511335566668800002222116633770033444455557766006844338888624488553333226744210821552477771144012
8883311113355777755000066662222337788660022551177333344884400880044558811442211885522887722770688224555365541261
0006688881155551133773311662222552233444433330077112244770088776666556677557744663366111108664422884833553322180
01155771133335555880022228866667777224444337700005533883322007766006611668277447784221122311100446622663566540
