4446611008877111122778822336655006633773355884477442211334433888800440011666600775511776622225555224488554722077702614
44488338811222200558877221155332266224477117766778800882433556600246666118841014507775858688167413
4443311885566778866114411330088881111664488223388002277005588446688334477776600003366637711772222440077428871004500152205726542553515521
4446622115522557733884433442233332222667711777700118866331122776655551100660000885533002244554411448811368877405588283
400223300003388554433112255006655881111555566335522771177662211334444118833774458660077001800888877884288226677333366168
400554466664422778888001166886600670022112244111100481147773355775555333377683311336033200
42255551144662288223366000066665566112200333322448866440055888877557744115544443340401188571167302
4226677884433116655552255441155002222333388885588006600005533224400337755777733556688334477666611446621044454813
466224488661155885544116688880066333344228877557777111122774400110033222233884477221188335533008811336600005500445558226144370257376204478
466885500002211770055443300447722226633440077771133223388220088887733335522774422881188006666776611114488664455115566003622441788344847553572558
4887777224411663388111144331100440011227714223333662288666688446612226600665577445544476522550078221888085513758532056
48877005511115555228811332200886622777744337766772266336655333355003300447788882388046688331188434
000442222114466110088555588667700335544337766334488771166001133006655664477338822883322331122552246220688480
02255111188770066661155222288660088001100772277113388882266443366224488114455335544004444223333774477558777667786355
0663377004433115522551122330077447755660055550000111177664411888866226677778822046611333322114488338811045402880222442273644
0887700668811886644116611557711777722551144660000445562332288338844447768553344336740555522221122711135802
200116622223322551122771144556600880055221177444466776633775500255588335533331100777700661118447788586644004433034
222884488772266662255224400554444668866778800117744110000770033006477558855008811557711118833113377335511620
266444411334466665555336688777755667722774488663388008855000052888833222211770011118844220033115233335066116607662828143457840714773
28811006666550077778800117755335555771144882255888833005566000033116611113366334400444877468842118266222233724
600771144111177003333557777667722440000665588446611551133004433448833222266447755554442553388663377885500223366668822880088881622105013187
62211334411007700111166884488228855883382330066663777225555115534771122775577845522002224456611800
66622332255773311006655227744335511550033772222880022447700886677660078111123338888448876118644446634101684205535658000445544055
68833331155777744771188117722660066443377667788762233665588554488882200228800721122552244000055001466661455553355644424134080338043032
80000773388663300551177006611334477776644227744443322667711001144883355687722885544558844115500220083775400436
8221144778811660011774466557733883355008855552266880055333322227700002200662288884485110031112240761
8665544660011882266663377223388447744007788002255773366775588331122005533000088715566888422227433445555128
4114433118855660088662266883377666655110022772288111177555544661125884444007700333366335533887733413321550050406677100
43377555577001122116600002266883322335588662288442200778877440033664444885533338811882066334455413301514
45566004400777700334444774466667766115588110000112222553388221188886655117711116633223311335522884422072274883375014
477773322445522770033336655664411335511776611001122008822883388668844331112553300555500002222662234666634067482144
1116644660022338800005500334411447755557711552266770044556633551177886666553322112255444422228822043333110243668888337777261306274738576818784
3331122663300554444117777220066002211665566118822338855008877666688667755883366224433447744888844225522746
5557711114433552266222244000033007700442211006677228833444411558866446611333388553377554488220055008800102
7772288775544117744884400667711225588005566664455553322115511331144788680443355222020833344400
011887755881144110044447766880033008833774433446666115511333322336655773488662288882266006634002200056
0335588115511330044776677882255557777222211886611666655334411444755432266006622400018008888733366468
055663311224433000077447766446677003355550044880066008866885522221144001188332233866655777722771155451
077338800224400118811114411000055336633771133557788772277556644555588666611660066584444334470448300820034221
100226633887700333377440066442277550077882255776622888833554477117733665561444488551122113311555522332200845584341
122330077113388331111558811885544222255665500116644666600005322447777227744448877882211776622661800443032045414028868884
13344226677661111557722443377550055333300112277116622225555223388770066000022004455664488110088221400778888544
155337733554411662222660022771122331111883366446611444477558855004488886688228800881700338300776677772200621
166332233556688226666442244118833006600443363884444002288885511771111555522112255775540777700501
177771100001122118844775522778811113344332233337744005533886655444411555700224422582266336622003666806670828220704
1884411220077223366335577111155222255443344776655550044227700003330110055668831448822113088558881666644553177778677561
2113311112266333344442233776600884400665500118811003177553588220077002644887711666777447788886411557730405525154720056
233226688558822005566440066778833660000880011442244443377007722225544777755115555716655333344888811331111004411763
25577220044005555228800112222666611335533778811443388776622334422775544110022415500085566558866883322177
27722553366880022007766550011558888555522661133447744884433222233338822886622444411445544230088375577770055111100600
3002200775511557744882266447777116633222277331177666688778866224466001100005500888811354444241144311
311444411007744884433552244776655111166336611553322337700442222550088881177226600333300662135446666771128077736857
3227755447777006677662200448877881155884444117511113370221122883311007422666688003333005522225500008822386611665566446634385
3555511557766220000880055444411331122885777336688666644884400330066778822333388811147072222474213427
3663311227733558811446600008855550022003388774444228844332211115544556677222255776662651100118838005532324861688
377552255666655888833008822777766881122116611884422663366224411114444334400554000338800171700274313206077886857204
3882266225500664411227733553366610033223460111130557700002200440788117744448844775555445588556288772211442222452188616
500551100883311226622334433880066444422777700448855221144556611660022001333007788667755776655558877347714003688241
511665566227722668844005522002288112888006133210044554444887788558833447744636
5220033558800775557006677445177881111527766886661334411633322528888331144642233002264887733772188508844338824447400412003610
53366440044887733446677445566220066115544332211778811442222335500224411888855882288444255113337771111665577266
5775544331144552233663355330033882288881166113331008866667744222244664400002277885566225557771657004600172680506
5888877446611000077114411773300333355004400221155442222536688111188666677882200663766447777043
61177005522118800111100660088887733002233336644116622003322228833551144882244337766334422550005553455465588557688426
63377443333222233446644445500224411882277110066226655770077330033668877555588005544000088551155325562888847614130416
655003333886677226688007700660055224455883366440000110088114433115533023322554444884466334477776666116621113577887711773511242
67777884488775544770055886633880022552244116655003344337766113366006644666688118888330044007744445233331177110088242
7004433888877227777440033115566001188555533334466551177112255007788337766773444775488220022113622224611008646866
711885522117733775533336677880022777744712244666655557066888822001111551100445544443344228811448866222233883322584411330644060
722884488224433554422226633446688771133316666220088880077557788556600665588661100001188111155117555005534552024112406467
73388881122337711882244225588557755663344516611115088772212667766440000444418007788630068474322220353633
7660077773366448888772266224455003388005544331177002200006655663333442255223326608833546188441133040
7885500220066446600113355558800776677443366884411554444008811771100037733332277772288225511888661116311422233824
8111133332266441166334400557744772288331144554466775588555566661188882222770033776622330000220044224433660011007688780
83388664411442288770077551177774444778811227733001100446688553377226655558804082155666611667711154763450325752353336
85555775500551188662211116677887766115544553322335652001177441122771100002244008888447733334433003388114488228836880044225466344
877222277551188115577004444778888662266005544003388006644883333220088223300774288412241666633667100214
044772222888855660022664400114411334422773300883311770003338844887744446622112246771188666655775555311166115511077788250
14422556611881111551177337711003311333388447777440055448822778833444411226600228888662244666688775577007766321165885500004452001800622
2444488885577447777336688660055666655446622550077667700220044330066331100880033551155334422112277883388116644558840001141882233717
344113377772233006611558833336644447700446666008877668800221144332288885500071488222255226622778864555577551422474
544001133337700004444667733885577666611710022445588116633008844227055553344882288662266052233221111822
644116666551177000088777755886633554422005500447733118833223300338844446677440077660018524487226
7448844775500007788224444336644554411118877773340433388885511001122886688008815222200226600662233130
844775577002200004422223388667722774466662288118800776655005555225566003300117733668855448822441133440441661111526633112713778877788
4448833441166662288550033117766888800004422223322555533551122445520110077773377111133661144774433330877586
44488224455007700881166330044666677885511115577221133442255332277552200006622661122888366576604337733117144722
444553377661155663366442244660011441111665522225588554433220055551100004488777788883388118822608800330077117744740
444003377220088882233662266118800005566557788443322228855886644660011330077004688774833881111521
400114455117744772255663366776622702233552200660055888833221122216688008866550033007488744
4005555110077664477888844443344554411552211885500661166228833337700113388773366630088226487222277771022404
4220055330022775577776611008844333322881122224466555511667744004411772211171366668866354066000038001878507826488
42233005588331133778866662211773388775500665533335522661155447722225555116600776677724433444400880044111100263811468848285641288
466222211228844551188004477770011661144332233183377335577220033336600007788227755225533887744226445088555430345658
466778866882233222244884411445522550077113377662266553311664422001100330000660022117722851186661555457777004
48888772277441166112255220022443388447733110055775588001111885566444466777788228866333356223300337700008833421133660070466
488110088228800440011336633771122331166555566442277222244158877550022176600554444774466225522068855738848634
00077667711664477778877448811883333888866885511550044111144446655222244226611335366005622112200117708445322531103028
02233666622228833442200777700005588775555118855661177111144116600886677443311226688448882447733772333257766554455246644404
0664444004433007711668855667744666600110000558877226611434766224033886633112288222255552277557788880322065
0888844225511774411002211112222005544665577338866777788770681444455553355664433440755226622333323760
20033221188668822778877445544777733330088000066114488881133550077667755337711222244225522334400444411110655715588551628343
222668888664411115522885566335500113344778844446611440077445588770022731122000055708811883388023366543333010
2668811770077448844778888720044336644660055001133558511822211224422333322553311114455552280330000244540857
28844770011443300554444116644220044007788076622552244663355771133112233665511117733777722775811082
6001122668811887700446644113300555500774400335522772206667755334455885544222233771166110246228847831
6222288223377883322443333881188777711226600275588550077330088004466667766113344440055770545117528684
6660022005566446677333322442211110044338877881155336655441122883311885522226688882233774488003344440077770000108
68866775566663366558822776644553355441144661133110077444488551122001188116622883388884422550044333322447777887723440000508
8003333228833774488771133440088446677330055220044224411227777007788665577663311445546225555881111551166882211726600661
822552244114433663311227788338800335566550077002211887755447711333344544466442233774488662733006666110041567
866441100007733223333444477558811880066331133557700114400888822445522117777884466227766551111555533603384330422550482056122622
888333344660044770000557711331100221144224455552277223355337777554488220033663388666688774226265646780856117161215841118
411333300776622337777225500884488775577334422445566332266661177415555883388220033668866006640002222110011228800527858111141618
433445544110044882255227755886622336633887711551177001144665577331188442244440077222266667766406682833320800030553025061605655
455004422553333884433005544666622000088111122664488222233227766887711006633773366003511777788356477021164118888644
4778833776633887700332266772233007744550000882277773366446655654444331188117755886851611133334422888800110062140054171240422
111552266664488444455660033112222551166110066772233004477443344668833888877778800554405553355033377624
555666622330044888855442200558822111100778844332266334455006600001166117711331128667766587
77722554411885522224477880000448866443366660088882200221144558844465577662233331122771166335533773388775566881111701100705
011668800336644002277225544886633884433334411776666112222881111005588887780775522115511446622660002445553523
033002211880066334466888822556600027744331166220655111122881177115522448877885588441144557755554422637
05533332277887722550022003355558833881122361177351155445566552266221144668866447711660044441112448844008800128888522747776067570000782
077773388441133778855006633552211225566554400004477005011546611667766227752666600882233664438774222880031002811872
1002200115544445533667766663377881111882222331144226622888833552211770033007733338877775500556600008844334477286688046
1226622110011666644558800774411553344772200881177114447665511888866335576885555005562883388724
155770011777744440044225500884466113377665566447788000078223333551122663311443344552244116622111108336666086
17733003311664411337788884400110088332244777755444466118877007722771122550022881155552222665566885588666671114488204455106
188883300448811668866336611558822114422884466554455005577447722331122666622552200227700773355337777551877108065624223832333455
21133445566004444005511114477778811228866441100338888400066220011775533115555225588771180222233550611672
233777788116677665566887733113388221155225577228855007700445544117744880011446633222244718844443344212
255777766116688001188883300664488442277331177000088187744336633332200554455224444667755558855102222882236553044103
277220011775533662266776644447733332233770000228844115522225500663388666600880032116688111188814467113511077744556
30044664444887777668844002288883322667711334422225500881155331111775577227730551122114822386666024
31122552244332266221155445533776600550033330000771144882233556655778833880011334426110028667777008666417746804
32288001122444433556600772233773333115577551133446622667788666688110033000022005500882222552276336655553384221181447484140
355220088661122557722774477002233007777665555443344222211551188885500441288444466448833880066662266837314532604067366333
36688115533886611887711443322335566221122666644004455777755228844888855116655007722774477882222442250883200001170305464113100602118044
377335577555533447766448866118844116655117700333322330070226688740011005500880066081111443311336211225544420
388667733443355550088772233225588112244441144260033668824005511775577665523001100007711533
5002222005544225588777700775511880044333355778833446644888866556633223300331122111177444400008844110068116142771267624
51133112266440022115533550066008844881177330055447744668855225588337700441111443344445556110622442233332222776
5227777442244666600772233663344775588110033550011773333220066880022886677004441338877665566116622557788337266488845118
53311223377775544115566008888004444666644332288661166224477001111006688772255007766778366338023335033000133418146517
56655225555882244553355775500447722226611771122885544215066448877333377770077666633660000330011668866788
5777744772211667755881133551100332255007711226622448822331111770011554433888877361144008855660066884466664422776455553288322
5887700003377113388117788886688551100880077335500442266553333114466448844441183440066002200556666116622332277222280124
6111133777733222211660033882233112200446677007722557755448800110355558855117788774455315506556622444411884477164428340
6331144112266771155552255884433665511881477228822330000557700222244885533444466440088880033550066007662021273756333254
65588116666111188224488443355557722883322008855005522664411553333001133112255440066000044667744778877773377003388871144523
6774400223333771177006644224433447722708822220011000666335572665588615511113311441188112555330833680
700117788774433442222116666005522882200665588114400330007226677668855113333115533556411884733675555024
71122441177558855662266335511557733440066880033337766661188448833227700116600443300553367223384225522144474554022800
72266000011221155445588776611448844774411662244003388664433550066663366882200723311008466765
73344110088331166774466553377772200228811776666225578227155222333550033887688004455444433006144736844085
7550011115511770066334455668833771166660055221144776622220077335788118866774433004488002254226641223322772288224388887363133
766557777555533114466887733334455442244110033770088007722225588440066447711552211774433551111330022778811226622805324818166067666144
788553388220044552288441144442255558888777766554400550022448811337755110033533311222466883300886611666600667733447744380010772007162647063
8113333557722663366550033116622882200445588773377551122441144002533005566442800007711555544810011770606738683266
8333355667722774400888800337788445544885533665500224466443311113300117766220043428811887266860055551166306
85533004400227733115500666688054477443322335511448877770344665577224448111177882288886622667711661105237766038
04455887733880033554411443322553366440000221166886633770066552277222233331133083344224477888844882777551171218
14411337700775544880000225533444433886655662277111122336688887788228835547766772200881188546611660066342
2447722112255668811443333448800661100228855226622337744004466422677670033883355332001882877115555475588486887350785751
3446611442255004433777733558822221155112266003366441188444400556633113300665522002288771177233677886666888800881166245
54422558822888811220022115511006677330011662222665577005533445555004466003377661188441077448877885522772244332233831
644552222004466774477008877882288883355000055885533007733226688118800662277775544003388666611221111556655116604117711044
744551155006655777733338888554422776600556633118833770077881111330022661172114433223488222200886688444400441006424
84466444433118877222244558822888811116622333366660022552411555566553344885500776688332088605177447754240738078717770
444333311114455223377224466665511557733442211001122002266225566882288660066404555475538558847078888171
44466448811668833220022552233555533773300445566665544003388227788887777118855884477222211776622443144211100115511357
4445577336677880000225544661111440055223322881100882277664477441133448833886622112266622200451165001157224711830033537
44477223388770044550011448855446644334411886622440066335577771166558822225522880088430022111122615
40011441100223388661188332288148800664455770044771633442266225500336666776655887722777733778822005566055533551755433302124
400883377224477335566771188113300668888226644553388000055111122776600441144442211003333134485002544675584357
4225500667700885544882200555588663353115188007722226611116644662244540000112211003366004433778888777712338833330027334667476
422226655553322773366444433777755884466888822557744887722440066223311333300335500005511115563881100118800478
466880033551188773322552244008811441155448822336633447788885588365555775566000077001100504
46600881122116644004477005500331111551177778866884422555544337744552233553322224444114488000022785573082568334878858333638
48833554411113366882200552244446611888800442255884477663311550033777700886655556666000022774408116622223322110733334677828
48877774477668800445544446622472266335566007226467655330011551133331111250055281100003328284
000884477666688887788334488223333771166554444221122773388006677558855222255770022841111551186114322662200113366335533104
0220033334422227744771155883388666600773322440044441111445511336622887766443300554488117778446500118855553000888825706
0663311221188551177008877773300116666556611005588448800446600776822332222552204228888115555445404741
088883388661155442244550011335522773377006644332288221188557766551177441100336677225555684484422233331122611141607
20000228855007777886688447766667755771155551133440033881122665522772211001177448833006600444466224433773333663324516611888808264424170
222440055777744556600776611441155334477003355885622530066528877884488336633880000886666881100116644331111333422704
26633556655773322118811775544110066668888553300443366446600778800116844550000552233334400337722002222442253183
2883300558877884477556688220011110033115577664422226611441177446677007777337722771044333344423322581
600004488666633558833115577770022445522774411447722007755118855334466554300884322226640555122333377888877328
6228877554400114466441133337788885500442277444433886666882233110000334477007777332255224455330088448830665566315
6663388337733221188778844330033667777223344448811335511447711665522446622550055660066110000111177431122668533327
6881177440055770088447733445533775555446611331122663388666600442211550011448833552277225566222288220066778872418033664023200
800224455331111556688772211336677443388228833441100335555778811440088884444220055448855886633375
8225511774411333377553388336622446644440088885588001100778844220022228866887700550033000066004166552211223322627155614
86622442222000066660055338877115577778822664433112766117755663344111166884455881144888800773300435500237
88833778844442211550077556600335544887700113333008811224400662233227744338824116666776655236611772000486633418
4117711225544881111336677446611442266886666338833551155662200552244000088777733337788007766445230665840116188504107082727588
433117733666688883322441133555577228877553300346677771166225522264400111188112566004477442800886544882074544841514851006020500
45522777722116633667788660077447766222200003371225555751133223344226666556688228800888811002244004488443300158
47777115500552277664433662288446655558877330033551100002244223344001133778811886688841177226067038753248454431161433127411
1110077001144442222557733338877441177554400885511553344556644667777882288848181660033002233665551226666100053727
3338844330022111166226655227755110033661122556677664455441155882200557777117722228811888877885011440044883244770077323
5554466882211448877778800113355772244771188662277444400883328556600004424333388884733775533661155111177607
77733330000444411007755663355771144668877221188555522448833665500558866178800888822003388443322334422225533762
01177668833778811110033556600442277007722551155553344777755444411662222065577112211887733114404548808667748228633330643238366661
0335566444400222200111166115511447733666622553333882211880044660066337788887755000422884411224777657715455528558837086
05588448866008877000044776666554400664444225500221155116611774411001133334111481122335555222266331188338888073363024
077110022227744441166114455884477668822338888662244846633665522878400117733775500005555421112004313508340333
100112222553311885577336644226688006655884455227755004400228880005511555544116633334233007700832211117711456
1228844774400003300772200441188333344446677554455668811332233773388222277664422661100553355111166558888663600243
133660000887700778844551111444411668833772244338800552266225500222200666611227755777745558855410011586
15566778877666600773377227700005588448888555575110088002233116644740288668833881188226455335544611133330411744
166331188881122556611447788223300664433446677555577000033880022005500444455442222774412833377336777653325258
17733113388110088551144666633337722883344445555002222332266440011221114220077888844336677553355660033000066804
1884444775577668888006622770022007744226600885566773366555522112233554433777722446822225533881111001133114788632288783040300
21100220066667744661155668844553377773311663355448811886644776600443333883302444411775577225511442233226877082888012588550365234137811
2330011446677224422778877441155003344551122557700556644881177773322118866006666336655444400008800776615333388247
2558844448855552277551177338888664455778811221133770088771166335544332266661188000066220033002233334100772148274
277444422448833446611447711336677776666552222554411885511116633001100228800660000558888220088672233335533845
3000011774400223322661100558822225500880133777766444433888877554488111122114411885677333316224466365422745
31111661133886644660077220055665522885588882266883355447744440033227700004433002237778800114411510
3222200884477667700330011440044442233880055777722448866883377888811665500728855551155666255335582721132654060200521711121018
35544005533884422002244334444777722225500770011006666552288775588231166281144667766880083348187845734112157113741117
366663322330088558800557744886688331111665522118811220000315566147722887777553022555500167788882244245404144
3774444338844112244770044550055336655554466661177111130226677318877663011442235222488668855772030888821607835681518000065840
38866330055552233118855884444113344660044220022662166635544553377336700114400333837443767271100008755777485617505115121147
500221100441166114466777700118833330033886600885511334433663311772277448888445544776622005555222244223377335251266644440687832
511665500227788777711118844115544337755668811446622440044776800005555221133553300333344558855773368883327244428631060748010838
5228800444466551166887766662266001177223311007711334411445533661155005588557744770000625555443333773388222277778888624841202180308
5337700664422777711441122228811660017885517223344884444774466883312600055630033335500720022440045432385836520855
5665588115544664433008800112211114422557722228877774411773366770033776633551133220022334477884458227400488860706
5773322112233445500888800558833554477222266227755228866885511778877444400006633702200111155553311333306556433646
588554477443366337788111166886666555577114411006611882288331177772277556600444488440022000011330055007733222233551700333382442677646
6112266223355225544118855005566444456667777007788883388772244220044774400881144665688000011333311117711063366084483015162127282243373234
633443355337711002233118833228866773366226644774411116688442211338822775544446600330011445500555574008855648
65555335566881122227722885588771155006666441100334400111188886677338833221177778822651160557755207700004477442800284
677006644885566000044111155332233110055884477444433330088887788668822442288303222077766665577555544552144661188012
700888855880033331144334444227755113322448822667711221166883388666600441533552200228477245555778655007616462
71177006622337733114488661188778844443344004477225588005544220000332288338888227777555522660088550022115533668811666632224466710
72266776666337744110066116655002255227711330044223355777155448878443311883322008855338466805555633362221122445443414
73300442200667766443344557744008844778800335500775511662266083322112244885555225533337711556611338233672221011185814
7554422557700112288220066551133558855002244336625330000445555246633111166667777337766118811556688660488438
766667700115544663322221166220077338800445588552266000066887722774433711144008811884022451133110611733355055
78811558822332200884433330066222277003344777733118833772288664466005533880000224444551133661100771111775577667744114266885555488873566
8115555220022665544448855333352880044223300006633227700777788776666117711667722221122537733118822447754188866484366803387401
8334411226655004422000055440066886644551188773333221144443311003355225566228888138844866617660722777755358
8556622552233221177665555886600777733664455110044115544774488778844446611222277553333550055771133114433008888002244220000337833868
8777755771188001144336666774466554444115588333377223344882222770044005555008888663311006600330077668811778211662202511122428
044334477007755333388446655440055000022663366885522115511116644880088228811222200631103555567225577113322478731874
1446688224433331155557711117700661166447733008811337755005566662277778866774400221488883388558870335533204
2445544004433558888222266776688117711223311007744661111444411557777225566006633447844220000113366580
344555500332233776688662255660066113333888822440020448877443366554477115533114411117728001100083351246854244811884
54444007711447766773311888877227777884433441155330011220044660022110033336666335555668866552255885517005500662222445570083
64433440011333377220033000066008877332255667755118811004488555577888866552222662233115544116611447211112666336688202
74466112211008844447733222288777766883366442277111188003311443388665555335500552200002455440755867
8444455881133443322112266880066555577888855008877664411552200005566336400118822248861004477551144603
444554433007744118833667755115588225555778811665522662288664466884487223334220000221100111122227611360
44433666655668811002266448866338855446611333377330055228833442277880000332255558846222211220011117711551183557755304
4448844333300666600227711880088557722116677440000551111550033553322558833112244776633881177555544114425668877888866452
444225544334400553366771166883355887766332244882266660011888855117722330033884000227700662200850042221737865522874
400555566004422777788445544661100772255220033063311887766551122444488334477443388885588664411416688115533550133336822180263732222823
4006611221100443366227733553377007722000022558833113388778844880011557711118888228866442224445544667566347
4223388337744331133557766444400334488558811887722888866336622552271551122666600005544168840267655007530856
4228800112211006644002277445544886633775533558833004477776688443388556622005511773333118877225555007788226652441144671111534
4662288222211887777002255000011664400778833880055881133006666332244111100884477443355223144445544226611720655115674812
48888554422770055776633118811447733337722552244004466443366775566112288777788002211332233586666226680338080117743400
488775544661155008888660033116633880022552200771122114455144477335588482266883366662277885322223300605
0007755112255883300555533772200666633332266440022445500335566770044774433665544421167117788776288881188411100822
022221100003311771133660066556688223355888844770011887777885511225522667722776644442244111155773322883388040333034755550748653208154
0668877111177001100221144118888662200338822667755448811665555883355227744663333443377336644004477660008023505156665342244428
0883344770022000055007733006600336666445588056611663311027755551188446622335577887711777722226677443377668824448888642
20011117700777733331133000066004411442233668844053388552211558811066677447788771188662222775511663355557833448611224432844545056652664
2227700441177442233001144336677337722555577882288554488884477113344440033880055883322112266220026110000777644668566006521535160811183331
26688114455777700556677116611004433775522111177224488001188225555333388662222334466008855444400764655883355166
28800225522332222001144884433331122116677103377550055666617446655334422662244438888170088336688663300006600472
600115500448844774411778822221133556677118877775533008800773366885522554466532266444346224200523
622556677884444222266002233331166551133552200334466448800881122447722882211114000110055004611555537175585770
66644667711881177000088551166224455002288336688448800553317225522220766334444777788773375661388857303558543233
68800662222886655116644114422001100443366117733332233557722667700887755440055558844553311885500221033778827646
80088883344330044660022337700661177116644442244886633668844005555441111335533115500775511420000126255777762774222128
8227722117755007744553388446622001166447788331111442255660033335555776633661122440000441100668868551155288
8662222448800777755660066887711446655773355227722884477003377664788863333113385000055330011008233667742551166654
88822221122001111447733002288770077558800664433446633117722771155550044067744442266553355777788116244552515456763832333736
41155554477664444330000331166665511112277336600778855001133221100662233448888118844224455775588774466882222852250402260508701472177771
433000044776688665522228844446611227744110077117733115566338833220011882255558855442244088806226815087755153
455334466114444885522006677441177663311005566001122665500773377228888318822223477886622400040302
477330066663355334433881134111155004488003235440022220077442277112266116655117766777722110018224866884706064625857555652
11122880055550044448877222266882211881133223311774411008833335544220077558866447766773377003344336655660000115538440026245611646
333887744220022886666440044331122550088222233665544446633224411330011881100551111555588007711770006045537848
555772244118877668833331144334477773366446666775533003388005566551122001100002222115588554444504488440077442277063322526
7770022558811333377222266771144116622721174666644443366110070006600553355665576334400330012338802882
0111122332266117755113333448822225577003311000022884466330088662277880055664444224455552211554855383
0334422447755663355551122331188113366221111552200443322667733338866114444668833777766558800554482860077117744002222745644108
05500445577774477110011881177333311221116225533006633666655155566778855446600776355888833880233722208228422744
077110044778888664411773377443300663388002288226622332200887777553355444488558811884455550366061166834423166676546
1004488005577447755881155112244664411660022227788661133662214001733338833003355332255226668228888442200608
1228855008833332244003377776688665533442200557733880066116600774444114266336666772277056
13322774444778866117766331122005566664411443388228888558844001155771111883333660000330044554422555522448755046357034
1554477555566663311112244881177885577333344552200440077772233771144116688770016226677665588884462774444328
166114488338844110066778811888866445544776633226600885522443311775533558700005500442277337742113300203777115577212
177000011220044008844118811552211665566661133660633338833555544222288078822777733225477667111444466848
18866880088882211330055554444337733440022553311447722003333884455110044226655664466385522227755777700774831778155001122800
21144443311116666553377888822551122332266335577330022447700385522008838004466442277117777555588774411881077601
2331100006611662200447788777711333322885511888822225544557744443300111177007722664466336658334411442211286
25544440077442288001166334411881144886644331111550033666622771100223333551177006611221133008822000044660055222245653577772588783855584
2776644771177550022006677444411000077008877772255118888222244884455221155665533762233666633555544333328661144668044258315730403834
300115544228877336611003388443355886677883377445555770022224444888811775522008800007766882466260066331188547777111133264
311338822778888001188770022226622330033220066004400008855663366446655447755553377333344335500552865777711772444551155841111014
322777711330011448822220022667700778877554477335577662211115522334455333377286655000044443388841126331185564
3558811003300006622887744005555332277112255222233445544333611316600221144775566551088886688446666776644485577026
36633553300445522225566112200118833338866000066228855446666555500551150332266884411447700882236442244472211002277471
3770077220044225544000055221177448866227755002266332222445577666641883355668846777788503381115311630
3885511880088440066664411774466110033220055776622882222443344887733558866556633113300001111225500270044777755337788314
500668800445533881100005566443333226633770077334422224477511144446677116611228852002877776600330014008844186656282836648
511007788338800442211331144558855668877225577001111884466002277554476552266336644116622333300337288115533550066661055508824032868834484443
522663344338822770055886655550011666644440000442288007763778888333322553311335544773300336200823
5336633003388777744332211227700006611441155550044558800110077337711117788552222447756776666268844081168286424446488388
5660022665500553344663366770066220088113377330044333311772211445588554477116644888822887788300077775577401
5774444884433665511338855660033226688334400111100006611446622777788880044221122002243772288118877558860771177054507352
5887733771133884455334400006644441188886677446666221111227766117788228544772255005522335555110022001154803322216
6115577003344445544332255114422668833006677116622228800002200110077882211227777660088775466665177286633664311113377333388885048184
6335533003311771111556655112266662244668855550011006677587777227744221144776611884400005200448833880077008888160022822
6554411663300221111000077662255117733440055668811335588886644338800885577006666112222448822887788442277226604445711531181420
677661166665522773344333366445588882222446633221188775560671133553411005511557777884424770077244
700555588551133006677111188110011444477887766224417333322335544880000445500337755774433663344222266446655666610225522068
71144664488553311118877775577888800886633776600005511334477003333555588225500220077330011004655461166662266821172827672422323836
722555511887744443333661111334411008844881122337766662288885544758800768833886671557222001162426272117055635523202040300
7332255886666777700338855116622888811442266445544110066553333005500118833661177115555663377227764447788775077443488002222111122340
7556677662233882244558833770077227711000066114466551166886644880088113333443322122266020633666305441444752504253
7667755666600338811885522332244884455444466334477441122886611115577225511662533000077773377006555887788010
7887733661155225511224422111188665555660011668883445584113333004466226666337722006644805544777711443311003380828227640024474077570
811442244880022773377113311008833007777443344770011668822332216163366441722003600445538665514440005778544628
8332211888877002200441100775522668866225588556677776644228822333311772244774433003388444400665577881155550144880277335544622
85533887744773355448866660044555588442288337777550000663311336644118800532266221122223300220011776611110077115677246
87766881177774488880033552255442266334400773333666677884411224455661133111166006622221100115866427
0446655113311110077773344224477001177552277664411886603335588226688444488554455332288812255038
144883366441133554422445555884888221111881100423346550088667740115533003333827700226666875522005577337777663317228077806615156606271
24477667788220088117700112222330066558877221100445500555511116600007755448888666688556633553311332251442284443333641
34422225500443388666677668833336611663377221100111144551188113588220022774400888800777755778877312288444477062266055525441534648
54488002288118866338888774422555577661155666644665588441144001100003300551111331177116333523377336700422200724
6442277775500556600445588770077884444002244668888557733001100003311112211333367116811772200622233228822686343538
744330055442222112244555522002266003344440000886677888877664488553366550044775566881166228844111177115511006611331184666255777725870
844112244001111885522660055778888113344882277221144554428003311007700006677330027550046115511762
44400776655661122118877005544332200111177331166774488338822884411552266227722242000880066004300271148110666836643435
444002288222255887788111188006611337700338888552244110000447722330466663344557755551144883688665566226212084777473765071542753
44477660077770044550011226666881133443300336622484188551166335588332211555577553062771255605542220022808
44455773311771111663300112244223366115566552200448888114433777755554477446666886600726642562222183333427
4002233443333668855447711776644553322442222770088448800112288118877338211110047556677778266116633113377450
400886600336611888822225577550077226655880044448844771122445555221111005533000011667706441133443311446622332284220511756633754
42233338800776644883300227755334455005588887733221166772246003377001188555546881100884666336611404
4223333552288110044002255663344445544112211557755005555883311776622236666551133771188553388448820660733286807770877488
4661177880044331144442288441122663300883366224477337700003322772255118888660011116022223877555522106
46600114477775566330000883366665533880033444433773711004455885577227788662266116688440052888811112222420822564
4885555333377005588334411886666443322335500771133884477221177861122446600662222002277400033004155226142510
48800442288441155332244002277117744334466111166465566775540005522221140666633668866008855883355557777337782551122613383010183133767270
00022885555440088667744556611884466553355772233226622006688778811771144333380551155007777552444842046360
022884444661144006633226688880077008822331155113388664411883333555577774477881111221100553300336600448755422277100
0663311001188334433881144442222002244771800777722335516441877005500337733332288667755227766662266560048221748488
0886611442233331188115577001166226600334466880077887744002271222200666655558855335500552255144
2005511007722667788557755666633114477661133221177445588115300664444224488777730888860227710482288400
22255551144112244884455337733227788772266221177774400111166005588663366556688550066442355438833334888000040302
266772255335500336622882200660088330011444411558877556644774466332211227700771188448811116611331104023
288777711444433227755337700110077883344662244881155773355221122338844117722551166664477445566118333663310440066000025005086776683042
6001144223377550044663333222266884411330088112244335522774442007733661166653565458800355
622223344117700227733885544004488221155888811114466331100553300003355778844332288667722551186447744266
666774488557733881111554455888866000044440066880055003377525822223322112273331133563306118411662244217
688557755887722777788332244338822225555662233773333550000336611331155330077667711660066440088666633444455446652620011005211114411770044748
80088887755227700226666884411854433662244844400551100001122116633334466555566111177332233776640628312522073530033804
82266228833117722330077778877441133667766005533557711666688114466447700112222445522554433334444884855003378688800456325838515508060002
866002255664422000055001188006677222266112288116855110088775533243377648833888400770033331133544
88855334455662222110011448822441177113322550066116666004444665577668811223311883388663333558844337788007744777754230000302
41155447744886633776677003311112266661144446688220000227722110055330088001166006622888833885500473355223322225588775577877713451245607365533
4334477220088114400330066552222663366223377554422112466880077773333887788411155331133551106118646066675850321757565516
455441111335577337711772255222288887777665511881144663322661100778833143300223388008822770055558855062214220486074
4773355334466115588443322776622330088331100557711445522002244440000338877778855117722556677555411888866880044221266028
1116622668877773388336666007788886655227711224488114414002288444555775566333355882766470
3332233006622007788771188115511002211442255885555441166884488880000338833112244001755335566550733674
55577442266001122006611334455882244002277331144117722336633885521175533556655000077776677103377884666886623332833080
7771111443311884400448833220088775555002233000077228888116633776644778533446666224411552255113355665544557011244
01177887744334422668844007766336666223377331166110000225522113355667777557710447702028866027833338855444488130
033005522004477887777225577448822115533660088551100112277114411775588113312333355445566555244666688663377667733888840200
0558844336655118800447755444455330000777700228822006666335577332266778877440644114422552211223333113378661166288
0777700224444667788005500331111554477441122664611000048553388886688333355523366020283065622166
100005522885533221155113333888822002277222311112611774426770088007788773344886644443377666633556655446624116681806
122001155666688555588774411118888330077662233882211665544772244440044333344553311335500332274622263605252808061714100002
13333006666005522665544447744111177118833550011004466448811222233228888220022558855338877884455775510772277362
155221177880044557744225533113322223333888822446611114400228833443366775500662200776644447777005562671858441728781864801030800
16600336688881111444455001122556655331133220044118877533300880077117700666611086622227777821
17711338844662288665555887777226633114433227766116677006600335533334400081155441126445577552377330477844
18855115566225555221144661166886677881111220044553344222055008844443325883300113333773388776600665544000077782488880471763106641
211884444227755441144883355776611336633888811222255550077226666552244553377773333006677003321000011774800282
23311887788221166113333880011444422006644553300557777110033660044337738885522884400772277448866558814775544155566325516224466866
2550088885588771166441188440055222266880077448866662288338771004455442676113333003311115633560
27711774488885544223355556622444466668811330022112288007755884477886677004400663311116655115533336611883388776604552222526
3005500333388777722552266006622337711117700446655778822016644014433668833558888555566334133218811215511067737461668684758076
3114466664411001166335500553333006611117788668877220033667700774488447755221122260088000047771577337763883568281
322110033880077118855330022006622552233447700445555775544113355887788886655024488444421440811777766773166364741115126068838266
355442200116633668800662255338811885555004477223300227744558833337700778866444411446666113344331111221172488841510
3665533777766443388663300551144441188110033221155001133331122335588440044667733445577555544882244774422666688887788307722220022500066227852808
377006655228833443333224444554488660077223355550022663577667788881122220035373566118800001100542
38800551100001133008822660033550077664422775577004455884444778877448855228811661111221177118322224777367721468
50066111122447700880022881177883388556622227722666633668866551144884433334400330000773377774463257755553355471043101
511115533332255883300771188885577331100882211226600368844165522220044880000554455064444774436367777227702861
522006611884488885544550033880044115566776688334422112277557700007722225555335511773322663366586600887711113311428822423
533001122002277663366000055772266884477003377333888346611374411665500448877117755662211555522444406445544285511114677877
5663311660055336611226622558833441188778800006666884400224455008866774477771177664444333377338277523302220283221111042
57766441111334444663377442244330011884400880000665500228866220777087722226677555533882233115511660687112255221455661482747
588884466880077550022334455665522001188555511557788335533662222887766114444770066333300043388113322554666431122126
61166776633660077555500223300666622772200882263440055774455337788773311447711333522111100444468117700118844324488000032285518683885658424154
63377338855006655668811883344117722335544227766226000331155887744888844447777114460775011112211002222404
6551166224444883311338888668822777722332266336644221111004411776611440000887733335533447747885566660055880033002200118848171505254577075
677882255884400444455337711880011222233220077660566662288663355447733883344888855557777551155242
700668833776611881133117733664444116655557788662222008855134488225566777455005588880000440033884422824355330075423
7113311444477665544220066440000111188226611004466778888550055228800225577007733008844555512443333732222734
722883344116677443311775566330011223366558822002255778877660066442244552222771144881155551100550000332211113355337733384
733332244222266770000666644660011555533556688551160227722112255228888441188111177114488778863447777557764558743630371338
766661133228855772222334433553311770088881122555566224400771166550066773377774466336644448844542800003300510011482
788338866000055442277556677222255223322115500333300112244443344004488771177774477058844111144666611018
8118855882222551111664444661155223355660011448888442211226688006677550000777766662200447722443377333322774406334455365
83366114433550044667711330055777766334422888822000033770333110155447788775555665588664407332233827722226622541484544
85588776611881166005577550033111133008822880011445522448833220066202433338888678844770077115533644
877664411222211885533445566882277552255116655007744667777884422448833000011440033226666337733661177110066257721555544313
0441133007744667755226666443344885577776611118811771155887722555333880033742244501166886622336652263311412
14466774477664422441100440011886655556622227755773366332255000022333388883377778877148855880088144
2443333226611556600442211885500777766663300884466441144558888006677447722554444082222336688681133452373811161235
3443366440088118833332255223611778866000055774422668822003244555588554488887755665511553044441111447711362
544557788666677446655552277114488111177333377775566225533006633558833668844112211000011882200223422844
64466771188558888115511333355332255444477440022778822814484330033666622665566872200005522306
74433117755115555445577221166111144778833886644668855005566558877008800222244220844113366332233334408862283525
84477778855336644661188770055881122337733225577668866001111771133888066772244442000810024045555643
444667722333322884411224400445566663355775522771133118800003377660077447733661155114488330055338811087555065546425582226171634211120
444117755110011225555003300556633664400002222008833887700666611667744662288004422447711333455888855773788148
44455007788446611448855441111555566335511000088113344220055333388886666226688222277667722806650330707473373664603132
44466445566004433002266223322775544882244116655557722880033886633331111771100551133773355284477776677488781518686114706612
40066224411556644445533881122770022334433668822220033226666118800771100887777888844774466776600442500116635775555111177200
40066772222447788555588221188441111444422771122665511773388774433228833663300220055664483557777550011008044603
42222558822885577667711447777883311775500443300002266111510555566335077003344662277336666444400660018820087221457433
4224455886655773322551100001122333366447711337755663355441111887744440041553388008888478855006688276677203
4666622558822445511881100887788880055222233221133112288443366004400337711777733557755338855550688367
4664455665577552233662222448833006600776611331166882255337711008800550033441144774448673787001155811171804
48888663300442222770022662211441166773355664400338877776688336611555522005588118855771124550088437788211177254
4888866883322770088001155228844447766003355114433665555338822440066221111005544550077331133004855774711275565872
000334488332211004444333355118811338866227733002244256644668800666677661144774400853377772155758163612
0227711008833662200335566770000551177443333228822337788666611222255552211444455884477557733441133888811118872663300446644248166840
066221155554433666644775577661144884411113344558877442277220011665533550041886677773311226633330022332222483378568286025
08855338811332288443377445522114488335544777700223333000044116600331155558822556611224466771188705176442344436
2001133004466006677882288881100002255665500777733770088558800555522334422114455443366668866444877227766222177115577416
22277774422110000117788553366115511331122888800556622003300448877024477667755773355554466333344443388332144584401886666441603768
266776611118855115522227711660033662211775533886644184422558813001788770055000022006666333324008744447733777726807654548044346
2886600446666448833222200006622112277337711001166556677555511444433113355225544557700772233887777888811776688558800882244247744003500253
600440033667711886633116644880022226622888833776655775555668811773333445588554422550066608877884055227745372
6222200335500772233008855226633336644667711554488666655883344001144553388004422111122447777441177006682776255110022805
6668866770022557722443300006600888800775588336655110055663322223333111122114422882200445555001155441137117744685538447767340164878184477
6885566008833332255000033666611228822663388002222447777445533440067004422335511555588441133118811116711473307254
80066771155440088445588660033661144882200446655117733881188887722333344775522774211337700228855668831662222663010764660024
8226655228833008888554477002233331111332211004411553366443355114488444422772255557766337733822057771177440611867
8661188333355773344556666001100004433882211220088552233771133117755336688774400558800330022444477770077226633276671665066446621548
8882200007788002211113366118833334400116633115511775500665522772266886644666600445533037544332233858422556672848474410145712
4117788118855771166000088884444227733664466225500447722882233221111003333006677001133445555443766112200552222448878302266866
4331166888811113344666633661100551122662211441188664455778833337766554422447744004488000011558877223322885500884255553060327562220020752
4551133885577004444224488887777665500556644661111228866008822555588443300227755333311773366771152337788334633268811662661880147210
47744888855882200442288118833116622440022335511556600114411225533008866550055777755554466887733770446663366472222621
1117722661155447766775555005577335522004433337700884488223344110022558811338877771166442277446666885622224400331144445633001188332287865600636000712
3338844887700442266117755778866774411330055336655660088881155823377116666331111003344664434577722827242022
55533880088886633331188772288337777885544662244445500002255660077666611665277526677001144004411006644334840305711573741712
77744667733664411333377666622443355448888112211440033006633444088228833117788555533880011007755116655661277250
0115522558888442244114466003388337700555577554433227766112200771111773355667744000022664228772048110060882861836333034311316
033550055116600117766777744888800662288772266118844225588224400885544336644110000445522007700223311113303771121534
055886677336655660000662277116633118811332222008844115544887777440011775577888855338800445522837722661144770111064444324
0772266443322558833114444003300441122337711663333881155334488774455442200880066552277773855666622417788413
10033002233334488884411551144663388668822112244000055844655552266662222556611660011117711804
122115566443300116622550088444477227755337766006611333366771111002244004428334411445033500077446858087733286
13355553311881155883366551166114400225522445500556600006677778844227733885544111177112233007700887722668888228866421102022
1556622000077446688223377660011441100445577885511112244227755228800666677226644331133005544483333221188116022555500308
1661133664411885555886688002277003355110066777766007788884488115522882222444466621144333377331111704400001500805533254
1770044883311550000885533225577778811663366006677118800221144551133552288440033337733076655556611112266223344441102043
18888333355663388445577447755224422223311115588770077110011228811440033773322000044885500553366664433446611330166225722160
211778811008822338866002244666611225533006633442222662288883377550055667777664411443333113322771168047744840
233662200552288226633330066444477550022776666773322446655657700772222117788610011885588338800003355553400842255111144345481216131541
255336655880066114477335544668877556644888833471166776600550077001100003311222266662200228811882741138040832333037
277000077774422221122331133884477558877663377882255336666885566001144883322662244445577110088886655440061673355150803055
30044667733116600554433558800778844553344440088114488777711228855225554770022227758226622111133224411776644203336506
31155776677113344888866884477881166336600555544661177444455882233332200870000330044335533722211224411025522728
322003366557755333355442266880088773377221166441188113311225511550011007700445588552288223344663308338866777766114477443844888784044712724225662556660
355666688660088774455223377888822448811228855777711444422551155006622663366116277332200555533884768307757013171018
3665544777755225500661133220022771111558844553355772288001100770033005566663344441122221622440088555514204488887788360
3774444006600110077662255667733443300441111228833223311666644227708221144555577224855335522220688488
3884488118888004422667766228833117733771144445522001100335515777788222277000066008855005566663366555586132
50055771100222288447744553300007700118822778833331166004488114422332217337777226688055522554433662207665584156666740
5110066442277660033332222662255885566667744113388335555331111661144687722118822448864552233778888412280554022000077108
5222244550033114400887722004422888811005577337766443322558844446688556677886666118823441166248
53377554488556644774411886688225522660088884422335555778811336677000044002222887722771111220066115511445588331164430343233
56611772200007766884422227711552233112244881100336655440088773300225511878644446633775577774455001111333355332211467
57700335588553366447722550055445733228877881122446677582211565666333374334400702222631188880081116011006422744
588553322668800554455111100665500114411556644228877776622335577446662771133112211784400330048116822022243738
611443300222288442211770066331133224477665533771155667722007666004455225588551122764444111188116688226355548888034
63333004422772233771100220066886677778833882244332266446655335577555511552288444411888801240
655117722114433224400554466661100112255886677775533663355003377006600220001881622880888776644227788226388552224883578444
6772255002288334411881100770055774422336600663300003333558855448866664455662247116611480088882123887133715
70066665522664455118844003300004411008811777788001155002233222277661166887711448822888866774444283388512
7116600553355114455554422110066334466448822440044113318003377772200226618333366228844775522556677444322227000885688107
7221100114422775588774433666622884444888822007700552244668833435533008811885546332255002222665068676040300
73344660033668866775500116644555588338800448477220000776633002255774422833322224411005544462211115511761
75577770022885544667711558888336644882200555566113311221166550000774411118800117766222244333300337788440084453323814
78811000011114433336622335522006655444477226644555588338877663300771177441188551155775844222244634488002288204
81122771188665544337755888833440000663333223311773355111133002244110077004488008822220055228744225533862216445576003366766
83344115577440066446666558855662266118800008811003300225244884477887777667722338888228866007122221131416
855228822331144334400551100224411225533332200661155558877000088447788663355665500777733668888030188127744664486021
8770033221155004455558888114466006622447733771133883333174422776677778844441544334400772300268866608800100
0445588555511884488225533443355778811446622880066000055226611113322116688663311556655440033887746664233336755027711777732224
14477112266880088442233886622117700553322888833775544336677664411110011551187224400444455002222761
24444000055554477884422223366446622771166553311883333770011441155111122887777226688880077550033002855682170406081310
344225522331188440077332277443388553355117722221100888833364444887766663678220022445555006658614000312130515
54422000077001111004466886655006611553355221188336666773322337744556644778811222277225511333388777711441088558888443022605
64455111100116633550000558888557755224400222288774422554433336677660077223321217788337733882066556688661144884555377718103
7444422664466772255660000552288882233775511115500770088557733001188006666884411777711445544333362213311210
