44433773333225588445555113300335522115533447700002244228877664466226677440044112277556666111188110011431855705540883822386
44488006677002233110033330077884455115577332244114466004422001122226644776655554377117721336666888833462
44477880000441188445544001155334488112288226688886655561177335633775466662277660033331133007711008424338027074723632167714
4448800667711336688115511773377005566441100222266112244001188607788225555442233330033111168335533885577252840400
40000665577114433555511880055666644554477773366226611116688502244886633882277887766008833331133220011530044623
40000770066003366885566441100552266331133553333008833447777888844222255772277465511558501221185455167375202324712876
4220066445544000033113366557744778833008811552255558800553344114100221166112277556622882233777722224677366688771606350848676887026
4223322775511778833111100668844558888002266663344881166118855005544004477443358222254660084424366776643337733807777200
46655667722221122330044441100550022771116662200770088668888334422880033748822552268732355736514738855558814331335354458440
46633005511550033338877774400772200222233556688552266001122513377667788881111004488666611662214773366444424345
488666622111188772200112277668811004411551133443311444477332244003377446655663366008888400055557777553355202
48811336600550033557711667722228822007733883322442144551100458888778855466657668866218807012
0008822665522116622558833114466330055335544773333223044443022886666887788556677660122448844075555020
022118844440088557722887700774433666622226655333311668822001155881122777711445555663355446644278800483377338865034323076
0660077774466223333886688336644447755881100113322225566663377667711778877302244228888551111221188227722608802015555754528450
08888223344885511220033001155338800005588116677874444002255441111771185556611331100442277552211406633222266228077333376860353666646524
20077225544558888336688557744114444882233884400550022227711880011110044330088666677663344664477773377824
2224422116666885500331155448844446622557755883344777788113377227411005566330066118800008824001111238
2661133117777663377118855111166442244000033550022006655882233336666004433007733886622552222888844880055334455554448121
288222233221166110044007700884422447755776600668833777744662263448855115588805555445560111177118311333383550144441123630
6006644336622885577776611770077110033446633001122447722118822000133775555115533556655440877333311116677488833884
6224466556600220000110033115533338844225555441133551177444888771188006666330077008577772266811143423
666331100665522000022550011667777332244883344442222112277003388880055554433668855775511558822845077111177204
68844881188223311117755220044225566663300665511224411333366008888667733555500770166110266446622883388045533777744027784447727143323476545758
80055225511226666775577887744002288668811554444116633007733771111000088882244884500660011883388534
82200115533228866445588335566003311887755550088880022776677336666223333777744224400006611668811007255113344111124446655248
866776666338800113355771100444477885511777600724466888833440088228811642255333300623362226433127213220555887414552488454
888445555774433775522558811771122335000333300773366332266777766520044001166110022886688334488006622221111382277224466047
4118855003366668800884433551155662233883377228811222277667700111144886655557755226644663333444454773311332820007021716
4331144117755111100888844552288004444668866661166771188778855881700663366556600772222333377335577662266442244830
455660011338888000077005511225500224400442266222544443344668877118866333377336677776611483355882165381177211
47744660044337788444411222277771166661155554400225511445533000033557700772266773388775633331177620011008800528868232
11177886688334422331133771166226600881155005544003333664477222211880022557744332277665522007411228444555564835533806
3336611660066776666441133227788334488447711003377331215335544222255228855002244558822008877556655557777444436880055104
5552222448844770011558855776633111122113377441100554466467733330022334833220033661166000066225566826
77744443366114466555544001177116666333388552241005588668877222211228822662277008800660077335766718811532
011334444554477778811888822226622552211006655556688443322333377112277228800005200330077440044887244263311114411761156002466466
0336666772211775566007733884411661133774455334488001100228872444433335588227255552200664400081111446633112226830421815576251506554
0550011336688885566555588117744776600333377552288662222448877330064111188008833115533551100004447114211625542620
0775522445544332277770066000022005566228811447725557766113355333344004411773300118888778800886688338420367166558124844151064116366
1225566228866338855118822446688773300771133777700332211661155223355006666448844772200227766001177888366555545833340005111431100826672204
1337777338811557700775588336677441177884466550088224444227711448888555533556688776666445066330042332266002222100
16622111155885555447788006633007711222244441133226644557755227733772288204488668877666677002000888466003366574351838
1771111336677550022668866448855663322115544335588882255772277661166660011220000447744441100777733778844223308770454028808131
1884400441177336677664477771166225566008800778855772277001155550022331111006688333355332222843372113344224465112455244
211664400336666886677771133112277330000225577550066553332226611882244770844228411117766272515254
233885555228888440022556666770055771144333322110033446655117722664422447744441111661133115544883377336633006600150044576627882
25588224444887766551166114477886600004422662233007744336666771133883355777722001111550055333800663100881188885555640021245
27755005511882200777733221100222288883311116655338844115544225555226677112233778877662488003333006600886666117451314
300554466228800668811444477338877550011003344117777111133332255221166660000226633667766445577884400720084223655322
31133001177110044881188884466887733880000885555334400221122662255443377772277882222305522865577550155667707414642061
32211661111006677224455335544223333440011777744337733118877888866336644880055002200014444176655884222730255126285738525655
3558866667700001155007766002266440088557777888833447744333044661100387731445566220065442244111122252531855
3774488225544553388665554331133332244778844111188115288005644008877503344663366667766226682117711227777304
38833771188001144000055553311003344112233221177554455111166886644222266007700447733550203330433644488558888778817646
50066440011333366660088555533556611665588330033226622446677334488884422228811221188772277771177552230225511115044774444100
5114466112200336688553311777711338866442211001166004488005544770000888877883355773377555522772222556322602
52266772222446633443333775566555588883322770088220066001166440033662211884477885544551155007711113300500411061177774444266684835121431733876
533557766000088444488111144334411880022775522115500110066332233888855887788662244668836667722664422005566555518228255470742273
566225500005588112277776633116688446611332222444455114433008888771833334488006666557755552233667722002214270047454
57711002222113322337788111188008877770044554400774474443333553388225500662266664422446688886601663122885522784
588227733112233442255444400556600441144662211333377778866111177666688110000665555008833663322884477002244864
611223333220011551188668822152255000053665666003344664433774488447766330088880062887788177722622
633227777228822660077117755220022221122556677330088555511553366224466887766116655770033778833110055445500666644338800113333584422334444786
65588557722008844114455228866110055007755331188113300223344336688770211554488332222667788056666246644447744282636040887673711677111712
6776688223300447755778855001111887744888255110082226661445533555544228033331133773324440055643
7002200111177337777113333221100775511553388774433003344227255663188448866557444006666116600041122228822347142462266888855258835054
711887766006633115522551166770044550088588822114411007788664444334400222277223322662200005466630
722006688773311441155228888003322221122445511001166771133557755446644440044334477442833770020584488666633661828581383033
733110033004455664444883355007722885555114477770022557711332222441111884433446600006633665544005582721235352
75588442222555511554444883311662288774400224433008800001133220066888822386677665566661177005500777734557781404
766222200224444117711886611331122881155330066443344007733335500110033778855552211116677772277445544284511483888280
788881122441177551188663355226688777700221133111100774433223300114400342255556655006611553848004822722
811224466337788222255557722662233113300887700556611558888443322111144220044554400375507773677660657464
833550077882222331177332200443333772244005544446644221166338877008888118855886655667766153844774457771800003600266
8553322442266115588447744118877666600222520336633440044886677007777116688111177880066556644662088212
877338844220055885500221166336611440066664477228888224444660011331111886333003355332255115555222433441100848
0446611551100553311772288338888441133337733224455770077663344777755885544482255523300111166664711218877414
14422665500883322110077554488223300337766447700118844446688887711116622225566336660220055224807885588113333472285357
24455667744112222008888554466002277555577666644007722661111448844330033773355334422117788113311001166883380005474428062504363332
34488226677110077447755666611331155333355776655118866444433227733888811117700008875001122116600663302880222341144620
544447755663322441177667777335511334433007711440088552211668877881100001111548866006666118800220044226622772288212
64455113388335544773311116666008844668855550022337788656244334422641177114488772277775577007761225588222281000017405060304
74488553355881111773311447722557788776644441166330077555522113377002200005500115566554400880033223333443388342222882260646
844554477443333440022556611336644441166008822778888330034881188666622668800772222000011004700650055228177655511257
4442233881111001177553355888866227733663333448833221133006666445522225500224477440046005511555688228876712200703
444337788886688220000442288773300336655006622771188114455772266446677663344883388558845333355113311002777061155554
444661188771100558844554411225566001133881166550022004422330000666644331177773377557741555512433356334628332688567
44466221155118800663355227733886611114422226600557788224488776844777744554411332288558833002233334400855500107
400227788220011008800003322558855338811777755770066333366665555444477228877118833007766884484667733112266111155224422174433404
400441188006611115522110088224433222288114488550033447777883333113388663366558877002255335566223377330422776604445468472887574
4222244006611113355551122778866774444554477663333448811884155000022005533008833880046664733777722821
422778800882288885544334466660055881155112244007766221182003366335577333377771166770066422177504303132727438
466880066333366000011004477007711330088887722551122444422714400552211558855661111743311664488118833882222845575003342353
46655551177002200331144447744225522441166777788112266001155006622111188557733775533445544005566882233558848007833686
4886611558877112222116666442277888833220088228811447777554444001177225555004433338800005033441183002633660066546
488001177331100555533000022334400775588336611333377006622778822441188886600332255446644308655777711115511468
000556688887777445511225522338855004411003366557733553322443377117722881188442211116633001133331400660080770022026646227226166
022113377228822338866445588333311006666776655771188000033660011226622447744446633443355661166822255111155220175350541455
0666644447766003377110044886655661155335588443388224455008888330011225544114466331177228811887788557755223333222200007733467777462
2006666331177005511222288883333001188007766775533223377334430227788774444885555446644556600440000884411668500326
22233118833888811552277663355660088447744661166225500005511772262448877336822113333214411112444001100442865857777054
2665522331111007744556622116633227755443344476688118800113377117733330033887700002200682252888840524
288886611665522225533664433226677000088001111334444223300227733331155678844554488338811771100518877775211420
600773366772222662288444422770044338811002166446688001155445511334400075555276333135574887
622220033554433777766113366558811002211771166332233880066000888444455118833331288553344887788625
66655331133444477442266000022114433664466228867333377606222008855550011110055441164887700488822524
6885566000077775577447722558822228811005533440011778800336633723333884444224411661111886666226675006653004088727211483201315648812
80077888855886622336677668822446644114444775511665500557700440033553388111133221122225555661177445544884426000028308717772
8228844886611660085558177227782440066802200003322552266444466553333114477771111551122113377667700110077330041862223635575434
8666655774477772211338822007755337700554455110022885122331166776688826622441144406643334733600011704
88800223355668855557777667700886611334411225588774444881166664422447788222277111155117055401100431182114322603333807
411114488556633664444666688440077886655553311881133887744775544228833330088005577776022772222551163771177045585221122450
4338877447788555511228822444488886688003333000066553344220077556600446611331155773377008833550633666621664677771177652
455886644880077332222778844116622000033442288221111551133112266117711001140666677225500552300235700476743775360838
477668888441166557744663377005544556666773366003355115555882288662222338833004422000022777788008811001188552211226644006444814433233
111440022005522661188221177000033331155888833001133664488110066660088445555335512338855665577667777227712225322862244442
333444422118800223300886633884466550011553611310044006644888837007755882244112288114788556677127777655522651
555330000777733444422550033557700551188004477556666337711668811776611333222887722662211227466048
777558888330077337711222277666633338800882200335544336655664468774444557700551188117722113344778555215531114411604400602
011008822660000772200223388556655088633666611335544770487334433221111225555816677668466440222452285314
03300552211220011448877442277667755332244665511555566336611660000440665888855777788444255483352226111771133423
0553355007777883366111177444400228822772255885522203333884488001144334477357755541151008866888666345600665640412621300166718
100557755660022443344664455332211667711440040118811226688777722778888558820338833770333555541336733180765052743051
1221155552222004411001144556611667700228866227766336688557722338888443333113355337733005588334422550036440000866
133883355887733334400330066888800118822116611228855447777117755114487227700002200832222552266005500444455742655366635564670762
155448866551177663366773344223311333377888844661122001111668877441144552255883388227722447711885555770088003322226622181052835077560060402003077
166662233113300446600887766880077883366118855882288844411773322665522556677550022442277445544720
177225500221100331166554455777700773322660088005555111144448811330044327788886688222247112232028676461626663
1880044660011777722776655114422113366774400770000663388666644116733222255333355552233112288337022624
21177446600332266442200222111445544000088330011666633555588113377005504115808661777667733662877288
23333447711667722228844331100220055224466556611337766448822550088885588000017886700774835404
255002200885577882288003366887755888811556611440044771133331111776633774433006666773344441166023384826622710
27733665566888833553377222211550055117700885577663322333311112255220044224400226622881188441103880343058671413166066645461
3003344001144663366112244116677665522773388118855006644221155556600043266887777884488882255775544445222011137023
311550000447777334488335511775577220077443333002211336600332277111166667788555588001104661188663372665566823
32277005566557733662266007788884444558800664477112288777766886411774400110000811133116484222233720
35544223333448800115566336644008866884455228811665577778822553377226666111177447711222274110066250000431180302
3660033331166223355881155111133443388337766665544886611771144177700880022445555772266882200004400553322552222885565030
3776655550077220011556622221111440033661100887777331188885533330055778866000066441166775522442266881122551322882277002230483846374668071
3886677110066003366223344665533337766447722770022883144220011666611775577378888226400884411555511112455000044344487456135258187754
5006633667711883322660033556655887788007700061133882211551144886688884466444477225555342222885522327
5118811116655778844777711444422335500555533337722221155440033662200002255668877332277558411224061030703834287476171326
522005544110088003333550077338855337700006633087711332255777788222266775588115511772211112277442244555611862234764404443682860
53333111100113344666633662200330000552277667722114455664422444688885588778800886188374
566220022110011772266007755337777888855003366715574116611114488225588668844000055446633006666442228112833555511887806531343833
57744446600225500663377770055338844008877666677552277220000118833331122661133228888003355881155556688582433664457334413047
58888001133117700885533886611118811556644666633555511668833773333225577526600777711006233621144330477644452778417424
6118800660077115522888877886677008811665555442233221100114444112200445566440844334487553355872
6333322667777110044666622338844550011114433117700774411882255665514883344222288668888553300336477227733552240008787576050206
65544007788668888114455551155221122558855661111336644887733337722774422000066330033823342224055370087528
67700661155446688000022666655557733118866335522005500338811117711004488225511440077774477662222337758772444243300141
700777733115500448844224411000088881177443355226677553371223322551188338866885144446644734400336666506624587
71155773366883377442222661122338866224411772288001144446644776655608811884400003300778877006255885515333343250
7226666117766777733224466551111002277552222558855550033770088445822112288668600004433113300116633664477440066244711407351538
733885555880055008833443355337755221177772255110066557766330011113322771188660022331166820044224400778544774444664452226622867410361480066
755002288008888554488443311000044113300338466111144442255226666332277667777117744770011662577245555360
7661177227700778855446644006633660033008844338811880022445511225522331166774444114470111155557044283333453328662665000825658
788883333115522664488550088668800111144447700441166221122330066332244337711881733665588228877660033553344005566142200225544546752774
811000011882266333300557700220077880033667711552233775544555566446655111144448888774411284477332065335433142387677724034
8337700552222334422550033660022006644333300441155446655558866776688227733114402113357778877517711218888016628410
855880044337744881122660077887711335544118888224466117733444477008500666622336677665511663333227777222211115566840
87711441122118811115577661133664433772255338888006633001100882244777755168833442200223322774455448866555566005500004400335522228666731330726624644
0440022114466777788553311008800775577330066227766555588116611887744884455443355663388860255028333723322422
144333388665511550077553344778877118833117766445544221133668800557700330011110000440082006600227733777744116666112222448622532
2447755330011110033556688337700555544228844551177331166776611334436444488882222712255221188558811446268008000602
34422667777336655338888112233332288660011113377004444882244330000884411445544661155116644005500221187447711757271020255622555852
5447766662244221188441111773377223344880055335522227711004400661133667744664445116600003300886688882788333388777755770025556070158313250
64477112222551155224400228855554444226633887777445566558866773366220077880011770066008822783355333311884433716
744446644002244118855663355115577880000660044332233661133116622552288883388777733775541771122111143410
84433221155007766883366002222663388770044223333005533777788556661606144551111888811001177112200882288000255557755827744644474024
44411660088772233882266774422118833225533668855556633775577115522773588006611220022884466664400777700447761024
444227700557788112211007766441111558800224433118855228877338844008833663344660045113300117755556666523352225322086261682147488777172
444334477773366008800118855227744661177550022007811441100003388662244226688222288887655883333725535704
444882266112211777700443377553344116633110000771188445588115544220011113333005555114477336677666655778888552288338800224220364
4000011113333667700555500227711551100665566445522557722007800885544886688442288116633112228258375332353038344144464743
400448833337766884466118855775588228800002222770011444255663388666655553355405500660077773300336677413341772877888086210
4226677445588773322554400116655335577778844448800223388222200660077110000481177556666311155112611462
422000077770033221188662244002288227711225544441133336666445533446677465566338833722266884522301155706
466225566445555442200884488113322443377880044773388772233110066000011117700330077771155112266118333663355334166776681452
46677884422556622221122445588335522664444332200665533338811441177000077111100887730357777448822718855116666088801555544061636886
488333377667711447733445533226644662222882247225500112277008888668800220066335566660000554100361155218
488664477776611666600663388118844332200883377117733110044662277556688000222444422111155114455440677887708288855241367274503335583430555753
00011775555445500440066331166446611112277776600886655888822557722332244337788553388336688002288118846222211403
0228822443355330055441100444477772211886666336611226688008811114422288833445511556655550744867711775577832
0666600778877114422226655888844550000227777448855444411224477223388661100443377331177062211333346336676825301535182016322811
088665511224488338888221188005544774444227733334411660022664566775577007711115233663377228046162766878770300016606
20000118844661133002255660088335522447722773344333366228811110044441155112222680488771144023388882211778855550777058761653545775
22233775566770022001144225533555577221133007744778844885588332400666633661166000466541111031173338434562681815126444
266115588777766443355775522113377003366002233332255117788228811227733445500880044774411662222005555442244665566667381063
288448855330066003322005588882233550006446611775566555522444477771166773333776666336688662577887721415541218101338113170347451
6002211554455223344331188441100001144224488666611227700330066777755776688558833225511333355336633771166446655556477873
622555577553322118822008844222288881177886633558877446666552233772244000022770033001100668711441333173344445544376
66611448866442288333388441122777711668888220011335555663322117722324400880077660026775577300061115511004185370
68888226677223377117777660000441188111122115566443322886611447733334466225588331100227700116655222400550066655544287
8003355117744882222553300886677110066332200446644228888444366660011331111555577552211223333773346826700224767827725058185456141677
82288771144441166004488664455113311777722333322443300336622006611208855884466888800018831555524256505481707674787375
866227711888822446655114488553366113311228811558833444400773333887722117766335522664477770011110060884377557740555567802
888110055880000882255338877883300220044668866221155772288447700771111223322441144445544334488551166555611731183337633564
41133883333110066660044002222777722556688552266443377880011558811114422888877335533447744554488270000803
43388001188558833441111667722223300336611774455447700557788663333550044668844820000660077331100826666224422853321337766556645114125277
455334444003355007788887766441177554477006688556654663311530088228844224833337733660811332277772222511188680122671107420142316
477885533660044331155118877006622337766667755000077445588880033005566557466334422111133332222444411228822681
111776622556633334433661155004411006688112200555577884455887722440015228800883388553377335600330777147704448423246
333220000666688335544771122660077446677002211115533773344448888664422885511880055882244557755677768772840410141716
555006633112244005522665577886644558811651177336768227744337700118844702255441111442220038888533304887344632
7775577004400887722776677116655336622333377880022886600774466661188111133885555115544558844888644347211001500624260503222000
01122111155660066664488220077881133005555884466223366338877770033773333550088331144774455225574442222885533226418680
033008877881122334433331155337733221133660055000066118822885522007777445577558833555544770688448888063644224444146
0554444112255668811888833660011110000886611551166553344666677662200448800335577006644330022442233332144771177440587578723773387745
07744882211117777001188445555334477116666225522226600005544004444223322880033008866883366333310667500256646151575865
1001188335533112222665588443388886677887711334444008822775577220055002255441144555522332216228633000076851240403645661600666
1225577330022445511338888116622775544886600883355667700003366880011440066558844447711115555222267223322185500443347805
13311110066007744115533888833225500001144776666228877004466117722002222112244008844885588223355554455618
15577008877664400007711667777223366006655666611334444554433224422221122552200335555338844882261447188331111730
166663300225555444477442200667700118855224455117788228877664466558800038866888833660144884155335561271728150577532733177373334
177773311884444226644332200775588228888112277445522334400335500441155553333662255116600002228561100667144666633711476568380508483001
1888844220000336688226600772288667744881100552233113300445555885533335577334411551111771122114444332255666467554022777760806240150
211225577445533006600222277555500882288114400443322446688444266665588667777887733776155213
25555331188884466338855886600110044336688117777227788006655440033007766442288775563550052111122333411444480024
277113300224433445588338844005522663655667766112255778811887700117777228866660077541100006622004488882211542
30055112244441133884477331166221188334422668822778855804466117722245566660077557777115500110000665544003435552706467
3111177228833443388222244446688664455558855447733553366004488003300223011661122777744113788884766556666221188751155008811420002625
32222448855668844008833666644554433114466111166553344771188225522770000117788007722003333773300442233887756335744486
3557755116688554466111144772211223388222244113377110033666644008830778877774444880066770606327736576624542861584881718
36633110066664488334466556622771177222255330055440022001122668855775511114444338888008811667788221555007700360
37733888866775588551100002255008877884411221116103322224466447777123300770055776488283343653060104
3881144774488883311005588556611554433662211112277117722666688007755337777882288444466386655006670116640222200003230813182504
50011447700556644334455224444881111551166662222003311337744110022112277888877776677217755557655885540668820400
5115522663344227788448822556622444400113322000088550044668866770033661144330077333377774477223315441577528652260456664
52200117755114455776633004422444488441122668800005533773388336600774477225544665588221188111155662222766611355
53344114433331155446622335588771122888844440066775511110000338866118855008822448322226600220077221477074666556646376
566336611330055004400662266448833334433554455110077558888224411444466773377772211557700222277117388552470112688766
577885566771144117744553333005511164422775500220066531866660033776633224444336844004488001833521
58844226688114411551122117722776677774400337700224477333344408877555522553355665570663311666622223322804
6116622775544773322666677443333003377664422110044665555334400888811770011445588778866336600715522331111825562824
6335522558888555577003344338811333311886644775511554444008844550077221122000011773377887711110055665142226666174230406
65544668833117711552211007700006677228844330055003388558811113358766600440022223322663333664122061188214
67777223366446633443377444400660000556611554488887711112211662271765533001100335555222288550455884422014478081
700662255444400551155663388112233776677880011116655883322773366113077553577117722118866664411446600447744226684324
7115588663333666688553344552200004488225544441166114477887700113322662222888833880066440088402240330055176677350
72222882200113333003322117777883377007733555522663344227744556677551144881122338888002255336622444466005571558866447066831186604
733665555771144666633116677888866006622443333551188004477770088776611553322000544883377444422821111334411722
75533776600880055006666556611001133227788885555445522882255883344881155772211668844335516333300338233173364226077074477146
76677770033334444338855112233663300114488881155775566441188225500446615554477135522666655880077337745332200660050222216224680878
78833337711885577776644553311116655663322770088113367440055554444225522224433002200001122335588228888007388403340410155014
81111443322662277882222330044445500663366116666887755441188880033885577667733337711335555220020772777001155664421240
83366226677006644880000224422773388221133007711115566555544447777887755776688881120553377243311846600334161450511752583332
855554455004477882222331155886633553377660088338811772244002255111144332200770055774422664444884466888166556666775527773366113306212
8770022220077553355888811880055008822554482666644661133667766333344443302441166221177773122711144028
0444411331166880022006633667733072233335533447711770502662744555511883388552466115566557755448848881111482
14466003300227700776622882222118877883388665588555522556633774433336677350000880066881166115574012245317
244883344440077668888225544553388550022113333227700111144115522664477220055557733551100331122330000442227117600884
344441122553355885511550055447711004422443377448866220011116600881188770000222211778881440077663366667733327
544550088228855220055118844443333447755886666555683662222112277223300226422541150440077770000348
6441100771122882244227788445588663300666600114466225577552233115533668855672222002261887044888803437353233
7441177222266224444338800771166118833668844227700121233334470228855332255882200888810445544855576552646063
84477227700662233332211555577111100224444000055660044881133061144116833112222682288551188880455446205843502553521742
44400007700883344660066220022443377112255228888668844880011445544777722335555116633221111887733882228553366661133117766703
4445588338888223311887755773377774477227700116611112222440044880033668866660022007711000066225500813322117787633355414
44455882200004433883377225555110022448855447711113366441155223355333344660066887744226055777788001177330077514
44433008844221166448855886655440077666688005522777722441133556633337711118833661122362222887748220011000040388
40033881144446677774422445522778800112222551133775500006644330022333366335844110052660048771111661177334833215766662826885317265
4002255887733883377000033445544777788116666774488886655228855333355664466222211223300880011113361007711450045705
42233222266111177334455110055446688115500002211225533336622443388220077114411888844004477660088337777228866330555865526778483164
422001188332222554455775500334444117733116644002266661143558855113388111566224377771523330077000068005848882877686
46666006688222244220022883326443388772133335511611100554455337744777755507733444488880033600
46677662277444477770044880088443366338855116600111177886666442233335522888266113300665500556685557222112255403
48822444466225555661144778811110022118844004411776677334455006655220033774433222800113311558877007755442007186666463608385887268
488665555777711117755336644558822888877226633776666770000224466006622551100550033552233004433334477331133227748554611478
0003344338855665533114466006644772266111188001122005522441177442233551155444022110688887788333322882252777733775677130
0223377887755885566220033888800882255441144667700448844774833551188117722886655550066861100160053332266466270700313430212436
0660055668877440088550000778844881188220211224411332277775533336655773344664425558866245544344
088117711001111331122880077884433225566220066335577338888775533776655444455223366114422116666000055118833448866440044103302224508277727074
20055002222775566335511000077113377664411554488111144555522885088336666777733334433117788668877447702116604642
222668855227755001122331188444466664400777700221133556622554488117733778877111100067766116243336833886533457747280
26666006688335555221133227700888811224488443300553377773388554466550033334477476622556188228800002200415
28855221111882266447755886677112244336622333377332277220033440011007744448811441166117777883355330000222600880066338845557655168
6007744336655664477663333777700114488880033113388335544005577334444224411668822004588661155552222178842726666725286223
62233550000228866332211557788770011771111442200772222665544004444883377333344336677446688006600882255666644112271661248555518452
66644222244330022773388881188660066112211667711337763557744003333115533446844554411448800551233620000870
68811118888667711330000884411224455447755117766115555006644001166331533880077442266225522772222865583520
800110033331188224455225577771144775533772266665500774400555566441166004488776622888811222233443366338852120
82277331133663344778888335555117777554466226688448855772211118454112251000066660022003322228434240086107
866116600557777554488550088113311224400115588883333551177663388443377882211887422665566646233222275334022810045200
88800554477002200662233776644887711556677225555334444663366113333222277882211777748116100485588318
41122444466335555660022223344884400553300772255881177447777336677551100004433886666880066114427664711557788770088233370350
4336622775533888866881188220088441144001155116677665577007744663355666648006022225522332211224055558133337720331111004005054307778733471
455777788338811225533774433550088886611117722442233444100330055556655885548770077567736884066362
47755772222554400118888330088774422880033443333778822773388112234886688446666220022111100051155224611365566758
3337744335500336666331133008822554477338877005511664444000066228888111188365555222267885011221157776077546422772200248800441
555446633556644110044227766553300002233774455772211226600771166118822003344773321775588333866662055006855248888108
777333344774422338844446655778822007755448800001166221133003366886677663144006600885566445500555588712
011334488115522443300223377333311440088332200774422112277661177257788887777003366005544455500464676338855335651666688410
0335544443333880022553366111144557766665551667733007722770044660066886644882222887777110004113311583378881472332263420
0554466557722552211006666226611224433776633115555664477113388448877004444553300336600002200880074001111668811723358567272286428288411814343233
07755882222000033444433227722441166004466447747771143331100666611338855557766225522887788881088021
100115500883322554433772288661144224455668888112277557711334411887777880044003300660005333366331111666644667766523382226622170484773442074
122221144662255006666551100884400448877005577118822003377660244774455443344423388885566775555236641668866377788011
133006666001166448833773366331188558844776611226688662222115522333388880077554444114400008655556111074433557777224452034
155553322114422776633113377007755112233661177771100550088887733557744886644667788338855882255224450111182000022622
166778866336622771144776644888855772200223300332255661133774433440074668822881111880088760000110042683841206055852535015545155
1778855887777668822441122007733001144663344003366664477227755337055448888111133116611551188665566226678332288406600838355033572321225552
18833880077335566337755226644448844660088776622221166557744550022333311447700336688882288642200553305112
233552211554411003300228877220044445533776611771144333344773366664077888855558833886633111055165566880066226677008812550010027246022825784
25533007766661100884455004411771122667700660005777722227344442288338855551155881111887478882633665566414
2776633113344221111443355770044882244006611662266775544771155118888772200008833005288668850777744446666433377310
30000112222331188662288772255553322668844558888317700660055666611440044110077778811550022003244448855447747375515276
3110066770055002222552244776688774411664488117733221188228855146666008866226653007788884422034444527717236
3223388330033773333110000114411335577771155352244002211117744228800667722226642776666556635881188578861612827570848788
3552266441111004455118822443377556655884444888800222200334477005533336633115555774467771177687722550861412277313782128
36600772255881177667711228855440066882211886622442233446633113388333355337700330055665577778877448844332221545111008800400
3776666005588662211880044008833843366773355551155226644227700663322446611225500110073111133430
38877884466885544441155005588335144581122886600777766665211880088222266442233337722775622402200334000430061332361001173111
50077115588770044556655226688113311228833448844773388886677664466111188001100222255553355472200333322405
51122118811446600110044773366445544330077882255558855226677557766220022334488442066661388887747037777131358033
52277006644662244335555114400221188554444113300556611512888773311000013660033776677774423334833281866580846382757168667278
53333115566554433770000550066773344577744002200880254117722111188112277888822886688742
5664455441122448888557722113355008866770044222266336666558811778844776600661166880033114433444111001187773377523333800
5775533774400888844552222331133335566668833001177226644225555885511447766554411005500007711886622773322444820463386160787767
58822003377227733001122225500660055775566885533888866335544116622334400008844224444331144551177447711113333221155226655504466102
6113388882277000044774466881155001122663300886644117755552211006677884422003344554486611167114511822235856
63388116677447711002244227722330033775588883366228822006600773311253333205566648877880088645577750521854
65544441177442266888877338866116666445533448844775522777722114433115577007711224466330022881188222232551100880000485555801
6770022004477553355000088337744882277881111003366558888772244446611221133116622556600663388466685464555133345723
70022552211883366443377884488228800004444550011660066335511771722332266885555338400375544774416557777362
71122448888664422880088775533222233443366114455001133557722555511000055444200667766663311665177330077882266227188338811115600333370204856884
722554477330088666600663355336611333311005566887755552200004444223377115588870033443322440022221122667111441164607
75566661144221122664455885511118844115544332233444711338888220055333355557733003377778833163366880000660077608
788113311772222006600773322555544440011443388008866335533004488223366667777116688883333774455115522775577665500221122884422447622600
81166771111335588883300331188008822227700663377336600553344221144556655551177220044446622447766440000241577454
833117700334466776622447733772288113100222266668877551166114488554411884444227788886655660066340000777748004822552202312
8552222008844773377110077776688117788221155664455774488886677554433001111661144113333663344660000332277226444224400528833538870631028004
8778855112211884400772244665566880000336677337766444422777700886625441133111166115500553300660028288833881045732586334
044446633558844005555002266115522541144567722338877665377886600008800117711006666881111220077003366247777331166448888333301332827574
1446600332222443366881133111155448800445533447777337766117700116655007755667744030722882266221107885588666637120838784272388255764555251
24455884433118811448822225522115533223377446688005566202633007788776677306666110000888866003544117720444477555011285421113408316
34477223355554466332200118888558833002244228877003311352266227777117788222211225111007754116611581144000066667766008866884047364
5443333882266773377664455330033558888332288117711666632552200440011006611887722777700762222442236555574144488550465184
644228822227777661144775533336655550055881188554400772211667733583344668877884484362240812230225060417711500
744442266331144770033335533000022441177554388772222006655112255228866005577776666771113664833773340480846282
8440000114455003377663355333388668800774466665544442277334488116641772255223322220055557700221188228833008855604
4446633775500888800226600440005441177111166556677772244558811223355336666883333443388447766225522773322887744882201442222185517870573155613064
444553333665522117711663388661122330066442222884488224411554400225511337700001100334145556055774500877753135
4440033007788665500881100551111667744224411776644338877227777332222555566331122666611445544668844775588880011883041582
444774433880000336633448811445522442200884466223311668877118822886655110055460022225500464722170063001333553327677
40011225511884444777788111133770055667733222266220033885588007744888833660066117755550003557711665544553236442668272877686
40011003377772222446600880077335566776622111122557788663300447755883388770144116644227611331188115333668844344
4228811553311773388770044777788664433661100666600220077440088558888330004880455771133224566255541450
4220033113366117700114433885533555577116688000077222211006604883333223301556655888822446666725
4665577444411338800447711221166770055220066663355003311554433226606882277558888778811118855117722224425653303773345576147710
4665511553322777744330033883377668855770077881122333366442288001100002200444455448845006631117611367
48877557722882211771100442222002255441133226600333355337700555522776633011155665588550244334444774466445124068833886808184883178367377
48833443300113322336666224400228888445555117744442211110055008877557733556633337855331155225548661166726642038
0008844881188887766001144110055778822106644774466552255550033662200226615338800775583227713437722430
02266773322004444223333008833443388005506118866445577662666551155554488771111777755663377453311336688114848270857888
066007788552233442200880255114402447777444455443333553377338833667766668866446577115551775877211188210
08800777722338877664411333366222266558822773300005555220044447700334422115533114433771177448811883355445511663326660866746688557405684
2001155110066888811443366005588334455003377880077002255228866447722331111221167118877775577340084627765422
26666224400770000442222001111661122332211446688338815880088773333552288550034886655777755444060225767271740578
2884477772222004422333300880033558822556666557700117711224488550000776644111100555533113377334400667788774466068811563
622007700666644884455663333887777665522118866888833771177558855446600336422557722778445551155001122800
6661166774433552244888866226644672277642222003322330022554455333375112211115500555822880011883311781130806040700
68855440055227711333377336611115555883322221122664477004411776622550077553344335800006600881102886422044482346452472747778
8006677552277005544448811558888228877666633773322664422220033004455665555118841336622333311112533550161410173438
82211442200334400553366444466331166001188441155883300775555668811227766223388770066773377778888666610885577426
866444488336677884422661122117711665522001111551100441188880033008855006633774455333577662228114688254877258551360050207737570007766
8882211556611444433332244006666770011330077558833668866334466004411662288771122664422000022778740551177608
411774444555522662222113300553311668877000044006611001122447755882288551155002255776608111144235568884711883388034
433337788551166882288667722553300665577000011883322331133556644884466117711003366227766045555226661558111275504044
4557722335555442211881111220022887788552255007733008888448800114466447766775533337711774006331133422276558822686
477884444224455553377117766440077550066886655446622882277772233552222661111000033113333663300115566004411443344820
1117733005511888811331155004411226666006644332233444488227700335588555522116611002244667755447766337722800082007777457786553333822
3330033661144887788550011334422662222770022556666337733888800552200444466555530777744771177568844118811110288316127682728615
55500440000332211007722777733114455882266775544116655224421112066663366886624888833880081337767874
7774477664422440033881100221155007722883333118866335555337272223300112266008888004444332200556655806674662515452
0118800887733442200225566335588667766440044666611557755443377116600630077227708441122445511331178222233338818555525088
0331111666611222233667711552288333344004444117777330066888844550022000533775566554433555511332211448855887788246624776633864
0553344330022770033220044118844224488225500113377445522668800775511110066116666776633662222112288660177778383515143133237172736465
0775522110055112266881133558855663300111166772288770033445555447744331155006622520000446644441144886662776244233323738
100224488551166665555447711221133558833442200006611114466001188778888223377333300770088663385662266452222504
12211551133114488143377166644107700556615220033557733336688224455550022208800004400142388883327885548663307234535884656260677577748776
1331155220066448800336600007755553377888855002222334422777744662288224477117700887736772577661188444411114405883568681
1557744441188882211661177664466663366223318551866883333770000330022442255887755447788004433556677773344007725332555005520884456560483871
1666611774411004466224488884455775533555522118822331122556655007777667700111144003377106644222260220088005588554388732
17733663322228822771122114400553300668811143337226644774455887755554444665566662088661855102048400
18800005588333355006600330077228855337777441100443311551144446633666622665566888822775555778877681544784
2110066000044003355775566443344668811448877442233366677112277773588661177222288225522002264778888555511554055380
2332266008822228855884433441122448833115577776677004444668800227722003377333366116666335566553300662400005555088871014
25533226666224444007733772277117755883388442211447766881100557700003344333311335500448855556677445544115511888877882233046
27766445588770077444422665511113377881177330044003333118833553366001166228800224435000088668888222211006666772255223155661125446631441717557844785
3008855221100772233557700661155551111777711228866668800224466442200334448883366338847882055800047660017467736575
3116677440066222244228888007700444411227733226655666633336688777766001133883355334433723488221188661100220111551178114588452508555546457
322888800442222444411884433446633883311551111227777110055226600665533773366778811776666116625664400775588550088654
3551111338811882266223322444455333366556677227766000022557755884411664400661122004477778866883344888855554466663155021
3666600888877774488663355661188002288222233883311776677330077558811225500443344664444227722668855333325552455115540614107011
377332244331188551111668822225522115588662277220000333355771144448811336633880011002233446617883300550044075555665537476666470
388773377440044558844222244333355554444111133662200005577770088552211661188663311776677883344666600668800226647128
500220044661144440033116655222255887722332244337733668866338830557755556677776628554888117711184
511777788446655666688661100114400007755331166221111333388772277332233008800364437112255552222002247004500574188306812688852882
5228800884411665511445544440077003388117722224477776611150000660022573377443344667788775366463333204
5330077666644111177556622114444773355000088661122334456772200665288038811884433663377887702668102771607424
57777332233664477003355225511446655007744883311115611888877221100663388440088000011227716881600544288630048524
588338822115500770000113311227722002288771166226677664444668888660044223300885577775511884488024477445533334433555544022
611441133774422336644552277778811771111882255112244446673003322883388000011006633553314888866887400220088550055704072162605854556665
633000077224411778855660044776622002255775588226611005533706674886644334444668833111133335511666555481188884011422273808
65533558844003322668866114455448822778500660055664422002222110011772283112243000633437711536
677335533884433224444888866007755661166221111227744118800228311550055114400333300004477222263446555845544213
700336688662222004477110088000266773306112233246655553377556633113344887788440588114411666644488766011177752
7118833776622774444335555007788773333111100220066885544112233221133442288116666115566000055886655330044003366772222646522482257580
7228866553355663322770077444488446611660066880011885500887766662211220000447777337711778833334400223304336264541
73300228833554422006666888877440044445533336622776600001144118811778855110055007777557712667700884233222255221643831563437555824
7554444331144883388228844777766881166003355110000550077332255778855880022008877118866117700111122440417462
76677552200662266448800221100884477881188553355556688224455804400332283111166112277225300113777142230773466544
78811776600550033336644113388446688770044332233444407442222112255220822786
8115544116611113333557733118877440044446655884477001177556622666633660066712233005533222255220033748
8337788118822441111661144334400333322115588447733887755554455772222001177665511228600226644667777000060444482771427431073630050835
8550033884422221111228811446688661133664488226677776655441100880066662277007733004477444177557712555520558377833355600
8778888003388331155886684334455447744427766330055772222662255221122332240665566661133771177551166000070801111802363555533350
044008877444477222211446611663333220022776655226644113355558822880033005544888855334626881111771100112677366
1446622110033004477337755888877118822223344228855772266777700553322555500002244406686007655666633501
244668800882211883344443377448877110044117755336666007722551122333355881144003300663311332266556622220733816
3446622666611885511668888335544776633220044886655773300007777001133771177523333887788111100267727414
544223355553344114400882222551100112288117766885522662211171743224633666655607777887700558833886063720
644662233335577550088886655554488556665330022004455882244440000336411001111443222112265115522770077771177425167206187876130573
