444886688111133332200883344336622355544551122558844661188221177110011666677776600557744224066475500302
4448888336688663322556611880033881100442233770011666644331111445533330000667711222277557777226022474765558855284
444110033665500555544333377114455117722334400774488777700006600116622883388002200442255881155222211882266888866661111264
444770000550044888822668811110066661122777788008833663377662255886655224455557755115544621177114733332233003382228312034
4000011110055338811225522442222330066118800777755444488776677882275114475720088663366660033755644116688802281713651562212604464543
400661166003322446677771100223311554422557755222266668833664411778800770011885588663355665533000206238817651508887558284
42222338888116655004433774477225566007733224466228822001144552266775544111188330088000033113333661177112056810024806
422112288225555773322002244006633558833774433117755113388881188715566660088662233668844664300003340580
46677222266882277664488884433005544442211880011223366550088666600003333771100777755773388117788558871114411606455120
46633664433110044884422223388668800335577556600221188117700116622555588882266554400552201332287227733078335071745351612467777666
4882211447777008866224422225533228811333300552266006666778855007711887733880466334566116645117766827722320
4887700003377775511882277662288663333883366668800774455664422220011661111555533225577335500554444665520447600867300234
000558800660044003333555533116633445544884422032248551122886688778833667766556621337733810
022008811661155228855887766660055778822664400775500338800001144777700667733225555444411334433331111771122118844222633574488368
066552288220000227788558833774466440055773322666688448877001100445566007711331144334411776244711
088662222773311003322556666007700551111777722663366446677661188333388558800001165771122444422004455006133443355223844782
20088115544223300440022774433222244111166885588331122667700665511335555663366117711453338487778886666000038207620164
222774444005500442255445533113388337755771100772266224411114488008811203355551155661177778826773366047767034
2663333666688885577223388001122445588770055665533778822006600777766773311002211114422883322771177554444334411551133555522225400448866274846108
2887777222266007744667733110088227766555500001144884400224411775588664444557711551133553333003344338422005566661255262
6000088441166775555662211885500228877446611557733442255331177226777637788114488222077110011144455880055140
62277554444220033336600114433446666771155005588008855664411777722112226110025773300770064778877435
6663333884488114444110011118866112213667722660055442200008833178800228822447755335566557777668877045555032888534377430627164
688222277558811000055113300774488556611228888660011441155443333440066221366776655772200225666370088003777887738342
800661100773377881133336600227744445555220055003344775511557700048855443311888877111166221177226666440222458826353
82277113366554466776688880044331188112255228844887722008833223344117733777700557744002244221155000016655564585
8664488550055881111773377007711220022332288776600667266118888230088444411440033335533443381331100115555446423604005256571651
8887755224455668822338800771177225533447733337788113355885511444400870055441113662200002266667743222217750575561286560276364
411777700331188111144663333558800110044221155005522778855560088771122667766113322445250668833665300002200747404882238664841622
4332200667744448855338811003377331166887766111188441122228866680088330055552255775500007700104455447777824
45588333388773366007777221133554400664422771144330011002244448824770033118888553320886688046666352515061676257566555
4771155662266448822773388440033221133446633337777225544114433007766116655335588386666000022001100850066870055222236751122428
11133883333664400002288224488660077551122667733771144662255441177445500558855553322772233118877776611552200110033556880644470443081642
3330022440055111155007700880033220066337733441188110011226677444422223355338877557777660045554848666658564
555337777111133003355226644336622334411661188448855886600227744668877005500444400001100772255112288117211483333224311582222080638866
77788330033226611005544667766224411220044775500002288222277448866445511771188887700116666553355558800660088442233331111372211440078543158168446325
011662222440066446655004422338888334477443322113355885511778866661188110088007722777755556677333377663366887844144
033114422334400448833550011556677775544330088116688662266333388220066665522887766002244778802771177222211225443774737011101318
0551166224444113377440088446644223300333366886611485588881155406677773322556633555533887755778800465521282
077331111882233880055117755888844221155446633330011334488665522550000447788772222883374441122662274010146885606164
122774400771100111322221522550055443388445577775517220033334422881854888822666600665366778866880000430
13366773344118811556633224422888866446600112277222200666688223311447766550088444266204755553355885577778800702
1554400334488553311330077221177110022225566333377778822883355111166008811227755001144223366657700005555887764118840604
1667744668833881177880088225577112277662200550066441155113311004488663355556655222233224455333300334427336725884077000015437850288
17788440055113333882233553322226622555544668877224422774411221144881111001155663344776600330044336655044451666677771377364
188224477666677774444110033775588115533111166223366000044665577332277225566448875440011786688885511228800221144543354220268483303822133334
211880088445544334466115577555522442266665500114488777700004444003311332277668866336677333388335566416628210
233552222558866003388553344551144888833224477116677666611117777006644662844110011207744200
2558800556666111177442222888844557711001122660088662211441133551155440033467755223333224788272188331166836530600045002
2776622663355223388337722888811553333446611445555885544225577880011332222002244474700886655666677551366406600371
3006677772288661133554444110033118844770077334488223333883366880055222211778888111122440045887766337555662266457
3116611442244778833557777443377115522113388556600886644006622334455118888227733348800003755887100467655326636668848150202825555422
32288550088335544001111555566330022660055224411006655887700773388882222562200447766114423444466881188066674337644536121748841331168633
355776644338855661177446600666622331100002255228822253324778877772844003333444488330688886655880674551155542
36633552244005500003300222200667711008888555588001177332255448822881166668077664455770044233371338655612535118141511
3776655334477554411558855770077882200002211114444664400884422443300335500117733116677445566006666333388662222312266110058113802825
3882233220088778855775533773300667744446666445522880011331155558866554433336611440077227777025566334488883622168
50033552255775533112266667788881166884444228833223366220011440066551177447766445588777700002274338866005566115548008211022246334
511771166665522113333660011226688774400447755334466443355885577888830225500008841005111872277603
5223311110077774455446611553377555566887788666600008844332288551133882255003344776622002222118800642244005588116411727268812484404570114
53333002211227722337766114455220033880011335566228855550000667777443322226633446600770044771177336688441166444488666544282
56600778866883344554477555511112288773366442211772222004466661100225577115588113333550000880055331188552233224411667777448847082887614
577113388003366441144778888773377442266665522008833445511661100222255886622332288224447555533550057204066768856001073031
5885533447711777733668833888811220066001166662288000088776633335555440055114422332211882222665522774433003372441255702465650073104484445
611885533775500117722778888666674004444787033884422881100552266445555441133002200006633331111551144882222335586008466832253424
655553311112255115577227700885522114466220000445500558822337777554488330022663344110066442244081177116611886666022
67766116688660055004411118811003333038803443355442211553888226622227711777722555644447744524
70011223377113366227733886633115500661100555566664477660071700044551111442255334411888822887022008833332222648858084
71177448822445522228833008800118855660066553322114466444400004411663366227722003388447755557766773355888422334432551155478707713266811106661
72255116666220077111133008822228877334444881144117766115555226688006644332244003355446655005533888855884477000042118865610361233
733663333225577220055118888661122114488446644331177882233447777445522200011337711110033007700444408554606880676266
75511446655557788116600226677006633773355440077445500886688553366443322001100004822117711338877227775222128083848858561815
766006644441188661166553377112222552277334433002288440055008877442233336688046622115511113311775555882248114666338855667542057
78888555577553333222277111122335522662288660011881177336633002255664466668800316677774477665588444420806617007724148450540044300
81111558844007777556633667711880066885500225555116666228833554466005522661133112211004455334444227733224477630
8338877775588881122003355774400111166553300445500228800885566110077667788662271447002446633337133444433666644142
85577117722007755003355442233004477776611552255558822774433778811331100001111660055334400662222880088648833226442124
877662277770011442222006611117733221122334433558811556666882266337444557533665522888800885500002255110033883488424
044774488008811776666330066770033336644338877883322441122115522551111005555002222331144228822665588884444662201885354045613486603768
144552244223344773355771122111177003366661155330055443388880044008855662255006688772200110077663333222288226674881588344
2447711228866223388331155330066888800227733558466443344445577661144866011117777004377836101851522226215654505525333220
3443333665533881155880000227755228888221133008877116611222244663311444477441544267777335555666644550033283378660066268
5448833007766221100881155558800443377227744775511886611660022882268446422225533331133223364512240335011777733800
64422555522220011337777223333446611221166558866668844445566776600338833000022663311006433553367332488885548771177480148215
744888844223322664466335522007733110011665544447788558833004777117700005577551155303
8448811224433770033661144225500552277223311662200444417888866333355556666885533008800660077376644777744665874082268322
444118855773366661155338811778800112255883333556633443322774400228888448877114466447766000055413300331166770077550081051552622
4445522221133336600557711224433001188776655440022777700778811667744886633114466226688550066610088228841553383420
444773311774411661122446688448855888800338822665555777711551100440077664147220022333327001111335500553376336605262
44488113300338888226677661100773355884422883366886600863344555522551155000022001166670052412777417751804
40055008888220033556644445544117733224488447777665577000077551133663333880066771111442211552286110623112306860661872741678
400223300882200668877114422664411778844660077337744333355885555004488880055447755116005625533444452776111221133110811524
422228800337755220011113322774400224466221188884455338822556644770000777733331122665555008854881171461100567686063353466233630
42211661111883344885566330055332266888822006644443366774477775588445500007700117766660044002238115806562724641131273781014
4664444888844223341335588117700885555220033005533387788227766661111886622228800774022668830663605112211450
4665588885511550022116688228800007777557711447700331100660044553344448847883388666622223300881122452261318727476731117
4887755116622882222002211555522557777667711226644111100883322334477881177224422770066005566554466886666338800700033335044514
48888444466551122556622337766661177552200332222772266883344550077770066771111660004778877338823118806440744286
000228822003388778833337711775555227700885544443311557766661111226677772222445588884400553344881133551166556633668211814
022444411882200338866116688112277448855770044000011331100773355558833336633777766667755665533446622552222884477221544323
06611664466881177884400885500448866002208222288771122557777337755111188338888043311333322770411553355552233042
0887711770022882200448811224433227733444400776666552266441144230011558800003311006600557726111166267375054531355511856
200226688223311665544551144334466005577444477227733004400776622117755332241337788885566770088663841112282261187750
222448855665533550077006677887766225433442266117777112200110000331166444450888843772277438811882288636
26633771188222244667744221155551100444433668866007766447722556611334400220033112066214488333388445544105577775505887738880
2884422447755114411220055227711778800225533000011006677660077336611666688338855774488663344445588777722226644665544008883104
6001133003344662288666655002266118800667788117733888822116644223322552222775555887777447700551333548830044
62211668811332233887722220055444422448844333366778822770077776611447755553300335566337411110011551188550088880066557266000042883021712
666337700007777664422660022223322881188556677330033331100115588444455448888775577117743661166221122751141350241120525553
68800556677884466555500111133006611663355775522226622331177221100003388660088553322002255883333666400743
800881122116644225588885566661133667755448833555533777733114416338844333344446600002222004400332244774455005307670267223
8225533666600554444771155662288334433112244885500330077226644663377442211777700116611887738880088152200204
86600332244550011777755335566222200442266667733441144000077008811005511557711113300664800227742882333755523184
8887755880066882200885500338844774466222233007733772244440011113366665533221122552287115544555511441100556333500040277
411222200665511660022880011003355886611127700774444336633221622552233447777224422608877555044888844600
4333344447744552277228888771177716611440066330033115566448844223322112200002266880045008866001588353545751550705
455775566665522886633773355003322117711333311001144002266227777444433880077000055111155881188887788446677661120668854116644734420448830882
477110011663388004411555511228844222211448855003355664455226611113366777722778822332200888877533374334460224400744
1110088336666220044888800118811550033884477334411335544002211443300778822885522444466827777555577465511770066700
33366554433113300332230552266662255006644116688882200772222775511221188778866770044001155777762444477448581771144653564210734511
555000077005544884400888855663344227777557733551122333322444300110048778822116611881177222266886666225522036
77766222233330022771133115500885566880066334444881144337736667788442211118822888177220011226600770055224400046655874645451535561
01188111100887755442244771133005555882255221122664400667722884411402201665577063355117622722606866611556373231363834
0336666228844223300777788111188005522447700001144002277448833335511668855004455331100860066113322226211555547556767238711273371734
055337711778800770000662288115544557755110033338888663344776666772233220011440088773300446611660277782222442211335844441111236854383
07766886655773311002222333355447711661188552200440066663388442244667788887777556644882255880366217744337701253347214
100441177334455002288778811660055446666558833221155771144224400337777555533668866774277225511885522220888038843556261231703076
1222255886666440000446633885544552277555500332211887722002888005577778821113366033344335564231144715
1335588884466667700221111775500337766110088001122552200440077157777442277331788772288556633006600554444786622665412334242282818332380064683336
155888833666622441188775511448800664444330044770077663377772277333611222266786111721160225522308030113055457532055
1667766337777335566007722005533111100884444775544336611222288332233000044224455771177887740366645115555225588550811882272165
17722555511884477667755660044226666880000336633770011550055445533002233331133224488881111221147116737882277477
18811771155554422223377662211441133332244335500338866447722556633440000287733005577008855888800482846583
21133225533774488334411222244447700002200338866888855443366116600117755773300880066228811887100550044007422714
2330000222277551177007733888855441188113333226655335566663311661111008822006677447777887711448844368866445577662044440428346
2557722448822220055008800776688117744440066228333665566443344553355551155875527331133063
27755772211661133551177333388444477118833774433222244001155007811446633442255448866220033002566665555241100445820668888708
300332222445522008833884477006677551100001111554466005577440044443344885211666611773333113366337711225622676
3228888003300886677665533335500117733666644334422447744118877115522772211222200444488554455116638225577555566105587870
35511661100115544882277667722332222002211113366886622880033775555330055773333446666508888338877885122442268441144574
3667777664411883311772277884466228800557700666600774455668855112244808355226611663344440000443386550011002202337733325
3770000883300334400660044888855220077555566447766881101113388224455887788442222112277446677117724115446261186566
3882288886644005577111188777700335522113333668833004488558622227744226663225555112234450241076781672731714
50077885533554477442244888811338833008844551188661177116644002277556688777044332266552255546622111122801
51155883344777700662200557766661100114488446677337188550022880000330088882222552233226600412
52266667733111122445533338833661177118800660022778855881166443344003300557744220044447755446844882255541867635702821777223322237
53388110066118822886655772200332233776666001122550055552277111144116633667744443455887788008888440044770072113566822
56600776622668811552255110000220088770033772277331133444488447777117744224455775544305555867786521121418646366
57755448800551100112257221116562288776644003322007788884433002233334422666633660088144466704
58833440022667711661111880011447722881100776666553311774466888822330055224444337755664422554488445044108877886620006033570733236333877
61155227711666655447722448811441188774422113300446644551111008800553366223333440033225555770022885588882266335507820
633443322335566771111447788665522881155445500008855880051662254888822002277772266661177660468770377331122110
65533667711881144000055773344227766661177008866007115884470224488887288220044554444335526441633338833746518056508555
6774488776633002222770033118822446611554400007788885555334433336666442211445588008811771133777755005577284413886688306
70000336633880044111166778811887744556600666622553311743333223355552222882200226655888866885500184
71177447733661155225566443300554422337700004455551111228855778888110088441166553333440033224633580011331140776677218
722774400441144335566883311550000660088447788663344665588773377775522557711880011228856620077002262111162423228882108117
733885500006622557788440044118866444433001122445544775511771166552233335533427777667700556666007832161
75500117700885544333311552288880022772222336688334444113300448866442266337777111166110004666655660255714
7667722440022556600880055337755228866550855777708773304442206663333668811117744551155882211226622332274331133484
788884444221166774477558855660000113322665500445544663311773377003355330055223344115511225577668877111188662277772222043388228813336662483
811116622113300553355442244555151772200773377008822771144334444774400446644180000336633122
8334455553377447711773388004488778855005522008866330011002211668822775576551122664422440038118844441111356142825230607001522
855442277443300444488773322447766551122663366228888335577007711772800006600333344001166446666113311014
8777744660055223388661144112255007788447766554400116622224488555588220022883333553300337755681733100043472
044775588661144113333222277000088226655334448452200772255550055662233111177110022112243006600116666776683774781564
14422667766557733441177447777882222444488555588335511556600002211661114553333886640336666337755007700552277223322506622087718084
244553366331111775566778822774400115522883300555577223355004477773344333611364411444422112222554488110000885588702
34455882222770011007722444488442266471122552200423366663311665566113333881111551188555548662888737176760801468
544662233442244332288444766420066112222551177430033887733553330115500552211110000481188886688277725814
64433778822000066775522553333004466660088773355113344118844442288332277115555880055440077770241665577663366886611474313862212622
744005500007777337711448800228888660044110011118822112233881277557766778877226666446613443333553365554455184444203
844226644446633554411443366555588117700778822885533001133334456661166003311110044005877447766224482118777223322227
4447722110066335566445500774466555544331111223348775511771166888811338855773378222246114666002255836622703300001320833670405
444773377004411888877881122552277772200338855442233660011663344886644333300776688226622111155883455010
444557744003344110077006611551188553300114466777788337755448866442253228822212177338877663333668881666600800
44488332266338811228822336611440066555566008844115544777755002255771100337736888855117722776644552244204461113580107787000
4008877118866446622772233331166553355777700660044441133007744551155447833881122001422550033443366337800558888422215226678568822428660002
40044660088886677441188447700115555882211110055331166114488557711222200332255117777666688337733663355487758113300665622333346402280724
42266885577118822110055337788772222777766554466444000338888335511550043332233113305220677317756312
4228833440022552211775511887777223300112277884455771133554488004477003311443388665500668822008811000072444466441886336616667376260
46600550088114422335566884488003344000066663300772255553388885577002211558877771177552277667744112266111100113288264
4662222005511665544226633880033117700448855557777556677337766443355888844552244440144718811334411112611030
488772288886688337744227755331122443355441100336633334444001177778800006600550022666642008211815522216
48888004455118877330033885566663366441133778822442233550000776655552222771177226111001122115811602
00077003311552288118800666655663322550022773388551177446622264444884477888833337777113344335044208307572127616111036
022665566882233221155338888008844660066667788555500445588664400111166224433331133771122552277228877334511777765405
0663377773355771144556688776666550055886677447333118844330044662222112200228822448888111163234
0882222110022880033775588443333556666778888663366552255770055441133445550668833887766007777448851664466200
200447755448844665577883333886644228811335555662244003300223322666677772211441111887700115588552277660000882077444800568883712
22200668844226677556655776633773388550055117788228887003311112255221181007777223366115044440414762274660454348246466
26677666633336655668800887722000065337788883344001100775500442233114455444411551122555522446855886431318
288333388227711880033555577440044221177556666886644773300116633446655444488881122441100006600870055111145007766778200222726261525377
60088118855005566111155220066883377774477880077662222882244640000117711004455558844887755331133014
622777788228811001177000044226633221122337733005544661188666600884455002244114433111155113222552207444477558555372714856405776
66622886600112244775522777711334488332266558844330066770044440000773355663377221144111177445577887768110083118500353
688880044118866447700881111776622221133882255554448771166002277407722665522332288336666775566333355331055877733406
80066777711330055776611552211008866332244550022774400775533881144337788773366668888447720444488264410003700183
8228888662200114422332266003377331111883333005533448877261177444477554455557788446044006777007715200
8667733664455000044115522447788442211337711220055331100333355551166128833885544477766332077201
888550055116600662244558877115533004411770033880266884433118866774444778277557722336666335522556655546644228203440613332
411225555006688446655444400448866335588561144223311773322001111662277880088776666777700005300333373888816007222421
4334488553333223388660044770066771133664466888822220022666611008877881188435555115577552055800011117777303
455336666225588772211223377880033228855550000113300883333116644776688440077110055442277002200667777317754111154626244843
47733222255558844888855663300553311661188333355442200660033667766668800227711777700111144440077228877881100041122421
111882277884477440077775588662255773344335544661166756644881100113322228878000088330022003333688
333111166005533221155008866661100775588117788771188882222554411224477337766330044220011336622777700668800003566440
555332200881122228833445511770011552277774422336688224433116611118855005588806644666677663333775566554477221077162604073484144
77788662255887755773366004433228811221155554400667722666611880033338855335522002233008833745500556633144
011777700225511445500443377223344883366667744773355888800662206441122115533224422286133111107116333054444075
033338888330000551188663344443322336688557711555537884477664400225522117722227777558877367700774466662266524811114081016
055002211664466773355226666110033334400883377228877557788884411331155112277654422224433225077771177006822001111880048536
077555522662244886688331155336600557700888855110044114455665544447733558800334400001133777762550022774233006213828202232723371
10000114477334488006666118855227766338888331133005588224422884400225544412233553377557711165555177727887088664626860
1226611447766888877118833002255558855778822334433662288111166553388444411000077440044664487005500866
1338855114466554411002288221166332233334400443355771177888377336644442255227700556666006685558000111122003767574260824227772
15588336644441111222255334466557722777744330044555566008888666611771100116622118811331144223322448844003377667788226688775067370078005850200
1661188112200006622115588771633882233172277888866665533226688448855776644554444335555667700330044228733337465001400841
1771133004411888844558811663344223377448855333322556615006666002200777722227788776622665358664000105080367
188005555117711110022778833225577550088770033774488665522330066773355333344224433668888556644660044001144776720754008482815838
21188000044770088771166227777552266664466005566115555774444117100338888333300220011332233111122448866553355114455885288106
233555522005577771188664400221166222277445566338800006611558888775533446655448811442288444266770011776600336666833322508
2552211335555662277885588331166445866772288115066887744008844112200443344224477337700114486611100330022223322671
277774433668800667722550022003333553388228855447700883344556644221133771166226651441188444488887788111150446051012
300226677881133556611006644887722447744334444221166668833332228558844005533663377338410007700165500460
311885522110022224455001166661111443300335588776600665577555633332288662266444400881177112254642777880077000477341838482887472
32277007711664477884455220044441133772211443366660000115570661172558870886688556655448888331188046672440111222233034
355662277337711550055777755118811664455225555336600112288221144440088554488770022442266778844661744334473138
36633003388444455447788666644113311115566776688337722625577551122117711881100777700442277322200224400882234806
3773300004400228822112277116666883333444488007744772244552266286644114423881177887777557760115588555511888055006031308701011
388770033774488332211116611000055885544441177336622880077222266776633552255118844660011220022350044008644215654768
5000088776622774444228844113322553311555588116655667700773300338344736611112211440022220011004482663466660066843644505
5110077446622003366665544883311660066773377558855784433332233441111224422552211350022840
522554411773311113300664422224400336677448855332288004455882211220021886655557788776688446666247755116055000077101
533663377775511666688550033110055881188667744660022555566444411338822884400111177334422000082662222465577007765412
56688224488557755003355447744336677223322778833722288446633445511004446221188881111720011558800002611666655253
5774477660044226644551122550055331133448844446677555522441144002288006688662227778877117700773377263300336611118833881155400088532
5881100445500223311552200006622447700117766772266551123085533448888774444333366441133554408446633855
61177556655771188111166882222662288333344335544558888007722778411440044442244863300331133225500005211547600110086764660212
63322001188000033110022555588771122882266444433667755770055004455334488446600661177773882114411551166552224776401342561174785472
65588001100004477332266007755440022444455770088330066441155113333118811662211777766337788552255568822772233442222003354643364887121486118884
6772288003377001166553300661188884400224466005588663333882200441177776664773355778555445512556233142
70022116655771155888800661144773333668866223311112222617755001255444433448877774462407780451523776533256
7118833665522444477442288885533226688443388220044662233554400770000664411445558002166660033008877886633417777610051372738175
722440066667755660077446633550055441144448833886100880888112222333322115533443311337777117768225577873
733112244881144118866226688552225553333251111008888258833660033005444006677778800776634774047200
755112244331133774477110022338855776655552266446688667733220077882088115588336626111144117728001167704455440065034
766667700880077885577556600223366446622663322224455114422113388337722554433330000661177771111668877444652888811512
7884466332244441188555533112277550033664433557722330088661133337700556666225588887766771177774422000022111100668833882266001144740
8118800778866660055661111554455220000443322442211774477335333446677503376882288884488538872225361223411040
8330055004400112222335511885544338844116666114466880077555522887777888822517733774677663366210
85588004466440088666622550011338822661166772288884444114433777711007782333366556601227705420
87744331155771100551122668888117722770033885522330022000078228244663366664400662211332220111144116600842
04422884444773377668855448888223333006633880022553355774433661177771182441144056677052505865551175786264
14466554444118822442222887788111177448866330022005566884400771133110011551166426233770000333362773327772533850043408
244665555777744002233883322110055661111660088442277552200441177226641331188115511467700007788003300622888554863553348733
34466880011114455113355330077332233116611008833338822115522881177227766770066225555448844012266665588556442018
54488558811333344331122557733664422117777440000335500551144430041887788882222320077555528001100260066770627271657663
6446633774400881155331144880077222233003322550055118888227711112211777700442200113411666600665555400
7445544888833118800008811223344003333551111661177136666446633886600777555225533224433004422005500222288221622667442756
8444477883344337733000022113322227722881155888855550088660033117766335522440066664423880055770044882076554455311166246
4441166557755664466118855332277117733445522660033881433002214005588887766220066772288225377880088600048431
44488331133551111887700885588004433446611007744003388882233002255556655006622886688445522226600557755420011666647221147371
44466777788224411221111007744557700884477113344331166137755003322002266883355556666228866558877660000663300442488038
444224433665544008866773355000077661144775533220033112266446688555566002211110011888877882288430052770043481807471728377
4000088444466886666222233005500665533775555114422448811228822557777335524554433331133863346001100770036111167274
40022004411005566001133664422448811668877550077657788688822551144770088558844428800622233773333555533221111726
422446600888833117777557788113377668855441122772255226655003388662200443322335511007700002222887744005444714456316
46611116600444400336655552244117711880013443333145500556666772277664477338833553077778858408877500060222218226882874
4664488883355556666227722331166113300774433228877776655114455000044442255447011552244111122667844060222085532180
4880055004477772277558822333355112200662222553366555577888866008833440078116644332288784443000011003242661111556682117135452140218
4880000228888223366332277662200445522118877115566117733334411444422558866881132224700666655554788557755303
00011336644004455883311110055223377882266772200338866115577117777335544887744334461885555006222116288808322542244430023307
0223300771188224455110011114411667788335544881122550044662277775522106688885588664444240746553333884346061
06677001188882211003300004433886633668844553377111133227744772266554400550077887022555522444422223355662281446644812206616175834311557
08844442266770044116600111155005555330077447733224455663311772211087755225511222288558822335574886666181
200660077116666330033773333114411556622661188336122777744447761778844335533448862888855881244221044005578700
22277665544224433556688003344445500001177551166772266220088557711005588113314002288225466006666330044873333236
2668800555577553322888822221111334411558866665500006600223388774455227722442333117766336674003375661166251100454
288772277001111448888334422005577445533330066338822113355004466552244368844447788555546207755117711002081800
600551133885566886633778822887733661111220011772222442255777755006677666211441100881188884444007711654
622554433884466331188778811005533004477220077775555661111745522228822332266003333550000113366668866441124234
666220011004466776655668800555588685500337702442288332844111133551155334444531177112333047787238
68811554433334466662211772266332277885566770088774444555588635522442888401111430000510043112711637777303
800330000112200770022337788884422227766228822444488557777117755115555665533552066773333116684558477441144034
8223333668877001100004411330066115577331188117788442277112288002203222255224477774488558835667766540
8667700331177111122556644332266222288775588334488821144116600663366557777337744776333000072335200104400524
8887755884477112244883333663377334466551155006611335566664540008822227700110057660022003300780041662266811146718
411222200227733660055775544886666221155117744225588444400007700447788335566880011331142661722438303428233337
433220055221133885577882277007722667744001144118888000066550022887733064444555566225533661155447766663311022607771177533374612424884341635838186
455225555888877117733661122223300220033554444337788115511668833224477266677441144006633331133886655334466448855684111001180850
4775533665511556622223311443300111122008888110000335577668855445522884411674488005588778862555024638711870333413323772
11122332266446622007711442833002448663311884600008811003388880011773377885588777755772667016563552545334368250
33300556633448888665511001111662211772288118800443388555544667777553500668822441122778831442222008844002234460588752
5558822447711113388556688770077225500330066331171443355115570552288334411226600446644000022210018008814544484236653366616762
011112288662200668811663300557766117744445533332277551100334466002222666233773355443360771154880007778877018888314
0333344666622442288554400006655557711660022114455338866770055661122007777330044880088887788337762336222650018425757427
0553377885555772200228866447711442277667777446655883355226600004433662211003344118800663300111122333311661700844
077335511550000662211220044001188114477558855441166661106332222668866552233338888334422777722448804482283036
100222233006611776666005511113322554488667733336633555588118822778855331144662211550000337700880077771244334444004427541
1228822334411117722225588118888556633884455113377333355771166660055003300448804443322777766226677447522024366854
1335555333300448811225544005566552277110011887722221144115588557755107733446666776633668833888844777744337788664444228
15544003366662222888877338855226677557788005511882211444455661100447700113333100022550066442244334488120723271
166664411557722665511884455442244668866113311006600100022225766220033004488883388074783221333773357063
177880055885577441155446666007766553366448844440022223355551133110000330044333388332200662266888811228822118700850017225777573712724
1888866881111664466773333224411227711338844883311770033002214774400187770443366556633553375558233445544425522808055022
21122001111778822550033223300443377444488008888445544007755777766772288665533331186224466116600002476664566806635814
233117722664466000077113322115533005500333388224400667777557744220044337733558888555546668866581188412
2553344335577775544113311551100116644773377227744440055226688448818003388336666332288661044665566023302488875882202122626733555085
2772233008822883344115511116611221133226633886622001100224444005555442366665525777700778877337744881188884476885066014
30066331133774422661188228811220055225533880022115500443366776666447777557733444466007700003277201
311333377225511228866770044226644443300881100006688332200115544114488445555662211771188777788227766116655775077466
32255444422336622116677774488441177007788550088333377226633445522220000110055112877665566660044335555331144061188015
355440088442288555500446677331100660000553300221188664433881122556611558877447777666633778833227758882222448802320
3664444776622553322007733331133778800111177771122226688883300002244886661557755550055446233551100487745881528434
37733661111006600002277001166441155004455224477555544226688338822005588662288887788118844667744008722221144844
388553366334433331111332255117755777711447766774422226600886666445500444411558844001122110000220077381166118800662688303
5004422226655112244334455225666441177228800777753114400116611337788668888776677110388332333574707385818482
511224433888811442277000022554444882222003366440066778866008877330011553344777711774455775588552266884077261166304
52244881144335555665544220056227757774451337788771188668822111177264400338800441166110000888833002600144
533778877668855226611113322001100338866335588336644116655008811227777117722444400667755542288880004882466243
56688555500004466554411336633770033114444007744220055330022434666115100116600880062333388335733221111771188887788425
5773377776633000033556644778866888855880044440011775744110088112222587711443344667700772244826
58822553311332244441100666611667711557755668888773300005044001122664433880077442277778840886177018377228207623
611665511772211118811338866447711005588880022001144153300440000885544227788770688444488228833446603225577337777667744333356223314566
6337777331188226600330011552233225555444455110088335533888866220000667700776688002288116611748844624430558855604
65500555566336600117766447777444466684400338811223322634488778855880045330577222211552255111188633542016101314
67788773366114488111188008822332277220077002244663333553344774755550066005566228888666688430011000033812
700556666110000776655884411446688226600880022118866337755334488555544557777444433551733064472442288332233120
71144337788446600004488886644770033880011551111776622113311225555223322224611607755882277228855636303418872610815754538350
72255116633775566110044118877447788117644662222113300334488444433115500665522333366000055554400111142720022667682407350838322812
733663322668811553344883211771122004422227788770032443144005588007722882644550000884411001188555546002658667766188
755448833660077002200665577445555113377226633882288110011221117664466662270884444286688885588005500452
76622558855777711554488770011333344223355331111772200884455005211443388883300446677886688222077447733775800332400236
78800666688114477660011555544225522000055663344883355117778621188222288887261338844658852330033331111624
811886622117755000033332200887711664400770055882277663388002244884477774411110377267733114444554426115511230
8333311663377117733887700552244445577448822004400665546227766880011334811436666000088667722228888450022111106451
8551111332200446611882222115555888355000011440055772266553333771284225522330033666600777744776677027782448445463626864
877333311557744330000883366004422366655662211228855886611880022444477778886840054806632664700772277101
0444400226677556622776600003322224433778866118855335544552200883333111133888811771155110211468822555503664722863343070652374667377
1442200660077117744002233113344332277883355550088116666441188447755336677665566886622448855773288887265880255122
24444668866550055441177000044008822557755885211114477773377662233228833663333003388110226784876460188015123534166613
34455553377772277660066447711338833662233110000556635228877348822221122002266888844117755881188665088501144303
5440011006666111166773377227788775588112233330022007800552288883388448855335566808260334444142434746
6442255554466551155224400226677885566882288111144441166331188410000660088330033332200470055872222136
744880088112255007711663377887700667777665555331111005544556644440044228833443355886688221188441177220022660000330011446666224475222275132576133
8446600553355114433666644887755773322221155447711778822003333001133774400224422334455228833110000880044441111263388118866555500662856788076168
444332244886644111155888844002277663377550011881122003355442222117711331100777733004877466618085826283333460
44422551144776633115588222277773333224433775522113355446655661177440077000033416688553055772288666677884066208501810601264
44433665577335533772288664411660044550088885555225588111133332244778844002233887766880077771177446677554480661155110226362665614121870
44433662222884466556666000077664477557788332233441133335540110066770088777711772200468888553301118511555581421
40000226633445577441155884466661188550011447755554433881122228877221766005566520033006623332833648800744
400666611331155771166552233776633668844664422111188772200886622554433556055880011222277444488870022447777332283826
4224466002222556688228877774400005577554446772211776655110077880088333322338866663366220133016
422882222117711112244008844331188115511330077220066778888662000557766555566663355334466116600337755841
4667766338888005522112288554488441111337733445588770088661188220011557711447788333300665566226600777722555511668817553355027744042
46677558844224433666644777711665533774455111100770000663355228855778811444400441133338833225566005500327722022262376738721868882555480
488228855774466334400332233116622555533336655220044113300554477558866887788010666776607771566427722622
0006655008855226677005566228888664466631122334488440044778811117755558822551155438877222211030
022661122228822337700885555663355224411004466447733003333116655115544888811880055000064557755821111777744227787134
06611883388881144448822000088558866555533447777443377002211003366887788045522557766662266333302227122456648460
08800334455881188771166441177666600005577775511002233882288884477833322225522112266220422744464335544048155313145556
2002255661133554477112277221177883366444400338800770066226688552233246677663300882344116656604434888811118847505
22255338822442288556644448844661122000023111177445511663320667755437711008888004188668877273355552605062
266551166117755663300885500771133227777882255881111444411552288660044338800555544887766884422118833440022224200003620106
28866888844002200775522115544333311008800003377223300551166066677883344441144224477445555777711776644661111225531322
60022442211558811777788446611226622332222775566335555001166885511447700440088666655338877367720776455248
622112277004477550000773366117777442200337788885511002255557766441166772233338822660011118811552088665588448800668444643544553
66688226633000077772244770066227733774444667755880055003333113344111100442222885555225544015566553166421142018
688227711116611551188887777228800884455778833221177666655224400442233770022550011448856444466738860530000706433531
800882211443366883300773333885577556666331188115533441166770066005584776611222266224466442250448022840
8226611228888553344774411663300558811006666886677665577770022550011446600442228444488007733331111336644338875662084000
8664444554400003344667722662200550077773366001144337788442277006611774476330022331118882244158876668833332222880818548
88844008822667766336655221122881100442200337777224433225588333311668866000077115544556644113355005511114233001877574
4112288446677551166227766114400664422223366888800331177221133774444550011553333443355465522555563002200886588757051804
4335500770022114444226611880011115566668844551122775588554400532244116677663366487777117733334833186060838043000
4552277226677443377008855002200661122888833203355773388215584446655666633662044775544007777660011441111305644217186810
4771122777722005522115566114488223344667700660000778800884388853333113355111177336622666633001166557766804
111225500776611881166664433220022446622223344445566773388883300880011000525441133117755558844777727882333663376057
333224466885555881188887755776611331144330077447788440000444488337777335566227066663366550055115522660022001166441111742
55588003300444466660022881177550011221100771166225533334488773377440088882222731111361186742200552244554436364
7772233776666771177880044005588220000333366110011444488668844224411225500221155330066008266473355557706551133116633211
01122004411773377448866113311887766770088446622333344551144442255222288221100226688558800015504024666316645756608354
033885533446688227755883366664488881188008455444433335577221155667780222233001133220044114477771177661111007700600
05577227755550022331100338844554466111144220000112266006644880088335533224400770044486633668377773255222216771286266
077446688770000442266006611554477552233776633664447884088113311112211666622551140222285557322433343801
10055003388667777223311557788442244004477006644446600774433000011335533227711663344888833336666221566885588708
1220077005500444433667755557711774488006644114477884345116622437722776666000022668833223300335548885
1332266228877224477776633111155884400002200445522221100775577001188667744227711661124883388556655553355014
155111133558811445544007711774433338844770000448877775533778286557766816622666600332233110055663366746644118222552270220064221445034553024
16688772200773322775577110055333344118833776666442255224488117744550000223388228855554355888866008800184
177553300667777661133882233778833221111556622881166443366335522666600555500442250222200885001447722771688774488884444033
1888822550033008844006677228855221177116600227766114488112220441155770000555533556633336628001833144463747
2118800778866113333228833664444552233777744003388224433008811447755446622553355111177667733442200556655002266668888584
2332255664488551166003344774422114400224466331188226666557755441111333388117788336688810055550011227777662077230000444707158537352
25588772288005577330033334400778888227766551122000011336622361155660022666644116677446688645500844424755521404
2777700223355667744663377224455111100771155773333664422225533887755003300118800448866226666006688334811255588552841300
3006633661166777788665577444488338888001111002288775522664433442244555511558811882255305560003700472211320077371
311008822557777884455334400661155007711222211448866227766005511128855666633664466888333543384774424100044475010272703732
32222446644886633880044333344220022668811330066555544550355115522777744771177067766021188887788514
3553366668877333311880022004455448811662266556644770065584411003377113388530050882288834444222244300
36666114477338811225500774433221166885577888866000088334400446633553588220022442222880011117711354411877702726
377660088335500551133226611552250228811886622114477334416442233006688880000770044666677774453187788501
38877441155336688558822664477337700334466556633551133002244554422225522112200440011118888107722777755776800571
500442244771177440055225533558877778811221166333322337733886688448883660066661111007766772511441185770000254
