4446688000088662222551155771133116611002244335555884488337755333322666677665500773388552277221033006633660455677704240
40000882266223355111155777733113377552200660022110077448833885500558877118844117766333322778811228888047721666688665555314
422226688883311113355770000665555117733774488001155446666440088550022884442007722112243223333003346004711863
4666622000077553377113355118888224400115500886633117777333344776677002233661122665555885524884411445688730
488880022227733557711553311666600446622113344556677668877774433778844481177550077003300005542410081118511420060126
000775555771133331188886666222200882255337777444411551166770011223322880055003300448855887788447723665566340
022227733557711553377008888333311112266775566444477772211885511666655558844228800001100330044660066113366332488714
066668888222200557733553333444422660077551177113366330022374411114400443475401168115501252
0888822666622003377773355333311117711887744441100555522550022112228665566334455140000775577006677661607242
200006666444488882277331177557777001111333355887766336600883388555511881155002288005522110044112233226073016424045
2226666888800005577775511555566444400337733113333883300771177660011887700886144553344672200225522774422178280654235024
26666008888001155771133111122337755558833444411773333661100227777446655222200556622443355332288550033007866442388700044754
288000088666622113333117755777733770022444488111155553355668888776677882271442200143344552255146264083855084
600005577771111553388883311332222667766114444112277885555880033551177556644550044337700116688221100774477334422330655446666328
6222277555577000033331111335588887733444466881177225533005511007744778800885500226644115544336633224422116666006618304
6662200888800227733337755777711770066335511114444223344555500115522558822116611886600336688176644667004338653228262230
6882244883311773322551155000055227755664400335588111166774466113388885577771188447722228866555544226636221800245534308
80000662222668855111133775533555577773311002211774400114433338866442200882815444466336600448833207843088876634
822006622773333775511115566550033004444888811776611445577884433666633112211667722332288558800883355334222407777154
866444466220000555511113377773322885533117788003388118833661122221155008844888477001100775577465582668240263
888662222000066337755117733115577001133224455882255333355552233884444771111880044110077442400866685660644667766114
4115555116666880000882222446600775577335544337711333311883344005588778888442211001144447777225522006655362267445508586
4337755331111770000552222666688884411663300223366551188555577774477227733220044554466444422448877661088128
455773355113377118888222266660000558844661155556622114400110077770044333311117744112233228833886244880088120
477331177555533888811332222666655004411115566880055882200884400223355778855221122771166224444664451443777207700003630601
111555533337777888822666622000055881177335522444433446688771144770033886677661066441855402277223360457755180
333117777115555888866661111444422220000553377003355772288441100226600885566552244336688004455118811338824887344767
5551177331100880022776688333377552266001111442288441133445577447777118811665566667700663366148866230055072
7773355553311112222888833334444000066667711556611775500224433660088118866446622113322338800114822503377604
011557711337755332222668888773311005566558844441166228822338833334400778800442277006367776488600084720
03377553311772266002244446655881111883388550000661133335511557733004477668866663322774411448844554422820231025
055111177333377558888666611222211335577224444000088226633447700331188556600668811662766441155052544642
07755117733335566661155228888001133667722008811441100330000221122248827663577111466006684277744778655445534044
10088880066665555117733775533111144224466221133886688771122003300115577772233550055222255867700776264118455633360244
122666622888833331155777755000033771111002244445588663344772255336655552277338877441144822680440011770167646567843421813
13333555511777766660000222288883388557744446677220055330033221155884400445500665544334476841161810
15555337777331166668888002222335500771133221100117744441111446622440044884433447700333366000066330255661122665277882288320
16666880000885533337711557755113366222277221144445566447700228833111122552200665544338888223322663344886600742
1773355778800008833332222666633665511114455444433001188881122770033776644777722887711662233884422441022507744005480406
188886666002222555533115522440044882233777766113322778800771144442200662211110088443366885566772266335588770018103333864
2115577333311666655888877220000551133004444663377554433664455223344884422771111222240335500228822601188006388317777085
2337755331177338800224444225577008811116622883333663355556600777744330033222411001155118888668844000066154
25577335511770088880022666633776677778822331111336655007744333322224422881155885555221188445544110000448870114400330066820
277333377551111556666888800002266003355772244445522332200664411338877117777004477440621442588448855361
30088880022227777335511557711333344664422663311886600337744332288770000110077555500552200665211444411116611724
31177335577222288880000666611553377551166007766442244554488221111420055667788118855236656886333003388408
322228888771111773355550000666611008811227744441155333311337700116600440033667766558855442233883300568822502204334468477212426
35577771133116622888822663377880055660000444422334411772277558844774433336666446611448733003385006655115555311100118400720084568
36688881111553377770000222266555500880055667711444466441122334488773388228844332277221166661133117744562241030
377113322227755888866660000115577336622114433007744663388003333550022005566881400426612885555152
388882200002277773311555511666677553377444400886633221188004433336655771122442222881144887544110011113832664478560
50000777755113333112222886666881155773300663377444455442211662277223388332255884488885366508800110022087784340
511775533771133666600002222888877333311114422448800777744557700444400335522332266885588338822778811884411665566776611005500121
52266662200007733775511774444887788113355550011114477776688445533663333223300331100556655841156472242122
5331111775577222200006666883333555544440077886633008877773377116600445511888811228822441133447744884426776611064
566660000222288881133111177118877333355332200555544445588664411661144008844226655115577778833880044774436227700103
5773311775511338888662222660000556633770011114444884455553322115500227711008822447777887722885233661166742
5880000886666111155337733117755554422446622557700660033552288778855113388332277222266884444118811448822145506556777643882023
6115555117733770088880022223333113322116600111144445566335577118866554411225533004466883100778822442288777744881004320
633115533775511770000662222888833880077336644441144221111220088554488777711881134556606116664352255072
6551111553377338800228844440077776622771100881122661144660000550033668877447788886666775588556635770044217
677555577113311008888222200337733448811116644666622554455887777226600552277442288668855115500112000447800784
700002222333355771155558888666633113377224444336688118855447788330033887777332255667755117744880066221100550077661111228166440044152
71133551122666622330088880055557777444400775533336655442288660033773388222211881100220011445270067418384
7222200665533335511007777556633884444881111664422441122880022550011330044773322337744334407183362146
73355772222331111550000666688885511775544441133337744338866558877114455662200336600777766330088005555326528201028404
755333355771111000066662222337777444488880088331133221122551155556611447722886677845500552200330044001644602
7662222660000555577113311553377774488440088773322002211778866775511114477203355665544668888338818004444542
7880000882222333377115511335577774466442266775500668877334477220033888855883311118811228866125544445555324
811113377331155334444886666220000223355557777117755447766330088001100442266112288222277221188774400665466714
833771133551177556666000022228811887733332200664444661155772211448888004433008844553366223345225500555543178
855113355666611110000887777331177662222332255778833005533337755558844446644334411888811448822880077003384002200436
877331155337700006611113322668822557755117777886677444455666622330022112277114400446644301055222288885588403076324
0444488886666115555117733337722220088331111335522662233445577550077881166776644247700001100546
1444488886666335511337733110022223344557700778822556655883300667777220033332277664422112268000011118877117744608844104
24444660088880066227777117733557766333344332255551133115522881188226666440011661140553377558655004000336687812700272540756
3444488222266661111773355778833880000110077551166004455558877771155337700881133112211884422772233664766225522833325406
54444006666111177552222008888116677118822660055110033115533662244114466887777337744335566338855558866550011300022145
644446600008888115511335577558877111144333322223366663388447700442200774488665522555560228800678850545
7444400002266662288883333775577225511555588005566884433553344111100117711842211220081660077776610446700652277303
844440066222266008877115577335511113333117755886655227777003377888800556666114466447722555533223300220078334422141
