44488006666008822227777553311555566221133773333002200552288332255061111771188116233884433572244226744534408687
4000088666611555511331122227777117722553333773388445544880011667744228877556633003355760020664111883366505
4222266888833111133555577776633880011551144885588225544007700006600444466220022161500553323008755256344536
466662288883333111177775511001133552200448800002211553344771122225577881166332266555588550055460077223377403
48888006666551111777755333311222211335577334422550088663322444400772277446688226677664811555588556600110045283
0006688881155551133773311662222552233444477775577443333008822666644661111002200442288663355665588521488045
02222773355771155331166668888007777555544445522113333006633226644110011114488661122003366556627442844334460887855882
066888866222211555511333311882266112244440000443300227733776633553366556666003344884455887700885500557466742
0888844446666551177553377113311555577773322221122662200118855006633005544002233881166003333668820007700441144864
2000077775555333311332266888811665588771100111144663344337744884444006644118855445511228822550035662222342
22200666655777755113311550088887788114444333377334411112266440022552288668800116611005566255535882488570044203
266668800008822113333117711114444220033555566552277773377007766332226283300558855445570441155118844606
288666688000055771155331177332211665555444433440033335588227722551188112200446644774455008244102677663366101
6002222773311337755334444667744000055556611552211110088118822666622441144884433888833336588004471742451612
62222008888006633115533773333225555117777118877667744661166554477000077226600443366440033002231114411284444886
6661155551133777733222200005577118888330011228866004455444433111166556677446644887755882266338844772277662177007784241
6888811333355551177770000222233887711664444005577446622550088443300332200775533772277860066552211554111001181236
8000022227733337711557755113355448866662211442244558833667777668877406600330088220055226633484818853320104
822223377113355117755666600008833334444225577773311553366114455007722003388885555227788774488663300224433284475880055446624006
8662222660000881111553333113377117777444488773366552200114433556666338888227755550022558833228856880844064
888002222333377115577776677556633117700778822551133444466552266660011116611887733006644885588108844228244553355574
411557711337755332222000077774488886666223311001166884455444422555500885510660033446633336477682248087722773817821
4337755331111770000552266662255001133227733881155661188887711002288444455442244116633665088333300334488664400478822120
4557733551111772222330000888866664411885522005588331166333377774477550022776600662266880044884444603388240433642
4775511773333556666118800008811114422223388667711225577776600224411668833113344554444332011530
1115533337777558888000066665555444422227733667788550011331144772216225822884488774400445688641
333771111775522220000886666881122665555887733444433553300331166332233662288442255770022772211005500115511340044556244648
5551177771133666688000088222277665577002211553333441144447788331166223322443388118844558888660066330055661466740
77755553333111122228800883300444466665522115577335566886622007744888844332233882255440011885000524451302
0115577113377553322228888006611773366003388551111662266554466774400770088114444882277776644334477223333578
03377553311557711666655004444880055662277772288887744117766773322112222333388224433025688447788335368110404542
0551177553377113322228888006666111155557777334400446622338822664433330088554444887788447746881100316676027
077555577331111338888666600222277778833772211774466444422441144008855335566558877006633334255105522667716220000330048076682861
100888800666655551177337755331111442244662211338822001155441166885500003300774455664400448055226603223333663344725
12266665555115577333300007722883388667711118800113344441144008855332255442233668844662222448822002350660788777704543
13355118888337733662222660000885577771177220055444411668844002233887788064477448811445566558866775555015524363
1553311666688882233557777332200005555444466002266447755228877117766224411881111338840337700408103665583330505634
166668888222233331155777755000033771133444422556600551188004433664411221111445533220733010748784838186
1775555333377118888222200007777444466668800115511114433884455226655776611660066773311336622558644770022772211223411003
188886666555533112233000022557733884444224455226633556644113366776688008833777755001100334477004482117722027711528
21133771155773355000077224444662277008866555588005533331166336666003388884400448855668811114836754
233775511773311556666888833000033557722111133338800444466552244882255336622228811001144008877005588677782771477655544320
255773355113377118888226666000055008866444477772233446655445555333366332244001166114411006677662844352
277333377551111556666888833117700008855226622884444335500777711440011880044110033002644772486778600513361246
3008888002222666611115577551133553322777788337733445544443388664411442211771122006655660011005500770044881166776688552844662
311557711337755000022226666888811660033332277335511887744225544447700772211004400661122334433886633662288330488265844664
32222886666880000115511335577555522114444771177004488118855338844007744664411661100660035442255056622667766587722412
355773311775511888822223377220000666633008844447777113333881100116644556622558866555522660033668677661077443044102
36622226688881111335577551177333344004488003377228822553300667766331166110077770000555566558833886666447744208
377113322227755778800008866662211551144660055443333661822442288884488334477445522007777002877655500301
3888822220000777733115555116666775533774444554422330011776600661188662255881133336644880044047788557711221144127722650
5000011773311557755662266113322336600774422776688448855118822004444664477003355333300222211228833780055552246334066554866658
5117755666611330000222288887733115533224444008811443366337788003333883344665522770066882200776622186600104
5226666000077771155888877331133221144445577220066884488551188008833337744776622446655486673881111022168230363435
5331177338800008822221166667711337755554466442288444400661111551144336655660077002266220055776688886011023457224
566660000777755111133332222888877335577112200116644448822445522330088554477883388446622114400661100442266874435850534155
577115500006666773322228877774444002211331166335588118888338855112200884466886655660044880277662267524
588000088666611115533773311775555442244660055771133556622333344482266402222777702884766772258774881020
6115555113377773322220000888866223311001166554444553344774466776688552277225577002288004488443388783355006644156
633115533775511770000556600222288883366664444227733226688777711880077224400113388555544558822550166111103335211448866720
65511115577333377222288880000662277558855661144441177443344777711001133112233224422660077666633664488330033540
677551177331155338888662222000077008833776644445522668800332255443344111122885566557066118822446668723
7000022665533775555223355111166888833880055663344442244557711008866004488776666117777333542774286478180603
711333355551177662222000066888833115533880022337733664444777755001111884466778877008855224488226600442211225722761
7222200883355773333880077551111556644441144223322666625888877881188552611665555448820668866701120553400210
73333551155000066662288887777002255557711336688552222330044881144005544111100112244445566007766116655884424753088380
7555533113322228800008833777711776677330077881111442266668855447744552244002255882200550066557155112611660411864466343
76622226600005555771133115533777744884400887733228866775544770022556666336611665511110066882033444433338833504
7880000882222666655553311558844440055221133777733334411112200206644556688774477663077554488551177014
8113333115577775500002222886666111100551166226633444433553388006688223322774477001177114400778877665555884488552678346
8331111337755557700006666222233225588004444117733887744224400886688551155665500553366776611660077114888402788172
85511335566661111000088775577222211667788225544447777333311228888664466224433771144553342776188480060703
877331155337711330000886622226611444488005511117777442200332211227755550022552288558833556666554466443366333344118844782
044448866662222880077553377113355111155557777333311008822668844552211772233002277003344778888114400665566001166776611883244200
14444668888333377555511000066222277335588771133111177886600221155001122557722443300445533665566116666776644777744152824885424063
244446666000055777755331111338888228800117733551144555544778877222266886622702844332066336618107083740
34444228888111177330000226611225577551100667766448833553311337700118800885555882222005500771155224411440044316
