44455004466008855224477886611555588005511002277228877441122111255440077334488443366776688882266442388337700632
4440066775566880088448833886666443344117700004455818033005522223366554477442244660633221141628787620277333377771267231355155535057
444885544004422337766227755778877774433555500882244665522888811331166883388007711773364772222112200658840551111502
444332277661155220055330077004400224455006677446688221111887777888866663377557733665566022177214388064628154848551555883
40033222277444477000011116611330077881155442200552266882255006600446666448843888855777722887755883355667733776333618801034
40066113322771166331122553333003366007722118833555588220022334466224444888844777788774455775544200046886666776650111177364
42266001144884400552211664411222244332288220022551133881177555588007733554455777788337744668866110000666677003311544653471183663620872047611
42222666688770066336644113300001155333377338800345544885566552200225555886622888822114766008837550047874715172
4660011442222665588441155448833553311880022111122556622443377444477668822881177827774003300005500463333661100864
4666622884411880000667788338877114422334488222255774400776655664433661111777855333355821133110033002200126
48866667777555544441144333311335566558800223366001166440077881122111155104477445577330277224422228822087718546
48800668833228866556644662233337755227744443388885511441177007788440083661166034211222201350
00011118811226655003355330055115588447722555577771222886688776644446666008800448855441677337748333366331217061753878342720242362
0220077006622773355118866664400445555667711005588000033222233338855226611682211444411777744884477228877881463776240831343630
0666611882277448888445566221133880044000022885587115533334422331144335522550055112200332222441100111177008477667733778466530
088667766117744881188773333554411001155662266555533664444331133002211222200005588882244778855771112880322352
200440088003388115588221188448888555500226622441144771100660011332277223333005522886688331126773377887700007744336666116644476
22233778877773388666677111122551155664411885522444477220077661133336288110011443355334488855544006455004424608
2665522442211885566664488662200447744554444008800006688223311113333773355330033883326007711777700110025778877641144643
2880066554444777755773355117700111188442200224466415500085555331133336611663377110833486
62244771166774455773388337766886655003344441144604422118844881155222233670055678800882255554322772280111177735511207025800
6663355110077337766777788000011668866003311118833664455447700555500224433440066552233008811338844446200482277114122826155874
688554488774433331111770044447766552222556611330077228833762200334400226600666671221188224011005500886638816641453
80066001100552255884411443377226655334466332211664400444477638877554422330000774488886200281111257777303
822667733440077220055443355001188880033885511447755771155224422856611663334666682111177660066427700002120874
86666776600445577441188220033338800775511443311117733555544771166888833002255334422221122440011005500662266552277700082848
8885566224444330066445533334488004422226677558844663366682277678833118811554400335557338877228860223201312
4110022772200005544222244001155776677334488668844777744446600888822330033332266662255880043665521218145313
4333322337766117700338811001144445544002288330066336677335577888822552200886600777711116622441188775555885530448844600
455668822220077885544448811447711002288776655550000441188335588884611773377774633667722338522564120511
47788448866003344552244002211883322226666220055113377775588771177007733111155774411001166112440668811482048076676350
111222288557711558811774422004455668877555544440000223322550088448866553355224466776666337777336644772888338801882433178
333442200113311446633224448110066421188337700887733003366667766550022661166885566228888417755772547771385258747853515500040705
555770088881133550033337744660011445511887788447766220077227866442222331155330000552255863322665566766
777884422336633227722886644552266771111004433006622225588116688333355003388000022005533775577331133446666008477617705556411221144024
011117755556633661122447766550066008888331155334466221144110022228822772544000444884433338877880663042458577717086747381
03344883366110077332233776655338855220011116633557755550044005544228888777711226622556666882277222214558866070
05566226611445555883377223388776644224411007777448844008822725500001155111133006655333311881176332466888854480168612
077664411660066228800115511448833775577332266770000333300225588442211224444554403447611117311882222735
10077444433885588220066226633116677228811335522224455337777668877114411115500440011227544884466442473202366166343005080300
122887788110077557766115511884400116633558111441133338422667722336622224200006600330022553377004555471176550055264
13377885555660022447755444400001100883344223366446688662288882222665522005500333355338800484277332161417777215
15566550055888877884400883322666688555522554488662288224411443362000044774444623300333311222211880022770011334111771168110077206377535767377
16644004488114433885588880033555533112255006600774444556633332266552288227722220022354466776614277700500
177446622775588771155228844448811668800441111003311337722333344773422440000114432118885445511257766306617778080207
1887777110044550022888833226611442211223377880000334411666622776600558866551115668844447733336633008822224466772205225488535
2112244881133668888772288334477000088555511007766117744226600330066550544116633225533882277778844467733771806275646686353331
23366660088668877443388840033448044115582661177227700110055002244222255331144445544771111221133775511855577333355663302820
2553311228822110066224411117700114477336688557722238866443333444500775555116655437766667740461136388
27777225533881155880044774466555511662200883322667766002288222244554411448844221111006645007700003300112233666613773343386638771885205
30066443388882266555500554422115522883344777711113322002244448800446611225511666633114843773355775533336077672277408
31177881188002266772288663344333322442277445588440066222833666611448877005511335535777711116688854444110011252560308070400505515
322886611115500888811443311004400221133558877776666552200003344226644118800667744554444662246885533338833778820775577312
3558866664477220088775566770055001100004400225533662211665422883344568811884433337733111144663061224411771137644
3667700555522003322774400228822224411225588001111664488330044773377775577242855335566554711413333417
37733441155661133007711884422008888112277554444887766338833664433332266882222116600665522885788014467440722486
38866000066114477001166880044005533332211118844224433446677222255773300881177113266664411056635115544887788558885552446265
500775544552244884433664444111155331122225555883355772288886655666677770033447766001100006633773333005233226688004466120
51188552266005555880044772200332244887777556633014466771166554122335533888866668822776611770577422
5227744003344114488668800666600885533661122667733117722330055443322888811118877882000447755777700255511550644663424544
56677661177882255773311885588335522662244446600334488807700665511005500115555330000220044111166668211332233337722777754047
577001166667788447777445544448811773388555588883322664422772233115500008355114411352222446622007766302212825716865756160
5881111226688222200550000774477554400660011002233008853335322446677336644334411687133744488338800342
61100116644332222550000770022111177556655553355774400551188883388442266004488554411444477112200330086773344672
6331166226611771188334444881322557733553334100088227700174455665588880022007777667722228866003877884472146
65522770000556633330022662200447711003344221166884488553355440011117744661122882222331133881155773377660077775511464
67755882244884444555566220044006600880077332288776611666688664411117711551133112885337744333344657
7000088336655557766007711441155227788777722226644668811601122885533334433554455003300558844447733774481802
7117777882244550055112211330011116633223355886655227700260044666644443344774488883388775577206611884800008070310671554621453685556
7224477770033887766551111332200008833771166221188005500110044666688663366448822335533334422555588884437441606156678157544052
73322550077446600661133330011440033111155775533778800887777117766770288885588338844772266223344335555663366551222445544120
7556655118866000055550033668855445522006611225301334477444488226666771166338877888411443222442211110722370
76688445511553300006622113388111122005588225544333377118800336600875577835077004411773311444611002272334646566
78844220055774433113366554400008833886666888811115555223300117755334488773377110033224466460022112255116633558855667766226617722
8118844445577337755226622116611000011558877225500774411771466006666330055665555176677002200442244031343868642736
83377662233007788115533447744220000335588667755225511771133110055770011665554118888221111228850445644884611468806660638726222724
855447788661144664444557777440033770000110055880066663388448811226655118888225500883300220071553355223344111133332044331688742605667625536
87711446611888811663388442277773333222211000022447755112666443311558800334411774444554488555533005566882655006600440576283671186
0447733114488668833446611001122557777441133224440770055117711888822778800336666556622887722050212226235881525455
14466111133662211880066884422885566771166331177774455226666550044888822220033000077334477664411008866038877024433554444015
2440088116600558822666611002233883377447777225511336655776677886688880044885566444420607014100038454
34400880022110055228811223388887722006611668855556644773322777766001111778822446677444433550077553366558833330155718
544330044778855224488113377664411661111883388444400331100008055665511773322555530222211550077001144558286067727174687775666362
6441100222244445577006622771188220000338877776633555588556666001177440488667882114466826333223312825473736344243
744665522771177007722337811667822228871553322000044888800666633442266003388662255661100113366884474002211224435118445850
84444002288116611553366222233335588772255776600668800001188667700777733883322446664227788221111004122608888550035117555214560554
4445500335522114477001100227788660044330077332222885577220066224488774411880005882255551122661111634423884465640835354151317717576778881
4443333006666000011774488557755884411888822334455551144665500338833556622005522864422221100225543226633673
444665511661188223300224422008888445555663355003311117788558833805577662222541377773333226677227744740
4443355226677885555116644774488441188661155008833113333001111221100332242334000471177338277222200605
40022001122228866227711116633776688005588118822330088554433550077334466555511406666772266488833887788475533624
4007755228877334433337788663366447711338811442222332200221122774466661155880011000055118888557700330088225500462268355565484
4222244443344111166667700668811440055226600884640437788338866113322772211882200117755007766551366228877402
422773366222266337700557766441188772200880066771144445522555511333388665544007488410000330022334500458811516
4664488004411668888777733660065778864770022225511223322114333452288227755558855626
4667755222288442200776633332266227788336688666655774433116644117711444400221100445555887733553377225511554011224777082233411
4881188225533337788338877442277223355550011116600004433224455444477334466336677665588886688556666117711331155114055775520662700230036408800784
4882255337777003355114444227711330055224433220022881155776644775500118800006600873366555566662233331111222411045544667684038346163
0008844775533115500555566003344222266778888338855118800774400441146111122001215254700666633002766557733758
022553300007744112244442277226666888877337755552288446644334455001188335588557777882655114677063333816
0664466558877334477116677556688444488005555112200441144226614557722228833223355002277770433337788225522138
0888844338833662288226655881166668866775577447733111100444455663322002222112233000066442244880011887611733351334052725
20088666644338877888811771166553377770077222278552266335555445511550055782233221122444411440044780
222333344118877000077113377882200662255664488003322885588110011550055336677666611774455552266551166002355743311114463840
2666655880066221177664466002288661122447700551188116755220000113377338824115533335577778833104433444455448877442077130
2884433115500337766446677113388772244447744886622336666882222761122552200221188330000880044007555335588554455742
600334455778822441144002288551111775566773366881188332266113388884422115555333355886633008800666654823317222766437700462
622111155224466118866330044002288885533551100774444556655001166005133668800666677664422220088412233777733331177103
6660077334488881122115588008833886633330000337744114455222287220044664444225544775577111177770011862266556670661243102
688774455331100448866440011558822667711225555114477228855665577884411338800006600773300336666222200888466337766111177721163523
80055336611554455562233110000443322448833777788668877444711333388117766330066667733426640335200770011116600282
82200557700663366887722552277330077446622228888556677778844338811444455001166553377111100441177666612447755554266080318634
86666331188006688333300770033887733448822000055664455558844337711008855772222777766744422440022536044111122113462628
888441100116666887733004444662255445566440088336600337744885522226611117711227777007722118811331156332233338866514
41111228877001188882233005577227766663366226600661133335533110044334444886744555500338755215541407733700
433226622886644556666558888116677334477117700333311336611222233005555338800448844441144002277885522550088224422163468375727476770106070087
455662288113344000022773300337777008844774444888866880055772233221103552266550822555533663333115544116611114755883246420
477665566882200117755558833554400552288661166443377884411444466331133660033880022227722111488773340057712553518185
1117722771166118888183377446666002222153388664422662255228877884455144433335544006655667766832233605555003313404240008012007
33366000055448822883311556655334422113388885588775511008866227744550011884688111165222200478800224722603377332067130
55533003355885566224488223377776655000077886644226633110088447733334400443366006611332200111177114411828
777446688882233556600224488001188557711772200664411631733000055003333443388170044440072854455308
0116600558800334455337777223388554433004400008888442244110022668822117755007711113311444477006611222277336622081158665677664464883742587
0337766557700007722112233661100550011330066035588663344333155114444888811667744662288225555224455366222620275640
055007722447700334400001100228866881155884433226633112277778877335555661188885544666677664444882200880044560066542717475623630378338
0771133443355228822558844224444880066441177555266004400508853112222114477667777887733227700003330268888366626311161001467472
1000055111155223300881122003344001177664422113377118822773333556633667777883388774477555544558866550066668882662255344464124
122886622221100116600774466884400442233113366555544556633448855158815000088333388887788006612773322682252435203075727037767771
133223300887722007733666655778866885522664422554466116622448888338811006600337755558844551500477767100
15533883300775566333355116611337744336677776655772200331111442233228800224400558811882222110000444477008644806
16633227766553344771155114400660044446663775544883311770000118877335500557722008888133300336233882288026
17755772277447711448833225588882244337700664422666655444455333355003311002233005511112200441133881188440611568876385628086606716
18833557744225555228855333311004411664433440022221138001144445500660088882244887755667722777766126688666656320077881467173478423
21166556644334477668833222255000011112288110033004411331177445588771188557730554488886677882244666611440266215
2337788226622445577335533118855441122550020007766444428114433667755666633338866115300888800660011003348777701665841317831168
2551100004400116677880088113366558866443333006622442222885500770266882777337744775561444485445555715523441185332123511
27733551155558855661144116633338800774422005533448877118866001133777700888811223322557766775722228833000066624433144460347
300888877336644770033116655007788668833335555220055446677663344115511440022880000113382445566662044261125860535710181117
311228833002211550011661144440055665555447700335577884488118888773322007777445522553388226622333374668855880088660066742
322221188226655338866444400117755776633681155550022443311216521113344680000330077008833777711004511485568873787274
355446611775555331155668888447766445588667722663333224433444731228822552200550080218655770077406
366008800004466661188881111776677447788334444224400664411552255665555335511663322773377770055403333882222658
377220033661188882277885533114411552222551133004455448800881177443344228866667766484233335500001100555586338216560686232
5007766446677445588111100447711330066337722721171442233440088882255222266555571666614448855435533628
5113388557722446633226655448844337766228877111144115227440000880033006600247
52200228888443377774466331155114400113388778866221111775500660077000080432277667711222266661166530
53333770066773344771166887744001111228888666855630044448811884411772222114422445555435522507323638
566888822447766446655443311112211448844553300440055225500336677880233773333555177441133828711663344422
577882211223300666688116633886644227733337755331155228888556600770000551111004444555544003355883344887761880255022
5888833008822446677663366662288556611660011550000442222005533223311113355110033443382554444774485552755770777318121714
6118833556688000033336622664411663377778888443344446677665500666122442277117755772214774077387700885555386
633777755886666225500668800331111224455771177220055222288770011441344251466007766443366774444004000884650233358581
6553377225566771100447744331166228866661188880077557700224466883388777733642277644455551155220000848111401175806
6777788550066117766444433886688222211118844662255114477110077554400332288002266000088824455553355666657441163337233420
70000886644885500223333882244552200772266227711110011660055551155334444335544225566558888446668330368113311232
7118877446633447766227700775511557733116666553300668811333322221144112233550000555588554422002254008800344048884831028822426
7222211000088112288880066667788334411882266885533777733005566448877440022333366224455771166552255003355886115551422007444743
73322771177446611554455004444775588556688884433001122442222886677223366687770755573331133441111621
7558855226688660011114466222244555533000033117733223355115566336655770022774422512288113333880088883377887711007777247766441163444480543064004
76633000066551100115566771166664477008888332233441177444462442222005588118844555522611133337733553388775577880044303
788666622661166336600446355776177556400637722005588002255111100771188447774883311333388222232100038108015450535552
811668855333366110088772244332233005555221177664466775577886544001111441133118844773377774488338822770000220044226222503350634802888
833884488772200336644114444550044005577330288113377774477022255553344332233551111771155442277552211224677861
8554477222200442211441133448800112233550066888844415577773377553300228833886666776600882255864627007630365
8770011220088881188446611336600772233550022775555440055882244773377110033332288667788551144334480025566552777445666863
044224488776666118888443322333344003355446655222211550000770011441133885518220622660722544457773
1441177556622557777448866773311000022224433003355882288444400445544734466442113337666105555306
2441155000088667700668844225511446655888822220077228877883388556633664488016666076623773344333355332777117744775555745544012
3445577110044772211777766114411226655667788337744420022228800001111662275882243225888668813884312333300335600663366687
5447733008844007777664433446622336600663333111133551144224411005588887722880044557755553662552222771177800
6442288330000772255221111885544662277666600441100550066553344557700884448226677556611222233668863224777337711774801333388716
74411442255447788668888448855228822005588112233551100440033221117226622227766663388336655664333053312450
844112244888877558822001188668833332222662211556614334455228816660055335544470000330022338733674255006370807045131275755
4445511666655888833773311775533882211880066228866001133668855774466314400307777115555225544222277224477002644304
44400330044112222668800114422406666118822115511331177775566227788776677337740555533552388333366332866558855710
44400228800115577113300447722220077884455441122555588223311443377338877553366006644886666326671000051865426203086846
4446622440022778822334411556677335544776688557711888866007722110088333844852252661166320
40077885555775544558811443377222244884422762288001155334443338822550000663311112211002876061188366
40000444477557766446622770077442248117777226688556600663311118888001133335533773366671155110033883300882211223342802
4225533222288331144117733660044772211330022007700887711663236448800118855886677662266112561005555445511188844044
42288006688665533113344338877111144888811007766330044551155226644770055557722550088446611667744117780112211800022075
4663377551177442266227777338822445555441122001166660000668888332288118877880025776677215566552866444433661104030311434
466664400002266332222006655668844774488885511118877331177110011558800330077004603335533855522550133772233475
48822001100336688880066008844772244663388335588557777552266776667881111225511441155002233222211331177118053442277445377040334316284473
488776633338833665588552277114433557722225511553311775500532211224400882021334444668844518106111677364
00022006677552222554411115588666600338822777788885566883300440803661104662266332233331166557733771133442244417768114841274728770
02266224433441188335500115544555566447788000033113388222300444166777733775588774088666688881177665511114055284
0664422007788773355662288332255551177554477002211333388227766884444886666557411553311118880336233701122404
08833111177774422223300227700660055334466333377551188557730776677228844361100354488225522114455888816555644100
20077663377446644118833882244556611225522665577775544222288001100584400003300221111470048773333123368885088632723581787134
22288884455114400664488333366887766330011557733556677000033882266223322004433442655005544111133185
266441144222255662288447766000055445500443300333366335511001133885533774400778822112277220345223611771115777755558877365
288554466660011440022665533444422777766884477551127448833555500003300557700887733771155662640433388018
600885588001144005500337777007755776688664444772255113333445544882247111100004788118222028533655563215
622770055885577774422667722113355551188002222556688883311666633228822443377117766120077330066003333447785336085444480152
66600113355226633115533223388003344554477558866551177337722555244667766444411440044333200778888227711881111642
688113322118877337744886666554455883355775522228855664466006444001155008822007711004433447788003300024411442277288
80011558855005544111166584400881144224453778866338877334488227711336666883322226622102254667766047
822002255226677223344661188117777332288336666007711114411338800668844333355445566447755770088778855112211544377630862731248822
8666688884422110033443355008855661166226600002233220044111133774455775588007788338820677733644877131307233707681
888221188662255667777333322004466006611448833554422884411338877553300772277666633771177001166555511552266845502331111044401234
411114422224444776655885500557744880022888822110011338844337722778811556633552255440066830000445344662206117711260
4332222001177882255556600335500006633118877330055111122885577007766442277558866888022441144447711008344554463774482615534016
4558877880011333377771177227766773344886633110088332288443355006655316688882200002266442222552214470055424
47788550055440077330066224455226633771122884433442233882211553333558866444411336611446660111177000022003741004888376088077
1116600552211441155770088225544003344668855332244777766330022666644227788775588883377223388067711773333665566184
333882244886600007744446655337722888833668844777755881122557733555511117700664433115522113322771188550011640088002200403
555006644004455885544447733667777002244222277660058113311448866330033888800008833332288220011887433510
77700885566773322223377224466115555776622118800006600110033666688665544331144007788448818333344442200228522726
011773355660055440044666622887755336633442266111100008855220033776677002255888833338844886680607144555511822214143
03377557744332288555588113355661166002255441111001144221188668833880044770055333300776622777711773311222511550084544
0551122333344770077221111554444114455002266228811885533667788227744888844000044222255775522403326887555663666164
077115544003388116611772255886688335533778844333300551188557755660066448800442277446633222233441122662204447706765
1002233776633441144004466443322771133336622111155557745001122666677551188005588553355660033888822881088778842554247252730600077077
122551133663300775533316666444455442266000088556655880034006611881177772277887766774488884502228246268
1333366221155667744553300337755004466441166557777008833225511227711005522886688881144778822226633887722042244335184048171144343166602361
155886622778877333322880066771100448811777700882211883311224477661166553300335500225566885555220266643378844405746
16644225522335577888866110077553366558877220000550022440066660033330011745566332222668855113311118811508833884466714
177660033556622440022888844773322115533334455222255886666777711338855001144661111000822674411251167857544837425543363044
188330033663377224433551144665577001122775555007777881100887711554444558800666644888866884400005533332255228855660041667766138822322
2117766003355880000222288331133888866226644557722006611256677004444114433446663337733011157774488587754282
23322776655225588773300334455553366226633881134005566884444300077550044110088222200666677116611777704660426483151214188886851180
25500775533111122224466227766441177115544332266773388777700221166118866660000113333557788228811008800558834006688542
277008833880066111133331166554444557722117777550044666677662255335566007788664422668011000282023303437322436
30066882211002200776655774411660055884400114422331155444455556666224488111122880033227700826523777783633343817751871727335
311551122557766555500222244111133004433888877556611882233337733662218554422660055872200006700874444007777827712845
3228888443300224466778877005500441144445555883388557777333366115533448811666644771177442211226681118544003082300
35555118811112255775566888866773322662222110088771144330000224410553377440066664444884455003333442200746633885522347
3664400444422881177886655550077660000666677008877554411661155111144553355225566224433446844882203331133773302118322772261023
3778833226677554488002255886600885555664433887777331188221155228811330066335577447700761122442200001100440031605
3883366114411001177000088224477442222557755550044335588771166553344660055445400221158448866337732664442778722820622368187677121311
50055228844227777556677001133774455551122226622004477335688003388336611772233444400231188881166446666376650887788215
5114400115577445566332211882222775533112200228800668877110007886655558844776666443355446677772266225522336603334422444481641111713303738
522334433338811118822776622885544664400447722444411221155553355887711667777008866551174556688405570666630100020760035061
5333355448866661122775588116622880055001144668833441177110044336677682244000033113300220077006511157777342470844
5662211881177664488661144007711006677882233134466003322551888550010887777222266336688447744445534228546652
57733883333441166445522666633117700881111558888660011440000777755442200665566776611887788553377228822335555022274880322443364721
5885533331100003355002255557711338877554455220055665511574433004411444477667788446644883344024422873637061726866607762
6111133663311442288776677883300662277748888000044554433558866660033332233746684726655664011551175338022224202550211018571252165534
6332244662222114422330022774455550044441111338855778811551488003333773366556666006677668823443777000075408
65566334444330033337766664461222211555500004422001111881177114411688844882255885522447744502233227733687722886780775080540
67744335500001111334411773311660077661100554477884400223366448877118855225533775577221122226666558833882200880066888864204
70077444488222288000022005544551111773333556600447722776622334466115588118860885533775555225574221122632243014108488365038163113
7116600007755118877221144115555338811008866223344226644885544333300112244550055882221140033544688402656777786166
72255331111557777668844117711883377882222665511001166444477445588740055223355662200448800003300881144233383402
733441111776688444488004422443355882266774400553311228877557233662255115555002200885544556655222278330466114471032
75555335577667777444433004455228800331122001100881144002255116666115500073333223344224466336622668822111132227838487886456
7663300003344777744887700110044667788008822113333664444116611112222886666885577558833115555114422553355665522337733220055445500772246006622681
788004455668811336600228877117777331100111144888866441155440033000055006433444422446844775577223355332215552255807083751272026333822
8116655111133446688332222773333772211776622445544336100441155001144000033885577002200556844447078882868780304231524835555853
8330011223355770088440000222266003322550077664455110044338888552277333311118822881155880422044466163666553622168
85544005511335566555533228833777744771100227766006677557700001122007722331118445522550044666633444488664422668822403388136
87777664411770022226633444455007733555544336622006655888822331111556666003334705511661120086688118835213141080858467
044118855330022776633112255114422336611008800334455664400057788772222882211771166881111332266667733352247758
144664400228822007766333322447744443388665520001177113377772355558888705500415578556088106
2441100555588331144557788886600775566770022336655111166885533444422661177118800113300884477443322220044003488250
34444668855884433114488778811773322661166556644003388886677555544222233337711882288005511115577772255347764552211227740113022000
54488002255004422883311443333776677003366665533006611226632774444113466882222008888445511772211118855224477110055715
6440066115533775566663355008844885555446622007777447722223333114766558811883388880033000011334688660022111120567
74444771111558822776677222211004422664455338888668833336611335511220088557777337700228877555500554400001800384
84466661111001133003322555500222288663377881188557711558833554455116600882277224422334444773333888877775488000364376417440
4447700335533440022228855224422664488115500551123346666117711888877882600004628084161476777413107211
44466882200002244115577330011006644008866661111442211226633667788448855225555887755628833445544777722776055022
4445500118800334400222211770088114477225555332266448833337777557733006622335566882244116655228866778888551100558877660001161206366274643844254
444008811007755553377667788882255777722756633223388721155003350118800006600220044226611222466664438662454111144748
4006688883311661122557744664488008855667733443377222211115522771177782265113555401100228811884055300030704871486
40000772277887766222200333388224488443366770011552266118866885588331144553377447777111166663066005511008811246640455568088
4227744004477552211445533222244337722882233663344448855773355551173318888668800881166660022550066220000558844665566783155411122664
42233334477113377664411114455007722662288222200665511556688880022552244000055558814443322174487330033654460127
4663388336644005544441122555533550088113377111188001144227700006600777766887788882266774431772211661102228622456662320
466112244772222885577332211775511663333114433880055553300888844886688778834554442002566665500667777607
48866002211335533114477881111772288558888223377773388332255110088774411884466812224333300334446461155667766357
48822112244771100667722880088661111664422007755662255001144117700445544334466603333558833002277773377444888184
000771111001155334477338855112222446688330044077755558866221177882208876675754455264486550633335311814433744
02288223333661111004455887788112277337744883388880055118677117766552266857776008222444400115566225500666644220033221433454353130
06666331111228811444466223322553300550011661177556644557722102244883344770033888800885588778844177712774045422
088773388004433771133551122882200556655776600110066116622770022330811447788553333444412442844854
2002244228811332388554488770055666688003333662188886633441100667725778836000088445555117711215500775537773444774467614
22244333388225522666644771133445533111144886677662277223355887700663300444411555611884400774468117777888800885288375000503
26677883388224400112221004488662733115511447777556633774444557766446666887711336655558888133320661077003300584
288885522004488226644661133117711114400115566334411880077447722112244227777887755776677037733886688436666554
600663311448855773300771155000055116668884462604444223388333355332200111133445522775555443255877700328
6224444554411448822007777008833664466771155660000116688773300225555332211223388117788004433557755113333774477610
6660000665511882266117755884455333311442255771166448877881155001122110088003300555522223344772277774444332244663366776688662855641400483735488700207
6885577550088884444772288003366667744116633443322005544001188335533311177886655558822773644524462223482606252107020442
800552211551177111144555544001100666688226677000044886611662200223333663311338833557766443344418877775588803377307
822116688447777558833445544664488004666227700888811113333115533228177110011826611273366330033551140774566000066750
866667733118888775588556688441100557700337788222257660080226644442211440044772244571133448333501111606
888773322772211550088446622881177445511110011885522447711220066668828664444883388004400777701442633335676160316534363037
41166774488113388662233771155887722553366557777552266882211778800003200666084770077622555001100551111840044244
43366006677223322556655005544000033884477663377004455113311224466885588886644887777557788255523553444116611118421014
455664444002266228855773322336688112211114411666677554477425500558822776633770088883333113388461177110866080
47722226633338833776666110088778888116688225555000033118866004433442285662211227700224444873466777711775522001111306655107
1115511883300664466660055550044442233667777226622227733882255634488117744552288775577885588880088602
33377773322880066005577004466661144112277665566887722443388440011334455881111002211882255117711554444220000331166330084835
5556677117788226644112288003366222277445511558811660066110055000077001133553333008855442488777723240
77766004422882222001111336688553322778800330022117755007744088166663377333355770101443344446644723311225555145583862566152546765
0118822558877773355771122007744445511110066334488440000888866885555337046552222333055402248083288115566660266127
03355887766771122555544114455775500664422774466332222007733770011661188338888113333002266223311004400566688228842417346560368015868511
055002222338800886611114455448877778844771166337744224400004466558833553300332211220011881155113333666604144438555526264678288685756
077114455005555668800883377665533666622770022006422221111001177223355443388112255118822888877441155775588504444673
100774411555533448866882211118844550055117777223322667766336600661166552200114400330000227733771044778466224433122
1227722333322443355006600114466442266880088884488777733661166225511007711775577081111555522113377847744553311865544467766330286620
1330055554455338888228866116633221188006655001122774444115522331100881111771144884466772222442266660022000255668477558517662734077786443
1554411332266333344668855224422258888117711118823667766110077770066001166447744000044445500553620843
1664477220077334422660088883377110033228800667788223305887777663311885577015555221111345544662255344416122
177774422444477553355887766772222882211885555114400330055448844661100660000483333663345665575023386820
18844663300111155778888007722441166000033336677553388786622220022332255551100554400881133112433550066885588365
21155000055225533555577228888337700667744114466884444887788662266110033117733338477111133002233220046427755622
2337711887755443355888811663388665511555533114444113344662211226614552222460077770033008800006677885577468830225567604
2551133337755001177884444220088885566003355331188334411116655222211227711006633824455866644668477007777240
277443300332200228888442255007777006655663344886644551177557711555588331100008877340011221111341
30088224422332288113311558844554488666622226655778888772200118800007766771177006611663277310
3114422226655664455557766225522446677558833551122002211663333888810884488777744447733666600772233778066805544140
322447733006633331166770088005500221122227722888822552236441188778811557766554488444406886615556666245514643714275587477
355330022663322007700883388886655448800003144447711301122224466005511004422887788277766885577367745661188111166606
3664444667766888811008800337700660055551188331155001122333388224455443345330000771177220048661166557111421132825
377445577335555007711778822115533448844775522446600661100008888666655662200554388002255116677668322772282336307711141218
3884466334433662266116644556677770022772211775522000033110066882224447788773377113655448888555588607744253
500554488885588334444222266540000661177221154110077111166227777008822336666431122086688714
511552266220000221122883322555577006633445500447788448866008877224422773333661111771188554444116464005580335533014433777767510
522778800555566336644441100886611774466553333001111221133558844334400332200604477114422551155082288772222477753738
53322443388001188881144661155111133666655440066226633007766770022110048223333772280552222775566831123408
56611881111554477778822338844665533336600663377550000112200221100887700772266222277667711773422544
57755550011223322883366556611118888554477338811771133778844442255886677220000330022441166004488008622226684007644563
58822008866337766224411118833660044666644332255773388880055226688556300771155112211440063554444774422777758113311648
61166664477440066228811772266776655333388557711008800551188886633668844883322555500222200442211112277558155443377000033046
6333355331122446644556655550033228888662211006600558877227744440027666688554433441118008833001473748
6557711552211222233558822448811447777880055556611887733331133443300446677550077445544441512000066442025336633770038884400185
6776655336644445500113322448800005544008822221166118833555511225588666600774466888855772288111100220063884422604
700001155448888446655777733118866776600775588774411442211006611333300336688223344427722408523771500463385302
711113344558855551100880066223322007744114422224433667700001188668811221177660022777788226666556611663400552
72222440077550044448888773366778866111100331155114455226644663344335566227700001133776666884414225555777740220055885288206
75555332222003300004400773344556655447722886633557788441155001177661133664462558877006444888811614
