0008888226666221133771155111177335533331188665577774444223388441122772244005500110066007705552811448806168
01155771133775533222288880066667733110022774444555588554488777788117766552266443355004466333344007722338822536622461166020
0226666228888007755557733117777001111333322330088225566114477224455881155118055000411065534471166460
03377551177331155666688880022223322664444777711330055776655885555448822446600445522111188778866228844220088112400714
044440088222233775533113366668855771111665555443322110077333355225511550066002208117777667744112833447706248803830
0557777551133331188882222006666555588115566335544224444664433440088771177225500227700774800001100462266773781416
0666655117755337711332222888811550088773366334400005555774466224477778855443211661100220016027708026
077555577331111338888666611552222008800444477667777224466005544002255333300337744334488442288335644514411268
0888866222266001155551177775577333300227711113344665544338844003377006688004411007722332244225833618811682
1008888666655115577335544440033777755222211333311887788227744111144336633002255884466480055556622660078300045306
11133555533778888226600224444665500117733887755663311551166110055771122000088668833223333447744330666770622228855884422552214554488072
122666622888833331177557733551111440044880011553344467711338866800033007700220055006655224766337740860
13355118866665577558800222200773377662233114488778844440011117711004433225555006677447772885524663333661166083
1444466668888220000335577333322117755111100550044777722662233887766771166555521886811541138548
155773355113377222288883311666600885500226611001111775566224444007744336677776688445588000033334411442200447711286633253308164
166668888553333551177770000222277115500662255552244332233665544663344113300776611001188664477444455667422004111487266028
177335577880000553388222266661133334444667755551111002288663300337777443311665544227722501477060833688813240
188883333115577775500002222666633771111444466227733008811228844004477667788551133665533886688774488235544143
200888800337777555533111177332266665522771122881155004444330055663366774466222211448833441166113333882244086608518878410
211337755331155770000666622881166885555444455001188333300226600448844663344003322777722447766771177307742008655822
22200666600888811557711337755331188774444772255661100555500004455884433552233441177778266440011665544663366770033007513338420268
23311773355771155888866662200005500883377774444668855447722770022442222664433445822112258441144860
244442200888800337777335555111177661100557755663311667700772233334488668822118855006600441155445522771122662226665466447788774811384
255777755331133008888006611115566772288558822264444773377803333555511443366334455441400148766007700532
26666113333557711555511000077338844448822332200111166004477554466776688777728880858386644062
2773333771155118800008866665555223311222266334444554488777755664422002211332811657788207741117011435533605
288883333111177557733000022774444666611005555887700667788551155443322441122223366337722113388440011448711664477662266007771808
3008888002222777733115555111133776666770066444466221144775533336600772200003388778855886655668824005500148
3117733888811555577222200006666775533771133444488002288445511443300886655007744224408764466832266025522363
322228800008866661111337755557711553311444455442266773300770033882277223355112200662255665522116688881188448777450786410
3331177771155888866220066444422770033551188557722113377332233007755336600228811448822666677665522447784125555400
3444488882222666600007711115533773366118800117777445555112200665566221133331144775544005588552233225288668844338810827
3557711550088880077666611222233111133337777444466882255881100555522000033447722118855665511662700660014886646367
366222266888811113355775511773333440044880033771144425533118822800011005500660077002277664522115540820
3777711115555332288882266660000772233117700886644550055444433551133334400225588118855224466556611280018342
38888222277771133666600770011555533112255775511774444004433556622886655881188778844114477664111652233024
4000088222233771133551177556666884466225577773333664411660022442266111100774444553300334488115555885500554670112800688
4113377115555332222778888000077006655662255112288660044667722336688334400118855882244881111666311445522117304384475442874457
42222668888661155113355775500441177114477333300553377660011663388002288444466448822003366555548556811887777225522408
4331177335577222266668800008844223377115533445588775566225511220055552211110011661130776655006600281644446638240855447788848
4442200008888226666553311557711333377773355112277440066007288338855884433446641118625461
4557733551111772222330000888866664411885522005588331166333377774477007755002244006677887713880466827766126
46666880000551111553377331177556644887777881133557722770066332222334477114444333400882200386605221888558848324
477551177331155338888006666113322228822668877004466002200550077771144112211667744003377224433335577883362748865842
4888800222233777733555511116666331177552200883344778866441185332244660000336622667744227722876615668577105586554455004
5000066668888111177337755332255112211887744443311557777146633002233555566220088336600778844776588624403472
51111773300007755774422008822226611225544558855553311550066441144443344662233336633766671665833286688113388060
52266661111551133777788883311444400002277550066772288008855330055886600446633881188265555445566884433334646236161210
53377113355117766660000555544442222888811114488003333227744006611887733886622331122116418334588457755024
5444400666622220088881177773355771111555588774411226600223311663322882244665566110000550033001144552855133344204
555111177773300002266662288887711003377553333118844883355447744446611220088227722334400441688164422225677605
566660022227777113333551155008888773388444466117766225555228800116688110000445533772233111144332211220055436677464
57733117755113388886666115522220000778833772244447766225500114433336633558844555566774422770044664033002260887850605
5880000777755773311112222338866665566332200114444117788226644888811662688445533004433667700335548774100833340618
60022880077555577113311118833223300115566665544662266112277882244887777221144117255005522245534000034308864284
6113355117755337722226688883311550000886677333344003322885577443388006644447711114466001166221122448555466631802
6222200888800667755117733777788331111555533552255771133228866554411442244000011004680226666116647218563438505836
63311553377551177000022228888336655008800556666444466771166047733441144024433220211113388227788777722333306884258676742635
64444228800008877551133115577337711777722111144556655333366888833550077667788555588143322226666334466223300440033884417406
65511335577115500888866770022114444227733775522445588332266111177441100001166882255333388556666222288778800660044840
666551111553377773322228888000066220011775555444433113388556633336644002266004411223300558866116688335577118677227760334455221477408
677551177331155338888662222000077008833776644445522665500335555666600113300221122880066881111023333441144384
68888113355117755337700002222663333111155557788220066228877444477110044003344558866007722777766116677348800885522446666418848325
70000222233335588666688551133111177337755006622116633444477771155774488442288008836004455552200110055440030726
7115533116622226655880088330077770055554488557722887788110022550644774433334458884444268866338133235143712
722220000666688883333551133007755552266444477117700885500228811110044224488443344014388663366025
733335511000066668855775588221177226655220044443377771133662224663311553388661166778888111188005500140077660488354
744440000226655333355772211227711668888336677555511113300885544332233880054117733777702448822078866322766664466210
7551133557733118888222233776666000055881155664444552266770033441111221177880044661144771100116655006630877744002277225555342
76622223333115555770000668888113355221111887777886611220044445544226600774400330088558844775533446666772375663366580
777115555333311222288886600006655663377221144441133440011770022004455225504883322446666443388716233542262747
788000088222211333311775555666611114444227733553344888855226622445588664430668877771155007700110036774847681
80000222288666611335511775533771155557733114444006677221111881166442200445588885500556633332233008822660077662788447777443
811553311773355770000666688222233226644441188445511220022556600188855558833887744334487221777647714075423778333046
8222233771133551177556666000088777733331111552200668855447722448833441122778811886655002255358800555616204444201
8331111335555777766660000222288886677332244441144008877882200442211005533007700668844334466226655225566415588550188012
844440000226666228833115533773388771177775555660033661122225500441188124466447722776686774422365200121
85511335566661111000088775577222211667788225533334444228886445555206655441144662033112044332777447733770020115400748
86622226633111133555577771100880077882211660055333377220011551188441177665500002233666611227455842255228483204
8773311772222333300008855666655111188444433557766448888005588663377116677775533447744002266115555442211228522545
888002266662200773333775577771177001155551133111188228866778833448844553300004466116684222277632255644411243355206
