444668844885544550066772211004400228877118811115588335077776633773366008433330411332277042222447626538643117346116661214
444332222445500003388006666223377441177884488557766887777110055888422111166772255331133335522863366118200227340464070108606555515626
4443366883355771144110055662200004477334455003377001155332255552244666655887777228844880021333300674421888861278851611
44411445511221100330044772222668888663366770022332277117744331166225566440066008844880077334466113355552244228666557782018585076387554773715533311
4008833332266447722220055331111225511770066113300221100007777118866004455443344416633773355885555775522776655088877881288462
40066664466112222776655115533004444556600555588226677332255224422114411885577110000235508880477881367772377438868434
42266775577771133338877886611884488114400110066004466882233662244555522556655335500222211227700880077263300337166605
422556655004433662244113355558866110022220066005533885162884488887788333377774444770088134400772277331000380012145
466775500554477330044553333226688441133778811558800888722336653442244466111771100114211622277774022500
4661133666644227733332222330022882211775500884444555522551188110011116688880077112411447788777700360
48822115500778888338866446600667766222233330055772266663311443366117744440011003355665533412288008855220000251
488667744661188447733112255885555115566220022882211110011332233330033771177227700008600553385066642434
0003366778844660011007700880066664455111122333311553305777755882288772277448888118244773766556635554444142
022223388667766885522440077334477888877772200448833337744221111441188003300665533555500554455775511661174664433663310001446208
06644556622334466555511884411668866007744227722558833008877115577333377002200550000112222117788228811331111447764332244880044452267553355403367710853888
0888855448800661177552222773355004422446655886622660011003300228844425211881111338877116233178833632
200001177226644777711881100336688332233331155334455440066665588442244887755667733778111335511227766338522821
2220066000077447766554488556666446611886622887777550055115577001122332266336677330033778800888844004455882726831714241433544333834
2880066551144005577008877117722333377882222554466775888666644881156330011112211002200007744227777331184403341324
60000552211666688555500442200771155662255887766114444553300884411228833334433854477448771018176424636713236511272622
62200778811882222776611444400006633885500223344557773003366701155888804225522666655664411221133555511710
66622112233442244883322550022660077888811338822776633555533331166777722008855661100001111880064117711547704428861474
6887722118888330077001177551166002266448822553377662222885544661111331155005564440044774458634433332233803357808001020122714422441
80000117755667788335555112277447722225588114444115544228877002266333388273366443311334455330044006655785508866611660466818
822008888558800771155114455776677221111665566886622444422774433331133223300228877770000426
866220088556677880000113388777711770022557733115555335500440077224466888822884422664444116663337233418
888334455006611660055440088443388115588668822573300227722335000442222662211228484446666336677664477113311777744118651432
41100665566443388005500112266337733117722776666885555330033221144440044774466000022445777111188116888382222075
433337711447722008888775588550066778800444455111188330011335577005533441166227744222211223322446688661155556655248811784400764
45566555577441133770088882277880022331111660011881144333366222266884400448544773300334444661155321100620
4774466115588555533444422443333220022770055110088335566336688441177772211116666006677664485222233773300778122603751814
11166334411886688774444883366558844667733007755223322112222000011771100447788557777664277025555315541424512650562872
33322117744114444777722880011220077883300335566660022337755004422668877115511888822225522776622446633661488667003881318584346465
5551166883377007755221122445500227723111188887711444411001744335588554400006666004477334488230083336633867786264
77788227700885511116644554466226633220011000022883300552744338866773366118877113311553355665588833344114444803374204
0118844447766770066443388663311112211445533330033448888007755778822223377773355550000551155665522558166660084661244104
03322775533550000774455551155778866665544662200443388552255881111441122221188882288771177223088368844006611664022477706360
0554444884400772277446688116677880022660033004422445566334177666188882201555533773333557755222777013311412
07744441177000011667733771188662288113333003322111144338822446688887722004400550066555522777755883311008800223355336544526
10055335588665544778888774488332200228811880033334422668844550000112277770066667766337733661177116625660077504
1226655663311114444667711002233661700124488887788003344227722883355881224784433330044000066008855337500757523854
1331144882255664444115533776633008800660033888844333322666677551455552222335577336622772218334866177700778022400055804
155002211007733224411116600448811335555117711228855882200887744226666440000177766227722337755225577067788663366556612284
1665566668811551144552255882266444466776633553300880033110000448722333322862277778055440011113744271
17722113377667755773366553344006611228877448822004433224466001144555588110055222255664422771188554444111155116844777700778000850033823312635333002
1880033225533114477223300227700448833774444222244554400556646334122110011333366660066116655000077662577117778115511155588635
2338877662244443311448833008800778844111188225566117744006633335588666644770033227722005577775555000022228655104
25533441155883333884477668888111177882200772233005577550088774444224400337711445511002211885544886644335522773321336666146
2775522443300113344222200338855333366118877331177111155886688448833550000845555660066665577405541004255112280714
3008833110011557766667722661122887744338866000022333355552211181700554415663377334444777788885844224458022204071
3117766220066447744116655005588225577118877556677733344883366113300004466332211223355226688666600338888402222707085111142854
322774400667733008800117777882233114444663355664477118855113388661155883333662222666655337722002255221433470
3552211113300888866665544550022770077880033334422557777337711228811446611884444331166001155556644006677668266351
366116677117766225522008844112277557788333377005544338866330022335588003311334422228877772266550044448811551144000076488820106
377331177557744446622771166660033442244882266440066110077665500402211323688558888605555225538422285672
3887711221144777788553311554433667733007766661177005555110011660066556622883344118811113500002277448888004444068822220468445244286
500447755881144446677884488777741552255553322226655663355113311001182864600005577007733776611612081706543802033633303411
5111188886622557788334466443300552200114455331100777700880022440766556688555588775542112268481717222273882353632
5228833668811551144556622118844337766448822555533116611226677117788003355887744004416000053444422330867520
53388665511005588003377770088116600774466444455550044001111447788332207666622223355226681224422543344813
566555544226611777766441100112200553322773344006688224455888866667744631117002288335577580077247714436783338300308
57777553355885555442266551188114411002288000054663344008822443377444200666600330047662233664333122256778
5886600117788444422338800666677332255002244008833663377551122111155222200004487227100555534556644143
61133883333118822228866665566004400664455226677775588885500117733776544110077115533557788014433448844427
633771177552222440000777733225511221100226611881155558855338800662288335577882200888866556600443644442766641450501484746
655225500006644113333880055662233553311001188220022117744447777114466632277224488778811112288886377034
677225511884411110066881166662277775566444488557733226655221133331877004477863300003355001600558546137342338022024
700116600227755667722662244441188114466110044220033111155225588555344884433774477778877607711222217382238008000605452840
71177223311553355550011887733000022665566338888225544220077004477445511114411064444668866116666076673662833240844352
7224422553355445554336644770088537766662233881177516633118833330044112288773344420066888822213326110011511148667658460030500
733000055225566334444223311007777551144003333555577008811887711554411666611778800227722443388337600113328445644662044785861282
75588331155554433774466224488778811886611771111001133225533005500665577726688000022003333640084435522714
76644886611000044115544443355662266553366331133885511777733772277888822884455887711442244668111221182225522007744775020503080170
7881133880000884400227733777700554411446633668888667766110077220066445555115522885533118877117744882233442222112260135588330
811110000773322445533772277008822220022557788558833880044221188775511446655556666333366443344486610554033552233088847128
8335588442244668855115577665500554411445800444347003322227788221177118811338877333306228886477722560
85533336600002222772255552200770044663311338811447733774400332266444411223355665588330066884433442248887788618827616
87711118888666688007766008844335577881144445511224400001155228822554411662200442233334485663366553325558755077706138
044114444001177446655223355776633334455000066661122667733111133771188110033225566885511558844887777228888005533008833847755554162024217870272236
144668866556633225522441122005555336611008800223311771188116622772222154477775344226744087768543
244336633338800551100884422113322228855883377335544776677448866111177771166664411226600001144004444550066223687220022770465318155556255257
344115566227755552200222244003388772255445533667777006600114477333322666633542211110077661166546688008844388
544886677558855111100555533331144446622007733880044772222881166118822113300335566664233770000115522550777426243227783676
64455550044116622220033773355333300778844446677110066557744005511334488886688777722885588066612775522142
7442277667711557733772288887700226633883333660044880011005511445588666622111133553300332244775555443344664410665566100
84422551144441177330066338833227766224400446666118888660055553355775500770033331133423370215568010
4443366663333447711115511448833554466117755331166550066774322227788221188887722880088668200005563837300704020103
4441111551188553322220055881122113311000088774433552288224488447777338888357766778066445500446600740016842
4441166445544660055000044881188447746556677226688225511003300220011113311223333222248777711776555885577553835273
444880000881144554411002266556688660044227748333377331177771133663300111166667766107700662200328245775522205536450
400777766770088222200662277887755005522666655338855558800443333442233003366881111001177115511341188886477244
4220077441166444466663388443311336677330011115577004477660022110066885588883333448800555522553088772222882240300
422552222335588778822660033666622770000115577776611220066771166334488444400555177337754110077446644583311330044708
46611665533444488773322771188445511003300441133337755223311222211556666225577226677668811117700550011443388335422888868582
466001166550044443300886644224455773322880077003344776611225522263363558811110000687711554411778827251143802757413771805
4888855553355771166224477221155668866661133663322660055001100887744445544220000330022275583338733114700777761778043718
488885577558866221111330033443388226644556655553144440000115522442200551177884477110022550066008411668722227777304
0002233118888444400664433003388662222555566116677663377112244552266665588527700446608773333447744881111336211778808275837772
022118866004433446677448877557722447711666644225533001100880077884400555522223355115588332206338445613501454111217
0665555117711007755777766225544112233111144558877334466116688174444337700224425666600486643880827885533572
088770077111188444488330022885555338866777766554433221133331166668822775588005566446622447788117744114455222234220511057
200660011227700444455115522666677558811447733776688885555336622884488334400274433332644113781110187117724277461657505654
2227722336655664433117755008822663355770066662200004466116688441188776677888855880077333300338833777744005555342
266881166118822008833224488885511445577887711338800007777005544223366228733331155553355806633075566776655011124110644340
288664444335555000077001122557788441100551111554455665522223366661133771166331144776677448888775088227722638811742
6000077330022115577663388111100554455220044222244884400112288886655667777555588553355017788774477214
62244008833221133667700666644226600448855880011774444554300333788228877772200207755665521668866114848812101815711176
6660000662233003333447733775555222288338811007766888800112277884400554433661177111188221166774411551144553200225700864
688557755881100002255337777115555446633886611778888770088223344007766220055221133667733551111224477265311643333204068384031418
80022551155771166337766443300110000447755552277442211338833445532220088114488773066665566226688558888640074128
822227755336633225522662233556666771188777766004466886611665500114477444422441177221122007788884488138700002344003300573
866884455777755448833773388553355223366001188116622771100444477225511555566667766111122117700550022220000882288764
8881122770033665522115533005566771177662255448822442266445554446633228800773311337751110011666687440082000044122
41166667722551144550022660000558855665577006644004477115844442233332270336622448866112211881173111133020
43333663322004477118844666677334488668811006622880011331122664422770088224447551115777788774022158833885522554375388035623220755500500
4553322447766006644002200770044881155880055778855113311444416888822883300884433556345552377554363833737472715077
4770055552277883311335544110066337744428866884088226666116677665566003366477733338177111155118011257723200
11188331100662233884433220055330000774477008855014455551155227722221177778822446666886608887488142266364
33300007700227755446633550055223377665566220033664444331165113322880065888877884411771104225577440555324828572141286188315
55577005500220066223355337744665544333300111177113311440033448811666644110088556677887722776633888834758822428616021682226
7775544884433220044006688007722336633552222660011267788770088118855883377444611551111331100003300553333862
011116622335522884411555577226633007733447700220033888877440055337711004422113332556655885544882244668866664458300
0330044883366551111338800886688221188884400552255667711001177006622832223554444114455774477775555807720200
0551177004400115566880066330088553366007711003334220662441144772288381111882255888877775577644555021162622
0770000445511117788002288221100330011226677660088440066134417222277144422332245220055666622557755550866331656436687773377438
100771188330000552222446633553344442200227755880011557700447733661111443388774400886688556666776622660122881333184788272
12255447755885511557744664444117766110077004422118800883333003355332288882233886633666600226655550055640010006454843347831222437777327717220
1330033221155773311006655442277666644111122552288004444336677888811661177114477223377770003338833553348222248555508468876351602620
1555577222233225522885588776688663333006655000033118822775511344466442244773044554488443088880111478817462
1660000778800445588444466118811448855554433331133550022008877111155667744065522666622777766888822886322221122337722430
177442211662222886600443311113366110033888833002266554466778855770055227711224400880017333377556666887760658
1887722662244778833335555440011661155775500441177006644445588663388551111442211002228000033007733443366005663246
2118811440044885511555533445588446655225377222288000033113366330066110011666644773388333200774444386688775
233775577334466663300554488558811770077220033227777447788224122226646260000110088002688331111333388884500465511553366116678687141806555256
255116622776611447777550044552200770000331111002233667744443344882288005566883377886644222211335533224577255540108
277114477550088335511663333777788228888004488118855331177332222113344665566000433667766842233844411226611057722024
3006677668833887700226644550000113344112233337711552200556633666627204477448844446600888855882144086781051175442435357
31133554411550088883366443300773322116611442222660011882277886677557777651111002244555522553377005564880000333344440044784468106208587283823
3227733444411336644555511775544001100553355885522225566663377662288667711881166004488442200777788887700224655733388303
355220011660022110066557700336688666633008844887722555566222288885588334477333322445054667766118801337751243311511
3665544770088000033332233115577110011113355004466337733005566066688555522888822445533444422776611664488662266712211781
3772255330077442244770011004444882288116611550655443355117788058411338144666633664455667766875522777713222203134
388555577660033665544116677118800226622004433558811444477772277442244007788884822332282253311110011330000663333466686150
50000884455885511554488224422552277223344336666886611337788333355771144446633888877332533103300777755556644006654770020504
511888833001144880033444477882222886611667711227722337777007744000047664622115555225566553355063333881172420
522557744117711224477221111888877006611443322728855337678220022334455440044442226000033330055110076448633862650168466608
533777755773388667766112222555522114444887700881188226622330022733355005544228800332200004451664633410066566
56677004433778833448877222288661111771100774411442277773311885588826633336644775555335544550033005024606
5774444116600334422556688330022221111227777220066664400775522447711778877338844554460888811448867601055550582628
58866338800223377117722446677006622884400110044332211335566008855007644226611665544441144881111220000330056668888333364782871845311534
611222266551133337700774422881166448800444477778855882211003366223322552200227466330000555501514
63355110011226677775555002211772288222277111466005577883388004455331300337744888844332200668855886664770542534
65555115544110055004455662211776677770011885522774466007788883333666633226644886688113388228874331111223354224478044201425373422308416
677447700556655112277772200666611664433668844550000444233558855553300338833115577888800886711334211001111822282402
70044003300881111887744668888332222660011223311552277558822007733334477886633777721444433664488005500666655667766284000251175753
71166226655004411884477664400777788228855443300886688114466667733555522332222002277225566337700557755883333113385336177445511042
72255447744001155002244117700773344886622771166882266446633330033887766555588111188552210556000420062880845153
733005511885588002200331166448833667722555522663388776666004477001155332244554466222211771144110006111122374422881137882864340777584
755006677000033777733001122558866883333115544332244007711778877220055116611880044114455776622885555260088882477448844465533556633664111310
7661177110044330077552266221188003333220022772288116600005500885511554488338877774455553344446633668844065576411126766
7886688441155331100882200330044775500117777336677118811662244883388554422337744446644551285222253440022721322665630661054300076660
811223322002266007766778877730000884400114411038855888803448826111185444433666633331166447511337684655534245565752
83355440011887766443311228800668822008811774444666655886600553366332222550022115888572233884733478037771242604750070
855223333551166331144667766221155770055332244777755668844887746110000330041336666460733455588338818222288680505427882620
877558833005533551177338822554466664455668866337777880044008811447744228766001110227722332200033315771677065522248
0447755660033884422555533118888002222117733226611445544885588228744115511110055000011330073336633546646862666765370806
14488113300778888331166551111882211000055225544115566440044776633224422333344668877771177558844337733553386112446002627001677466
24444223333663311777722220055228833225533774455443300226688441111355000110077116611880066004466447766778854881152740
344000044222244114444776600887777005511006644665577338833002266775566112211555588881177118866668855448822884277262
5440077445566114411225511003355006688887733884466334488228866660088013377667777885577226622227755336644771177081111655232444422120
6444488223366007744008866880000220063337711677833555511552255745533843411442222112260458502827241711101318
7440055337766661111775500887700336622221133228800006644778866888044554444114485663384333304665244227
844005566224444661133226677778800776688551155441177116633887755772233552255558822881111221186553022708
4445533221166007711113333001177446655442233778844887722666688004403881155225511228855882222063311883355027733424141036567677755557
444004477115588666644667700333366557766007755226688884422774455554411461133111188330000885533550055620022225100112233824
44466223366333344225533775566550022661122776600881177441188448877330055552222115511110011445588557355440033220044331800682
4446644552211662200881177883333882266118877334400660022776633555588554411551111442244366800448100557755347777100
4005522662222448833665500112200661111664422774433110077335555445533338866888855772255684444104477634463728
400883388447788000055775500667744110077772277116688223344446661335522002288555588773333222255337488621
4227711000088555544440011221188775500448800774433228844114466447722220066337733113333465511552255666611116678335686062363038
422883344330022448811885555447700884455775511773366331133337711666611110033586622007777660040664870126652138
4661177442244778822115500331144004411102277770055666600006622001766886655552255885577553388884433771222632283336514854454434303523
466228833553377003388885544007744331144448866887755884422555577667733004476000022005500110088052211227611117322615181624233622133433
488771100441111222244221144447755558888000066338866220033445522770088556677337766884433001166446611777744007333553328313
4884455225588332233773311664400336600221144111100774443880047668855335500882222888867005555712
000118822335500778888770033112277224422884477667744002255552211551173761100557488113333006633666686043322054455844
0227711447700662255885566772200441111333377886655444422332266116644005522228888008811777733448844331108251185775384635
0665533554433886622118800771166008822336666117777558833773333445577884488555522551644774422663322220466744
0885511660055330011882244334477003355554455220044661155881177225566550066774488666633777766438800227733687758407717800
20066771188000044221122551166334477550077332244668888111133117777886611448877665577005533772266662233660011552222840024110384564353330
222331133008866446600552211553388778844558855661100117766880033662200447711118811444488332244367755777704082255028
26600885577771188665522888822778800774444338833222244220066772700556684113366337755001177661155551111666624700041253
28800774411336644221155667755110011220022770055003344557777224433771188887844863311100066004655553355262333066683238585461
6002222111155554466333388883322447700880000330055228877775500448866117722771144226655335514556666423342557686762
6225533551133228855667744773311665522446666005555775500710022721188001144222333663344330033754444111170445066448844038861215
6660000110033556677776622002255004400553322882233884477117744448888111188508411661132114220764
688337755882244116644004433335566551177662262118811001111446455557733113344448855005522553155447777112277228877408860302060700
8003377775577004466117788884433223344774455226622110077111133555533660055448811558855114422882244120
82211115566886611228811666655337788772222331144006677662255117744883388008855550077558888445577773333227702043354746414244
866661100557733220011338844554433336633006688334411662255888822442237440044771177000077775500867555315511844
88855338800666622664411443355881177770077227755002233004400337744771166001111551122113322884488355522008611024444568
411551133118844662266444477775544882211776611008855772244552277111122220066005566336677337788770077442258333322334666865040301
43366771188774444223355333377331111338822888833448855447766555500007777001177220066005566663100226611662222541122446144003
4557700663300337711001133446644005522662255448877882211777744331111553333551166886654222200888833880077332288112247223858404757618140200
47766558822661122223355441155557744007711773311114466662255118877002288516633660088886688444433448044206644578673037383332
1115566885544774433113355338822557733440088004488824411771122116611001184407777222233776655558000663366402
33300558877444455772233555533775500115566228822114411886666336655225511664488111100778888447767338030224422608
5553366001133554455221166222277440066444488224477557788885588777700880055000077110033331188338844111144334428661816551686346675666
77788331122882244881177667700114400888855336644668800007722660068443388615522332201887744225555110455044561627133011213537333422
011330022887788668880803311442233557700441155826677664466554433663344447777225512007733775483805
03344112266004433667788887700113377553355776633880022442211668811000055550866662277333311444455446644884471885588211173015516183655652
0557733888800336688775566440088552288220011114411886633772244778811000044448844258830661166077711774625154537050
077008800447788110000556622550011557766665588882233337777113311773366111166775282774466334444114400224454822
10055220011441133668855554477666611772277115518221044660066224422667788008888445577774400330022225233137288781078683380048353233344443
122336666113377442222111155447755110044007766771177881166448888220022880088558877225522770000638844557773224444134
13388553377116644003300778866667777555544114422221100115566006622558822402233226655111188776633661800483333473317450
1664433441155112200005555337766773333221188002255661177140033888822884488778833008855447777042233557722650
177887733661166003300775566440011008833335522554466667700221111331122337777441144751188224433444420665500004633280058881688462
18833770088111155227766778800440011005500334411661122553333668866332285666622117711346602665487220477543452322424474736477
211447722881100113300777733337755116666880033117711554400882200006633442255227788884488558866555566445501222244441116146
2334455005588556644228877115544772266114466778888440044118866665511668366227777007733113333222255220022400062153
2555577443388334466771111005566440066118866004700777722112222665588116666227788001133663333228877588851514
277446622557766441155665511114477228888224444884455006677773344331188666300333355440044223377007711332520216875853551710
30022558822885566335555227722226611771122440033668833770044115577662211445344247777887733113324886644660011881166775448466
31111664422665577663322220011443355550033777711887755668811778855115533330088447722770000666600446622841122124
3222200555500221188334422775544660000116655114441330066884333661155773255885536777700776640887710488817863
3555500770066226655446666886444118877613311553300117788333322777755774455642222112288224400002200881111005344337851688
36655881133224422331122004477225577775566886633555533337744550077115511117766778888222211660066110033883300226644666625448855244400143
3773311006600880022550011442233664444334477005511885555883322881122661177886677115577220277775544688822221488740
38800226688118877445522224466220055882288335544117777227766551111333371008844443344264473661144060
500660000115555222233556666557788118855337777002211114444117766338822004488661166245588333364334467332755147724240
5111144116666337711887788443366882255447700557722883333113300881154664442662277332866776618880060438853500
522224488334400770088002277668888223333005566336622000044777722112733885533113355551155881111443327806655701376050444264466154456766
533550011447788000077667722660044330776448866221188332233338422225522445555661155112204041133744461116282717585734543610
56677770033223311778811446644000088883366334411116611558822884488771180222255227722655577553077645544447744206437351
57722112266334488330055880022003377882244771166668855000011440066031111338877445544225566223366115511775555228811084
58877117766005577884411885511002255007755444455220044770066880000883357334422332244331166446666286618882743881377736
61155442233117700006688447766771188555533444466556644005511443300110048335500227722221122466622552266032282013757378741177
6331111553355118844334477558866668822770000225577885544006644445500776611774422008884660033662233337733226677222245228141338121610
655448822886633884455223322004433112255558888337711880000778877770011664444003366661155368856776100221111326
67755886655221166115555772200887744662244556688223365002288335544000044441111771122622277778811888844225077337763114011034
7004422772200224444887733666655445588551133111122117766007755338866774433446688882255005555228800332233006622664411447088400
711334466223300778888447733338822004422887722111122777744301155556655441144485511666688663766426618083606752505758
72233008811118800332200116688441177442210771266775577882222552288763366224433446666445566553355550066000044705
73344220044335533775511776644888811006611112211444466660022665555772277883366332222552236886675441188240
7552277333355111155666655000033661100660077221188555588444422663300114433776677440088005544883311220022223322564411334451716
76600118822665522338855553344113322777711000033662244663377550066884455444400443300556311442200221111772228116333570078012
7888866441188005544774466882200114455008833770000225582111100663311332272666611660044443344223
81166774466335511337711118888006611442233228866882255002266227722447700445544334411777733331577555522022
83366224411880055553388226644770022557722006633116688558844334444007733774455110000330011112211771132261145008677877765254
8551111331177552266663333883355664411448877884455006622112255773377667700716600008866888822880022004422332244446108147534340545855
87722774444220000666611448866883366335544552255777711334400332222337700881122460077684111001163105560402
0444466661188883300111177665577224422000088668844773344885544555511663366226600228824043333553387550413132525658377877747071
144111166006688004488884444002277778833000077221100552266773333446644222233553366332255558855776655661177551188666288171820154745003088770
344661155116677664422223364487740880061001122888855882255220022772260555503884188332787573317170357733
54455337700222266668800777766110033332288773300112200006677225588223355664467444433448844775577883388555521441188104
64422441188552266771100550077445566008844447777003377662288331111335555443333223344001155112211472222700066338041702653068366116
744663388111188331122441144880055553333221166770088666688442233440066004444552255887722228880226733777711775033501132778001076
84400882255333322003355552233887700007777661144551155888800667722224466556622117711660411113311086633664444334477881544283
4448866668833115555771100887777440044663355114455225500661122667788443343000011888822880077002200338855881600556217675733727363224233322
4446622442266445577778888553322551177118866554400883300547700776677227744111122116611006688114366000022004800128843182
444008822660055002244110388331177552202115588553333777733666655447788774866332277013351112811480
44455006655881111775533005566337733660044774466770033225544222200223388776622664488224355115556618800888833416
400550066114488332288553344663355660011771155111522772266664477443366776688444088887788003388602
40066667700888844668811661144335588775555778822454188007777110255665266423366331133334111773387660377227741520
4221177665500006677557744448877771133224466002222773355338822001100880075668888662288118846661166412235826
4223322001122443311440000228833004466115533335511667711334488122277887722552266221477660088880066336688550055882666555566403
4666677113388663322553366008800444477665544885588224411770002775577445555223355114433442644015507333378330688761628156848831
46600444433445566667711774422223300003388115500663355775544884400880055551133111166118877888833770211436622882272665241012
4883355888811225500665533884411664433447733660033005522880004221177222277118877774466776611113788651104054565755262320141524
48800116644440022447755887766221122885522665544111133557788222811551140661177118040773333667777456633208
000448844552222335577006644332244772288337766888800338855005566116666011177114422777755341132651187344
0222233668811006677442200558844663388003355331177330044776611334411221155772277550001888877885555228822556604883444554434062
06644220033224433777788115588883344665566667700886611118844007711000042117733114277551162226231228800225555485535274
0880011334444117700226677337755227766110000665566335588886688112222884433114455554400446642553322333388224711551111630
2004466774400111122775511445533663355002233228822116622554422234488110066558855557777661177887711556688883411352
22277007711001144443377557733221122554477223311551111880066662266116600220000881133003344005488882288683333584
26600888866884411556677880033338811225500221188228855116611114477337700662244446644852277776077400045335577255543605
28800338888112277008866668844110022447755334422662200007711117722557788331133335555116655446633661152206604337733077744540
6000055887766664422441188881111337733668800444488556622886611557722110011778700330022223344335677547711225462620
6221144440022441133776688443388336600112266778822777711661100554477223355115566687744555522004488117733446220632181131335303425857700807755000
666007755774411886688772222442266337766227700005533116655551144447711225560228822134488445522308
688000088440022223300553388770044555566228888660033111122554466118833224477113377773362644411772811648820778853575060110157674333414
8006644334477003333662277776611881144882244226655775566888844115500222400004466667711773377287788611133110511244455253
822880055662244338811330000777766557722668888558866447700337744114400442255335511118833116633667733332277110011550085461
8666600220000110033448800770055114466884411883355888655667766224422113334008277771177450062655545222157578720473
8885500551188221155443344224455556600117722774477116633773333664466883388448877881044103
41177442277118822336611221166551133447777224446668833770000555533226600881142006633338866776642207788885588403355402
433114444223300888866447755667788002277113333221188337733882255770055222266555588441111220722866621663366035341074686115761777
455442266440044667722888833884433008877333311468855875500777711112277001100006611666600222213665622524632376787420
47766003311778855881100771166661144662266556677000022332222115544118800555522887733883377774442775248663366806647204
111336644005566112222886666003388227755223344225500220088884411778855883307226655333311667711037766832
33300334400667700884466883366447755660011005577117733778811220077442266223388885511118800444488777726115588243
55544448833885577663300668844775500228866111155888800337700114400556600073322333366441133112211881176222248720
77722776666886600115566441100008844881177446544442222555511116200550033007700440888338822885588078877113311426525337573536333234
01144333322007788226688558833006666110022224400888811884422111155662255773344447744804411223316777755554466352
03300882255887700444411660011226611885566334422445511114477886688827722115555331133557711775520554484000020664743207386737625010653633
0555522336677551133771177883333225577665566660088884444887722662244663344554433114688118822885077406
077553388224433008811337744558833223344110011777788667700448877220066660005771111447766888855118844421166436611556807350262728122554225255
12277884477668877113333556644552200440011118811667733442255886600550033663322666622444433775577000088885511555544117233165
13311555544334400112200006633886688228855005522118800227744667755773333553366111177883322337722403300881100770046551146077717666
15500661111773311330022882200446688551166662233447788118805556655775584336633337766772244044417771426064
1664444227722225555778855886611448844112266007777004433336688008822110007440133228833553304552473837463431
17700227788000033557777551133443311550011224411888877330066663333881166440077662222004422883322111104886441452
188773344225566221144555522330077003311332288001122668866008888220022258844006644661166777711774445154
21144447777887700001122551166665588660077661100330044556633627733772244335577555544881133331118446428274405041345253328538808883
233004422668822221100006611551111220077662288881166660088556722555533554455001144333324117711331184447777534404838
2558855118800771133335566117766557733668833886633001166005533114411554477552288220000881111003377446644804622112233224705072
277002222556600116644445511446666777766112244330088221188440044885555771155335522663322333311337722005588336622842
3001144332211880055337755110033555566006611771111334411550022446622227722887788220044552311681127770477344
31144667744337700551133441155882222778877776688448866336644004455557711660033332255221111220022844422447235354561708181007010650
35566884466447711001155770088774444228811661188007770225522331111445533330033220000440055448822488855567
366007777335544447755666633002233771111770055776688550011884488222211228811008866116622665511552255558322000044642277445380306
3776633447711448800885500002222556644112288882277440011116600444833884300772266777705224555462211310
3886611110044883333001133115588112255444411445555007700885244228888778822332200226600003377774366780050664
500222200442233551188008888552257773333881133774400663311117700778833016666136622660444772277182244548
51188774477336600007700331166886633553322330055228855884466448822110022555500112222062277224655437711557755634
52266554444557744332233883355884400308822441188111122885566380044777700772200001144661166662211771158664481025
5332266771122334466225577220033888800777700117500558866113378706655552222443333664444114400442000815566302
5665533551177441133222255001144667777223344337700005122668800771188331111503066664477887766224422002278663044044
5771155000077447733777755445566113311886600446677227700114444887788843333223355336633041
58811002222332244331177665500007700441111444488663355440055118844668800887777125525333344778825666613667033883370660856288
6112255558822331166667766002200335533887777550044557788552211771133008833448800551188115266247704663324243688886644044
633226644666611885522113311444400555544227722441155888866880088336627003333830060002177411100776
65522333344441155663322770088773388001122557744554488116644667722220044228846111188335511771130778820658855302
677441144001133111100007700555500662233445588444466336688883377116655680033222277551122115533335522557733072244778822685544218
70055448811002222003311445522550077226655338877442211886666447733006677555800001111723333241166112600440088515
71133000088118822445588887788551177331144668844886644220077227755222233550022556600663333441155336666116621110011255544044
72211885588771111224422220055333388666622337733441133556611001166883322667788447744888800444400775555000065102
7331177005588440000113300334433221188886644441111002235357755008834880077112266662277667777222200668522455562554511428
75555332200333311880044881155774477113355223388887766226633001111005511772277883844116644554436556600766684667444042242128
76677333311885533226655660022880011000077555522330066220044447744668888771177778811114488666088240511241135884434550721570421683
78866001188116611226622773311440033775500774414668822152255147700006666443344228877776677180
811000022558866552277773333884433770088887766860033224475006611336633001166223511446644445566667044212
8335511661144113388773377002255222266332211224433100066777744554444778800446666001722008888668814884426555533007717664625734363356035805
855116666447722336633110000662266770055777788440022887711443377553344882277445555001122224466108833556210438070330322520
8770011335588337777225500228888448855116622115577552277881100882200005566886654774422223344443333224414636
04422886655225500007700557755332233114411003300884455116688885544887733336633772266221122778111555566113384006666402
24433552200330000553388558811882277554411226666448800845577447777221155556677333377663322336600770022225462834
344440066552233227733331122446666443388778811002255001166775511336600004455554411558822663304774488880221784
54433772222883355666611114444550022338888770044001122110033225522660088005533336633448855557755882277884422471766551206468627773
6445555337788550000661155666622338888773300886655883311004477772222446677114433448844441188001122552266874422851133233361607
744667722111188335588225544334422775577330000553322336666880088884477887777117700224411448811551166555566445506260
8440011331100441166442222448855115533666600668877550033225566770000778866111122114466338888333344335088123
4446644116677330000662200115522888833665511771144333322225577448877221122445500440022666633113377723358227344268
44488884466225500227755443377007766773300334475332222886600663311220000552211883166665511001144556688204
4443300115588116655112222006600884400772233775577118822553333667700226644661144117744887777888800554477331133276030010831186
44422447700883333661111226622116600445500002200115533555566441188885511003388225577886677554433117733223340777711476818474807227872228
400112211338877774444883355551100663344666677556655336600776622554422337733111155002222664811682288880008552243227588630
42222774433884488881155008822330000112244445566446666225522661133116655480066336677668040555533551111771180278755870325772773733
42222115500775511665588336644772288884433440000881133226611448866667777662277446600225522005577055548024
46622556655552233006600885588440033772266110055333322001133117744118877334488667788000022221155444477542288338888112644363
46677220077666688113388551111448800441155660022117755003322334400005533116622777733778888661122887714225442235
488220044000077117788667755226633887733558833224477772222554455665888001166662233330022885744110033442211884816008053106362737
4888811776633337700444411113366667711220022884433110000665522447722555566887744221144003355332233882270885588315516401
00022224455557733666633442288007755117722006644776611662211338888558877883333777700884444114486056541118507453
0222266556644221177113311115555445588550044880077776688666677330000116611008877220063224477444433446333883372736
06633772233441144887733336644776622660011778800777711551122445544435588881111005577555500003611321188220045302
088777722663300118866223344668880775580006655443322553355115577441144222277117733331133664444038286116
200115544000055667766223388224466334444113355110044774488886666552266884033350141221182827752522737078777172
2223366772266221122550077885566557700554477115588331166881177552273746633880088666611888822887022000014884400330066004433332244164
2662211554444118822553311336688002277770077116666335577220033330055551100006600112233222244661144338866442288334454008844888
28888334477660011550000332244882222557700551188552233330044331133856666773366337777444411440077253355446161006125811
62244883333111100444422112266880011556611338877114477440033554455888866002277881188443377770086336664117727334465116760632075557005350
66633776622116600448811886611335577224400773333110013444255558840336655338833005566880066400022008857023262875277422777178
688443322881155660077334477111166220022667766650033330088337700004422335577222211227777553455225555887788224400110065446488041448588
800115577447777660033005588110077885533223344886644552244113377006611118822000088883311225555116633335500443388444422228566554400236624667731714
8225511554466550022004477000055887744338833444422441144001166221122884533007711008811118855552266872222775577631133273
866661188005566773344557788776688110011777088447163002233604422448822228855221122555588883322703355331155420
888554444662244557700228800660000881188333311666677443300555566441144773355115522553344222277550844823777817767112
411442222000044555533881133556622777700226677117722888822333344337011663366668866558855240106018846451835754875080
455003311113355557755664488667700444400225544334477885522221155883377772288881188746688008844266611001140662
47722771177774433550088665533004444110055666633885522557788448822221184223322446677668366116600775555115584554400662377001146403
111550055557733772233664455228888000066776666001188556688770022442255331164881133882033007781004400834477514
33344117755884433664422332288220011552211448833881122555511118866887788840000226666776625007721663300660080510
5557755336622776600774411772244770000110022556666777711115500661188004433554455884466888822228866338833448877333301223374221206564
77711114477221133443388663333550066118833116666004466227744002222882255226688887788558811220322364
01177557777224488116666443311330055332222335566884455886677662211554400338800002255110044260077006833334444774461237
0330077778866002200887711664488001111006688337744551122224422555533552211554411331186556622332284446344304
05511118855008877555577440033113344665544443300771155666633884411226644883355225533224455804477220000110067002282117777322
07755666600662244886677773333220044778877226688446644116633003366110011357705180444082277642222883544558855550817152
100775566880055442233000022884400883366662211445511555522447777118866776633773344446653127744143
1226600006611444477556688008833558855336655776644663311330077773322882222002277221100448888662255552155118815001677087744043418442
13333666633118811553344886655556600117777662244661166772266880022240088771111445544775577885588335520773377406
15588556611000033666655338833221144880055446600774444557733771177002277888811882200442222534477224403112266223353330166776648784861311
166885577118866223355660066338877661177008833110044005511333322888811441115447744220022777722226433773308275457844
177884466441144770033445544438811227743220088662255110000550011337777116655222288772266882211830022407766731
188338800887788552222003377447777117755448888228844227733550077225577666677006611662233663322665533331155113344668866441144310
21166774444335511000033332233665588886622008855664400117711881733880055550044668844224417554788228837672527057778753
2330000227755880088886611006655114466448822555500111122667711774411662222113311556666337777335533885522444433281188447
25555770077338866552244003300222211001155881188772233446600663355443366228822005500888800077766774373211176416
27700552244112222553355557766447744226633888833334455881144666677771166886622887733665566108844330044448800778600003500254
30033440066772244442288771111886666550044115588864455117777552277662211222266331133668480114057333322335740225083700
31188773333007788883322115566337722443366442266110055112200886600114400441111334444770033553387117777662237448525457505558
3226644002288007788227722330055115588112222000033660044556677338833335533114466555544776633777744886611334840111102416685057
35533668855886666771155778877222277662233221100113300775544665555116644882255228844550000331144440044334477005633773333802600608
36666334444884455557700558800220000440077774433556622224466437711772277652211228828885111881153238
377441133550000666611001144663300336688882222880055667767552277118877885577226044748844445588102318633325140
38822337755227744112200117722228800553322110026446611666688660033556626776700444433000068447788331118854480771344208364540337377
5004433117777118888336644772277440077337788006633446655335511001166882266044422448866776666112233221144154455752205828552522
5118822114433113344116677445533004422661111556666008866552222000011775544887733336633550072337244668811227472884404458808883855557
5226666222233220000115511667744285544771144448866446611003300770026550055777755553355887788008833773333117726860041263363811
5334466447755005544556651668866778800660044442253336322887777118811772277002222008822110011226488338854003300024
5662255884400335555220022665544553311885044114444664488668877883322771100663364773377770077423333008800001177213347688
5775533225522111133886611770044660088772244556655880011666633110066441144003344220022671122333300005844335822781
58866665566223355448877008822226611888844114433447733330033772244553311332200002255221122774422863366850066776605778644046441610
61155553333881100667755228888440022226644117722335511444433448822116688665500771111227700447788331133062633260664245853780873646
6336622448844331166555588885522226688772233880066113377664444008811554466777733557788333300718862882211225533220422747565051111745341410
65588224411007777228800663355552222331144551122667700554444776611113388118877443366220033002211550044260465684348533
67744776622225533440033778800885577771166114466884422882277226600006633664411005500412025551155883355281
70011886655556600338844558888334488112288778800443333006611002244771133773355226644225500557766662200008855363
7113300110000221155004400888800554455664422224466223322003333773355111188116633885528770066886604112488443311777788336477644823475147472
7226655554400221100888855227755007711334477661111882200442222330066336677880033558866883322553374557166228055660006648
73311448811333366004477442277665500337777001122551166662288780000555522444400222233221176330062007822688834386
75511113322887733112266885588117766223333880022007744330000442255224444661155553355770011005566667777118888245500660088454
7664433447788445533110066660044115588775555446688551177444488111122771133777733557722114422556011603333000082220022850053226380736
7884455335566773377554488117700771188333311442288001100334400004466357777222266116688558866660112550244420236465622127
8114455443366661188006655557700332266008855000077776688444833775511331166338888625522822240553355815562004277333300102
8335577665511006611442222448811558800774411666633111188668888554466005500113300225522338877882677008844000044775446264717334723637773332
85588882233448844777722771111887744660011221100886666773377556644113300338811440022220066335522557700776622444335004055400536855
877118844881155557733774400447788554447665588228800664255338886227770556633551133331111621100223322608
04488550033770055660088338866117755888877778844222266447766773311115544441133334400221144666622445522000016551578207535568436306
14488221166227744664433558866008800118811777788884400006614557713334422444876330033223376626285336225004555231560254
244111144222288661177113311666655227700558844668811551777554400773300102200003377443333448833880085004455335554406676432606236
344554433226655224400007766003388008855006622337711770511886611667777887722228822112253666688884466344424841
544006644448866330077666677338811443377004411115555331122662255772200003362445588550055118800884477442288346
644221177557766118822005555883344110011115522888877223366773388000022665533777744770077113333554445116688112626663318404066003
7443355667733441177884422006600226611001111551144771166883322336666448811887777263377007764004088638888075575058
84488775566118833228855001155444466888866000088222200334400552211117733666677002266331144330066223358116657664133777722507
4441155888811117766330011331166557744004433778822336600775555225511885504887711038866883342884722112277770677366648014
444663355008855666644118833337755445533662244334400221122772288004488770000557711558888111166552255561172042
4446622558888221177776644880011002277008866000833113377334477222266771111665522885555018844114404551155342
4006666882200004411221144228811663388336600224277778877337755776268886588055533551255622
4002211553344887711005588660000337700118811772233007744777655554442885571456666336622226676882270888840406381613323512
422662200222288558866887777664433555500003311661144446677338811778886004411337711115511227755774477225522118400553300823363407560654
4225588556611220033331111771100665577667722886644551188440088002244441155554700001141630077332233774833604
46688336655115522114422003377001188112277445555335500663300008800778852666644776677333344332222441822523
4664444225522660033005500772288117700001144558855771118443344002233555533224046554833336633820
4887788665566114422441111551133440088004722553388332266000077550055558822885522003355722271006688416648863
4886611115577116644440088775588883377770033882244662277443355550000776655668855225533222233336788118840612265417
00066223322884400336633444455660077881122666688887777443300865555441144222211110022401177225527116311333381535
02200552255550077112277881177773366006633880033222266118855446655330088228877444433116668440568313888614484210
0665577116633446611775500444411113355886622776644331100773322553377770088555560228833888822220033330054221018700
0882288663377771100448800334444006688551188443311117787665531660006441144225544555587447701550134656572723202226245221
200661144447700448822330055664433887766007777116677883333773368558811880022112255222261774455001100840
222775533881111228822007722114455551100666611770055660044665500225588552488883355778877444433440633642
2668866554411332233338822442223556644004488771188007777447766770088445500553344446600115511773377200028111107830121431523675585755
2887700662255441155775511444466113355331322443366663300333388337722002222660000888855880012776677773405223822178845556688665507471
600446622227755880055003344337766440244882255333322026611331166336677774477117708114411110577866655156
622117711222233114422444477664488557733886677887700774400111133002200883333268800660045661166358
666330022000066117722221100770033665566224477771155227788001166448822551111226855553355441133114455881188333388875507643324640427444
68866228800660033552222774455661166773344885555444400442255000077226644117777553321110011338818288840208
8005533881144552288555500777755668844446622224477332200006611770088337744331183335577813346554633666601016
822770055332266557722330044664400666677663366885522554477114488334422887733380000774455886600224438444622221155551111761
86644114444005566118855558822003355113344667733880022660044884422330077778877111177668811008884557700116666353527250
88855440055551122114433330022882233115577111188447744662244881177220088663322227733553377556666558700334422552266844766000066104
4113388777722448811227788556611118833662211554455551144288828000033006688660077663377110088474323167645865523553345733
433118833660011110077775544557788773333881177008844222255114400006666776612005300337722774477163344821233524
455116688776655222255888866226666115566333300885533117788006600332244777822334466440000555500113366743144104
4770066444466110077331144336677886600448888113322885566338822441155221111227722334455000022068844222266554408777763016187174355851373353555725
1114455001155553366007711334400557755883355448811662222442200427733025566776666118877778841774211280377031107282
333001122334411443377005577556600332277886677338832110066118800447711777744440077226644666655224422551111668022200
555667722116655778855224444001133114477771122668822554414664455883300888800006666336622223322776600770033335422886610273377504
777887722554477337744884422335511005522882211775576220011550022227674445533665555661122441111880000660088886645885680703386604343026313332
011336633773300885577447700771166006666440277728888334488668811884466110588026655553388225522421875051205422
03333113377665566663366445511005588226677880011884433227744446611553344221177341111671288550077000022008814772252422
055002288556644443355447733332277552233441155114400772266208888006600446611117711886688257788110877442677666636584
0774433667755662211110088884477881166006688330044227733880011446644005522220033445511771155557722558822800022448442637181233353213
1008888336688117711662288445522007722666644446677557733118877778855111133880011558864114433440055002277425555624
12255772277773300223366334466441166660088220077667755333388335522111177885566224444554470001100668800551133755323103860442404348878884
13355448866775588445500227788331177772244774400664433444333662288552222007711001111555511866611260001653325637573038
16644118811006688336633335533222255776611330055552244777711440077550018772266667744556888444488600044354
1776633555533778866448800882211227700445566775577222200331144446655000811334433661166660244068624271323038337377515247415854
188664411334433888822558877880044224466550055771155668844003322223311770266067733335533666201114511621122827745230547537727776
211664466882222887700003333880022331177110077663366005511224422554400113377330088886666114436777755772277484522606560458
233114422228877556677885577771188112255338833443300661100550000440022444477666638446681662585417706051
25522006633448800773388222277883322336622881155335585777755112144555426001181004720008666511130516
277226633330055336622883344335566442666000044777788661177444488887711115511001144667766881166557755284020655540803
300772233336622551111776677887711337744331122441188445588338888550044442266001100552200668866554477557700881288240000248735356467755
31111551188335555884422887722773322225533338800663366776655440054330044775200007700110088524444666644117777886688814
3223333555522884444226677113300662222778811557755334455008877331177243388336655888855118866337055400011007800411148268
355887722885566226600225533004455550077886633446611005511554422773388008822440011771166603333641111447777444488337762084
366555577662200441166337733001177771122882266118833332277558877885566774477008844880033588066668024338400746
377880044338888665555001155111122777755334466114422664455883311660077667744773232556666885544882204440244122
38844331166114455004444117711005511557700668811335566008866446677558822885522554422221188772240227303432
5006644337766223388332277004422224411008888111188225577448866771144445511554566007788772200116611336668005555330000335
5222255332277660044667755881133663300666655448888443311002244221111551177112455661166485577772377335558614743470827880871838
533337744778866332266110011551188007711224433555544003366006666888833885588228844667766220000550044448577056647552657772
56666228855887744883388118800550011552266330000440088668886771177775577332222112244227544411133114020333351606
5775588446611665533226688112277880033440000660011885566220077223300448833335111771153110411444477442244538761377
588775533007744550044665511663322223344448822447766885566440066662200001177770677881188042255226433841141512
611440044338877001100221177113300077788446633553322662222556666552233664867228822788855551122480
633008800443355007744555588113377554422662211110033666611882282220011444400553311773333446655667700664477771244800
65566006688777733220033005555775533774400001155227711228855442244770044443388111177661144880411888844666648286311613343536
677227700774466664455331111665577117755880066885544338811335500882266220033228888618833002222552214400055155
71166774477226666114411224422554442337733558888008855333388778833668866450066007700005566228812775555777762221822002528451
7222233558811775544442211007733885500330066111133114488446644776666337711220005336655634877770888057788274
73300333388661133777700227711110088442200112244663355006622668888004433666655556677557762115511774411687784558474044
7553311661100773355115577002200008866223333006601338877778844227722448822666644554444336633221144111122225522855566558674668184047
7665577775566774488002222668811887700337788882255113344771100001177335500772288440044453300827611466633662066405603116321533381112
7884477007722332277443344556600331133553300558855446655001166881153662222112288880088224411117777110022687768604
81111447700883300331100666633556677551122884466552211664411554422772222555577117777882244553322333344443373888855880070448868700
8331122556688882266334477557777448877223388445544337766220033551111330044667711000066007700224411444611666658186
855665533774455007733663344660000224433577722221166882200662251333388844422667700848611841122771111040
8772200448822117766551133662266771122774444553377778800886644224411446611685522332288822255001180231155773333455565800
0446622118866888877447788550033117755664422776666551100658822000011557700580288114444334412445363848353332
