44477884433008811220077440066771144225555224466888822880000222655113311777733770011003333450055776600416645861
4442200003333888844664455882233440066668866774477221166224488552277661100117777118877881111226655115577007755550055631143002833654
444881155771100332222442277007777558833001166118800551177888866333366004466221544338455552677666655668377364
4446655886666776600338877445577220066334400883355441188881177771100555533000233351144880647884277328851526
4008855221111775566887744554444338811664488667711001188223340227700663333558800003300553322884766557722404666025555183
4008822444488556622557744664477773333003344222266007755551177887722000022332288883311338844335533663376552211227411005500615141604011118
422226666331133885588221188114444880077446622886688883377116600445577003366556611555533550066408877884733220000134
42222772233004488003333777700228855663344338811224411340011551188664444771466225555888877882088468835776666006655373
4664433777755331122774400447700887733661155445522888811001166885577225566005077667788442211118444824412226666333342338306220653532
4663333223344007777661111775566008811002211447700558800443300115577224311882288885511222255550000666711687738653548384135203
44466778888557777228833550044114455334422007766226633774400118801775511222211666655664488773322443366158863023
444221133665577117722770000887488440033223333886622888800222244556633553300660055004833116666882188101
4445533662222001133442255554477440066883322441148111122115522771166110055000045130088007766331566667788665822888877526
4446600117733221133668811665533777711443388445500663355222244118866440044770000225555110055887722007808583152723262812
4006655223366662255338811113311554444222277888877003355558833228800224411007711777766773844774611250055768
40077663311220088336666445533225577333355554444885566227788882222880033771188774411330011668844777044226655115581117611060
4225511117711883333884455665544002233553300110088886666443311661677775555222200546600006622668800770044773322778443634
4223355777744554477884433440077665533775588114466228888221166880011773322005522772260330000211187108
466001122772200883366888866222255223377331155880000661188443388553333554488774455776655663322447755550055182214403300770
4668833558822226666000011445511662288117733221188777788884444333377164400442200330055447744850
488443377880022555577444477001122224466220000885588221155331100332340556688816655213677771177666647560
48811336611222255443322110022660055220077778866440066668888001155675555111144116877447700333355330044550344446233724
00011110022226633666611331188330077224400662255556677005577442288004433558866885200332277776604882233338888116644441144621153734
0224422555544445511885500553300446666556622883377663366116677884200333866006642311177114077000011008811282877288
06622775522002233117711555544556633446666110055116600441133550422440211886677668833773388111127770145880848582
08822110000442266225511664400660055337755773311884455663344778888774444665544885555002244366
200116677446600885511555577003344553311000066335588330044111133881177114400221255664422668866627733778877628
2221155118888113388336633330088774466660022772255007788664422820055777711775522447766770377361
26622334400556600335500110066557744447711776688881188446633307777302244114438772277004455116611115535221122820
28855220011667722661133003366222244000066008866442255553377663388778881827733114477004466644433445500551155748
60000440077112266330022888855446644335566117766882277770033880088111133115533334500551166555587210060114
622888855551155222233778866331166882255447744660077004433441122118800887655881488345534227055602200600
666220088441133335522778888114433115511221111771100007733880044776633225566448855001188224466555577775544553066802
688553322003344004411115544442244551100223355880077447711226633186666555522883333005566227700138877667754888822584
80088554488221177115533558811001133778877225522662288668888444455116611223333114433447744667777557730550000722276404
82222335511110033775544220011441188333388773366550066100577126644667777663344772866668844888807430
86600115577222244117766553366663388113311116622337755888800664488334444550000442211003300551187112203225555635
888552244000033660066551177226688771166664444228811880088661155557733111122113333556633770011443344550042332222078747653303877
411554422770011667777224455113377881100336611444433446600666622668822112288002225331111804406352507665587155
433886633664488330022444400885544772288445533446677333877770066551111550055225577556811000077442200118888003788216761412
4554477778844332244886644227722006688771144110011226633660033446665331155111133555500444400552255882233880088374281617180007022221
4771155663333443388006644442288778833666611668811886600332255377744112222445522772230221044820
1110033445577770000885588446677440022663366442211551188224488332255554433552233776666006611773311662711341120114077204
3334488004411776644663355884400116677442255551111557777113300552233775533668822885566550000887733881144431033227722226077002218806207824
55566557722113366663333880077552244443322008844778833558822228811000066886600440026441144816111512
7770022665588445511442244886644660088225544338888331122118800004400776633662277222200117788552288115566887611113333041
01155663355007733885511004488667711664422557744555541770766881188332211114342227788772266223311336662080523782843033538858
033558822660066888811113333774422770011224466222200004488002288447733267727665533005500886644554444114408715555218311634
0556633665533550044508854660033226666442277772222887788883377117764881188434
0775522338844550011227744222200331155886622660000447777334466882255118111065533554444055574114322433376121
1227722228811330044335555001166006633223344662244883388778888225511880088668844005577558000210036764
1333355660011224422008866774400775511447777888833885522772288110044884466550033666611663377662533430
15533555500005522660088334433302211887755112244880077664444770011772234662255777711661148558888228866578
166884411556655881188228855113322660044440088773355223333111177225544536677666611227711006633003344770022221142407777462
177555566116622330011440066446655447700557744558811886677882200227733885500443344112255222244221100331111336604883333226511544
18800888822005522555500662211554444775566664433663352661133777744004411660077117700001100330022773388442244881122883722386
21100886666444477773300223388333344665544113355557788551144888841770033668822663322000066774222453371225522705500704
23344447777556655221188663366114400557711551111664466883355448855880011007700002200332277222266004677666627412
25544551100888844113311664466668855770022004422336611444400071188221111772222462286338356033343767326530
27755007711336666330033444400881155114455554477001166000066886644111122885577482200226622223322110048005188883333873312577
3003355443311221133338877774422776644111188224455225566553322888855550000886666334400220011005444846781526231647221417
3110033330055888811663377882233550011334488447722226644227777341188668077117766770022115555346655220000460242811141225
3228866338811008833667755884455331177227711554444664477330000226600118800666611116688551134887788840055007700362
3556611226655558866333344882211772233773311557744660011003300444455111166220077666677113322228877885544225522447755338844064438083502781
37700554477558866118822445566778888008833552266664444004433441144627777117762111133115200773333003382800011006232225
388887733668855223344557777553311117766550022880033224411446600556622004400001100770068444433008744771133537
50088666644333300446622224422113377000055667711660022668888557755883344774411445877331111877762778177220252340154844281210
511882200666677441155661122888833554444664455005577778800114422447711334855336633331166552000711100204
52222665533448855116666220033005555443322442255668844771100446677336611887788883646012211176637470287550237758
533110055666644007700667755222277443366557788333355558888221177663388518844446600447777116611441133773300334266824
566221144006666331100774488665577333366885500337766778800443344553388226600222233227722001155111177118888113877558834470545255
577553322665522888866336622773333118822114444000044113388442244558855661111007777006600337744667722223344887788012254364
58833006655117711884444115577228855335544547788226622334433332200338866880000222247512217008888174
6115577335511333311885522336622443300004400301166008834117777006844220055554461110711421122550267475582878
6338855223355667700884433226688004411661122445544662222111144887744778833330033665533786644220022551155000052840
65577550000445511888822440033114422774466223300660022664477885544336666777733776633448868772211528811112252220711670101780848335383313
677112211444433331111888855553388442266116633225522000044770055007744886622280028773355778833008817558400165566660066841645154
70000334455224422221122551166006633664411882233002266220011444477775555331155440047228888666688557783227133817081007
711226655557722337788332244227755886600334477330000221100554444667777007524001166113333664433506848285
7226611337755774444330011665511225588008888228866227733447700332223118811777788776677154416005555666688553388436646304
7335555772288223311554422113388886688776644116600551188008844003344814455225533227777117786110022224677007746206633336666500
75522661111880088882200776600667788333366558855330022332388442633114488115577117720551133555688762433741123445
766664488223333227700556600884477444455331177222244334400335522112200111188110000468888558876738866551155750
7882277774477335588554411112200445522221188110000117711337766224466551166115566448883114422660077002255005555730033628
8118855668888660088226633665555110044774422227722002255005533007788332244116666776644471122335700113338000068487142817152111
8331188664433226688880011445566113333554400662244442255000055336677110077222700887766338815882487778377530603465747366
8556622338888222200225588331144221177007766557755116611555522443322660000444400330011227777228844553333554411337744886801046
8776655882288443322337755777722118855220055001122774411556633881111773366222644551166778800333355330066000088334400242040731141013618855546866
1448866227722551166337700330077771122334422660011335566661188778844553322446688338811004400882500665577333366776644300
24400446600666622003333667777117744115588448866557722118800883300223355447781001122225500007766837753226422843344538
344447711667700118877228844113388558888664400220000778822663355224455111155660044223322554433665555777746880831475
5448866331133665500551188444466888811557733887700660077443377227766223333221122225555335587775477811100117411420
644004444554466225588667722881122226666555511113366888855771188333388775533550055627777337700774411448311601173008033206473400
7444433228877662266880000773388220033001111445511002211884488112225255533770333441155440655036677771666486636072
84466222233664488887755447711335555001188667777443344116600225533330055224444000033770077331100442800885577882177265586856
444557766772200771166551100443322664488000033882244117777447755223377005505556666281155335584033311330111273341468
44400557733778833554411006666882255007744771122770033008800418866002200115533332233664755558888424
44466771144226633332288558833775533110055222211884455003355441122336666000077227700111177661155777733008877447133881166220043451828086
4004433330011006600885588664411225555224455115566222200775533770477888811442277332266335577117777446611884443472508336801682
40077006600880533662211443333118877882288666688551106444455447744625588335557773377538888122
4222233221177558811226622777766885555003377110088446633338888007700665533664411114488224407220566067731318
42277775500663344335511885588448800224411337700772222553322112233331155661144774444555522888830446666771177662266857732010657811166460
466222277558822338844448855005566333344773355116655331122118887220033000011110044261177113600806157814747670
4662222112277330011551166557722885566444400226666335555333311337700003388334437117755005588776100880072006111881145224
4886655110033554477005500112277668822661144225522880044334466444077336633888833337188715
48811116622223311553355003366778888334466113388665555772211006600075588552288225566887433240
00077225544883322447700550022337711220088117822118866661155880311443355334411333386330644226686555512840465644
0220000773377443344666688332233112288442277887700553300662255115544885555771177775644440011113333661146335226560
06622000077774444775555115577221111773300332222556611333366550022885533114466887766664400886632667244223488345
088774422111133001144882255772200553311770022447733668833550033228888006617663344340000777788660044167715884566665542351
2000022778844883377663333222211774433882288112244223311888877003355556655816666845572662255004525101070853540506
22244443322665500887766001133886633774400770066441155110622114422555533557755888284777711773333446677216683031564836455452
266552233111133335588553300117788225500442200332211007722773377771144116611224477000055140088867755776666055543456
288223355225555115588553311883377886622660088113366664411668844330011005500004444002244554677773331114211220222770767274755657
6006633556666777766442222554400550044775522772211551144888800773366226022445555774411228822044461118844331163883333013373486
622551166117788330077227711553333552288666644557766555544113311112266334400887755006688448888018855882244774466773388121
666771177552288556600338877337788001188665500777766334411661133114400558844774466223300004455772266881155444277010
6883322778877772244006600880022112255447733664455003355667766115522223388558822004444114488443344281133331111657
8003366226633884411001111225533000077222277448833221133117755551166114477885544002287333354660777667716443424544
8222255773388886644226622337700117711555588551166884477224466003355333300550088113364118877556445414788307741002000604125276
8887711773311884433007788112266777766221166440066002233775577447611553355550055110000114468003333883341332200436855482
41133666688116644775522003333444488884433002255001188005533115588338855117711112233773355445556332211000086007700422
43322887733770000662200448866008822668803661166663344227788555544558888331155775511777722552211223333553381330641024221856745076
455225544333377885500667711556666222200224488332277776688772233657744001177551111881100555588441144447344200
477002277224466441100113377112255774433448800333311773366550088111166884266123300555522186666778836285588287
11177440044112211447766116644224455885514880088663355332233338833666622665566006687222255220005557755427707337
333444422228833116655885522004411773355557711338811556622668877778800111188440077223322775822448864330033788020500
5552288331100771155116622003322225500226633334422335044440056668877560011778888447777446822112277224377306
77711558811332211446600440066333300116611770033448877552244331111226622554415772200008888005500744512885555666
01166227722118844331155114466667755881100660055335500773388885544004444113300003344770022008866336688333377880744871286476252623772224
0334444886666888877882277115588118800008833114455557722226600117755335566220077002211113377773333884433041166336611050766742
0550033776677557722556644447700226622881188886633111133442222443300774488006655336661008855221122332203884411446355551335483588782
077223366008800224400661177441133885511886655220033111166444477666633225555005533558888228811445544887222757622600
100885500333377446677882255556655441144883322115522224433663311666611113300117766444477773344004458442277123388007700006622881058602202672758788
12255118888773311553300772233558844448811336666554477662288555577110000445566001144167788222243777742775688632213438
133446633774455226666006622000055553300336644333388550088883730114477881155882222880022556655440044886442184722777755776077170245123
155886655332255111144223344663388883377445500116622441122007755222213127777006677666600443844778870305080200
16666112222552277557722665566777700003377440022008833445555886633004444221188773388228811110077114488001177884600623
1772288446633004411003344001144551122005533881155006666225544777755660000771118555588002244337733336644883355274428768
188773311223366115510001544166677880077158844550044885533444422663355775566440088330033770022005777447722446322882217686814327222588
211668866664400007722663377665588887711225555441155331144667788227744333355005522008800330012338833262
2334433336655002244113322114466335588666600882222668877110000337788004444884477331166227777005533083388555511115577556611225522076
2550022003344443366770044885544663388884455557733553311778866556611660011118877668822777722664400774000530062123
277444455220044773366338833222233441111888866110055778844333311550088558811228800776666440000335566772255554466551822660627568777071
300006622551188113333665566004411553322226633440088446677445555001100347755220051448888664432307788302
311448800552244335588660022885533330066663322667733442222008833884466116655662255115500001100440111277766454
3227733883300223344337777440011113366331177887722225544221155551144445588881188000666447755335522085566557166784466210
3553388115588446600662244114433220055221188225500880077776644774400444277117733337700330000267721116666113366312
3666644888800556622551133221100773344775533117788667766885522333388222200224422770044443300114455446411881111235
3775555227788335588664433447733228822117766001188003366551133338855667700007777223488884400445544662222002256112264111104244
38877336666005566443311663333770000661177553355440022111155586677113344883422565800110077220044445622668464118277776222812234774240308
500001155887700882288557722774466114422002266551166883388443377773333440077660041335555466646771177811101218
5111122556622777766778800775522113311001166332288333355771488100055006655443300224477046688487733774666488862622
52277111188556622661155557744334455003388004466442211666322558822224488112700008888777753007788631
533880077662233665588778833551133442277118822440033772288117700552200004488667755001111441166112222584444774466021
5661188330000888800111133338855005522887766558866002244227711775577222211226622332207337777843311064444063344841
5776688448822005566440066663311118855112244110088335522886600002211774477333377115533227777225544558888114422665555030877844
588553366554466002288445577005555007788224433775522776622001100441166777733225566117711113344447744222266668877264488014
6114455118833552211223300004400116677662288442255332222772266555577007788556633888800664411554055882200331177113343775506660336881867774
63333227733887711446655005555884422002233008822440011557744885544113311664755111188881122880042553777007780306
6557711005544555566332244667766115588778833885522112277770022888866444400604411442260881111331188223333607733072222080
6772222668811227755553355110022558833778822884433332866661111773300774487115544550000440033113344777766441144436620663081865601670
70055227755000022443300667711001111441188886600334422551177448844007722882233337788558833666611226655663442008211662221354
711888844770077445544887777228855226644666688665511556622555500004400330022008833332233773311001122114422278
72244445566887755002200558833006666331100443333555511885533776677332233884466441144001111227777881177116622526
73377220000557700777744004444555588662244225500222288006688771188885520335533001100884433447755448333113381115656061141764
7550066558811110055660044885577770022003388887766223333007722551166444400118844222266114433553364555542771833778862882080032343152
766004455556666885588220033777711552277553388831133330077008644441111001166335544336677442257340000222244862282161
7887766224433774400228844880077005544660033001111444411223355771188810066663366556677555500442266172222552213220533134
811116666335577225555662200338800224422115511226600110055441177885588770000665522774476444400443311882224683300886848807373433321436
8335533773344776677774422557788226600441188115555887722448866114466888800003300550066475522331122820082771177051111022
8558833116655661133442288111155226688223388664433222200110044554444667733777788887700005555003333662254002277607712124807284
8773300224400558833665500338866333377223188006644775522554466114455771177778811143488228884456600074
04466338811116611880077776666006622448844117722550022333344443377113322770033665532115588551144745544256688664555708888701
144667744007711883311116622778800117766882233556600445522558812221615003333663322448888557755338866665553444477773022664414387700628200805004272
24433666611667733775544447744004466442288665578551100662222112200227822641111881153884320803333405
344778866336600775555117711552277443388004455664488444400113322000022224466111188112288550088883333003350666677662266542214168733170
54400885522221100448800117700227777442288220055665504336633444455113311664477884467225577555533773355887768681
64411442222660022556677005588004477666622000011008833550033330077886688118877551122774400628848853311337711117733852
74411008888775500770000445566116677223333440066332266444433557711885555882211448813630055225533883313701288424038051542220
8445544442288552211446633887733002266440077004488666688331133771155333345003355118800888822332200111177775577460
4443344004488446666773333558800881111668866552277006611001155007788555511771133114822221122553322330722887755462
444557755113388882200112288663355553344776677443366884400442255441111448811003322662233330022472800770000552566158
444774411668888118866663333880055446622336600225566448855228822112277887700883300003322001111043311335402422
44455771100442200333355006611226633221155227744334477882222555588881166228800117700005566002233007466708411336666840
4005500778866887777664433441100883300445588114443338855226622772255417711661133660022221822032233773355775555384
4006666337700111133555588448822005500445533664411776600332222667733447711886622554433112277774422881150775833330028887001080
42233770033440022884411771188220045480066005511473388116633336666553355225582264627775577400073201
466005500334488225588661166664400006655773388556622770044332288335422112266331111881133641144447744588840222200117722307
46633225555002211222288338844443355227755888877342200001100660077008866118805116677117777856666476655354
488228855222211113366445588866681826611003300770066005533774444663322773311775500447777114411665544024433415577812
488770066117777118844227733116622664411005511112255330044335500776673665588668811557544001144521133334322220022838
00055008877883377667755334488551122771155881111447777441166117733004433664455772266002288884422444466222200770066338866668255213
02255115566662200003366445588006633771100550011884411332244448811772233553388667766557777555544778877368832770282622
0667744115533220088117733665555777766221188882255226688551166664422200055003344778877002400110044661111343
088555500110044332200078888666688058877554466114422664488224411883388140722333377173366553347462
200338877330088883311772222448866777700663377553366840007864411225522774422111155114711862285776602665545666615850553435333223
222336622117788118833558855225533773388220088886677112155006655114421110044556630777744776644440055448800002166601
288334466110022770077882211330000114411666688771255774422337678884455005533335522443328555566554474004366238
60088664400667755002233116633553366220077666855772277883322554477444411042222882211224888038845887188115525637303334
62244447711225566885522776611664455777744110077554400881144221115330066660466336655888833880433778862022233526
6660055554466441122557777443300771155117733223352880033445133336688110088561144778877662211118888448822227722606
688337711770011113300664422002233114400880044662222660077265588550003441166776611554477448811218888475511057
80066772266227788552222441122001133558866443311000022114477337711775500333300883344445544004426111188881688260
822110011117722330033884455664400660055337766112277113333224444220000887777557788115544118888007746770022550342666622822736865166314
8663311448877334477116677558822888800556666004466557788111122770011337766117744115244003333006644221100002222662258443366820
88833007700118855005588666655220033664411773333448811113377555611446622226712335067887777447762180000882844331724445400232
411221111005511886622550077665577223311770066115566338822003355883322448844333344008800152277154456446663644472628420230040037
4338833661111550044225522775577773300772211886600662266556666334400112238005584664477667700002244441166828
45500558855773388226688886600440033336633553311113322227722555566770844223377771177662211220433044
47766003311882277116611001122002222335533330066881113885522883322446633665544443344008888005555775582550077226677477786462
111221188552266440088882244778800554433883344113333771177668844550044227722001166332226667777553366106655662033100
33300335511777700443366446677112233114444222255772288007733440066008855552211558822045566118844887744778833766656816
555446655222211663344117755118855773366113355000022001144556688886644330055881122553318223332447700777726008664006444842037674780471
7774455557766002211553333442266224466884444885544337733883355881133008888778800336677227700771100661166664055600011422
01100666622118888226655007700004422778844002255664455553300337777113333117744773366776688005877228832444438575111520234614484116
033337744880077114466004455778866776622002288554433115511773300116633441100006611336666440058332233884477226654435682508707521222724
055552288880011007722003355447700006666002255085577440388777788664444222344114488445511113377117733661188343688116627663751565126782
07788227755114411772211220055773300006644771116776688777744665555661088884488558833770222333355338455025544440433628
1004444334400770055774411665555227788115588664488885533220033556611113377550088446688002266336666773388777712333300642
1220077118855333300661155221144117744003366001133225555666688000233447788770311665588884422443644446865722262710284845
1334400777700224444558833112222660055664433221188773388003366550044661166220088625511771100111155223744775544257
15533550033114433880055223300778877770011774455660022440088882288668811885466110000666677662200436643771166384122711
166335577664488003333668877008866665511885522112244774400772200225533113322223377110000601155443300446455558834478845082
1778822447777228844112222111155774444223355440000227766001133881188006666333366556622668833220055331488885522555500845
188444422664455778888228833558866330088001144112277117755666611665500662200333344332233855510554000407747377
2116688001100006655443366335588557733337700886677445511334422778844882245660022876666423382225722675
233224433006666551133553366004466441166115555770055008822888877554458447744002277772258517766237711018
2553377880088774433884466221166335500448866775511003366885577772277661155882222333300228811332266005555220064224400111144731074134444500
2775511884488770077885544776644335588001122445533221100556655008833444466777522661111540022000033006173825280414161337363331
300887744885555772233115500005522883333884477335588224444110077664422004466336666114407775544360788053561888161217
3112233554444553300557700225511664466885477227777442266662222883388663366003333413377332047114100008800618888411
322223388770011771111551133778822006622777733002211443355884477553366881500444488556677664455552255446666342
355883300111122447777002266776666225500665533445566116688223388557788775555117733774488005528881188643313242410884460744
366334477772288771155227788558866553333881177554411116622446677003377443311000022226644440088220011332255512234221600668888061
37744002233000088001166443355665588554422778822550066118811110077117777667733114477526666224466334
3883344447755225533227722440055660066668877774411557766114488663300388645001100770005117711113677321262228
50044006633115566773322111133007711887744224477664455226622778855443333666100884444888833441144657777000011775555337723558033816
5114455667788558877552233224433668800666633003388226611660011884422004400770028850644662111233344172
52277444466336655114488442255440077557788886666441111224433445722110011331158222200223322685833003370008800481
53344774400555588444455003355666644116688221188775522778888554466331133772266770071724432006600002288662230442250822486111120110141565
56655334455773322551144001155222244661177667722774433113366660055000066880088883388433372335811004820730161287851118
57700118800886655661166771122114444007766222233227733881100660033002244333366334411115500551174668888352
588112222661188335522556600664433336677887733003377114411665500227700553388663344777755446688220044000077221800888844585
6113300880033558888778855443333116655221100005555777722004400668833882220773377001177551111553344666674550644886633660411447844462
63388778855776688337744777733227700110022662288221188442200065544445555111122443311334411448711764
655334455228866225566777722117733551166336688554477008822771188338877558800222266660055000066448844661044220322444417443768188
677001144885522553333668800887777442277331122661111772200223388113344115511006644660044775562221168444433554455083322440865558781830377657
70044774422445522116655882200007711886633330055664466228833880011776677214444013355443344810
711668844002266444477007722118822756611701100663355558866753311557200004411446600336622854422448655222511113333034
722660033225566887777005511113300666644335533663311445522446677447766117710444422084488554403337833886555023345780
7334422117711006666885588332255000088443300775533662277774411222244445555223355748333863375664166111182814
75577776655664400446611885544447711116600002277887744115522666688221100663333222233448811225511443311338887335533003377220082442283645
7666622221100005588661188117722443366774400885511552277331144554477775577004466337788771333883352882233226600203
788665588883355332211775522881111448877116633331133001155777722225500337744110000660077338844776644555544008800442277082244666672668206223436144
8111100225544776622007788882222777722885527448833287688446655115500116611330086333366403353806
833447777336622663322116666558866776600114444622277888855550055110000880022441188448811556408712
8551188883300008800116677774455004488776688664444114433882288440066002277117722661116663366556625273333475545857
877555566554488558800553311441155774433006688110077118833447700112222884400224422000644552677337777263333517761644
0440000228877776644442200661144335544884411008822221111778855770155888866555533336633445566668522772233226677337751338166071
14444888822661155775566228833774455881100338877333355221111884466332200660044224022555511227055408
24400006633665555667700883377886600445500558822773333220033554433446611222266887711662233888777557720776177453311402
3446677335577881188885511008800776600224455333877006611113422225566665544777711662238663177441144312
544228844550033772255557766338866444477111144004411334488777755665588332277001100882233006600220057443311846
644773366774466007766115522334411110011637722002255113311444355880088555533222288226173000055787502183862788
74444772244335555885500557766331144551100002211667733330088336600338866880066664133225540117788411122304
844110077117700440055113388663355448800115566043333772244555522225533223344221122765572668833664444662144711
4445577882266777744886633441122883366551155664466880066007766222233331188442200224100005500414133225555435520816
444558811223322775533335500661177336644111166224488337788555577226655446600774400110044220022882222113311880033408050014153038
444001177558877220000663300777744668822661133773322884422778866771155114414552233660055334487002222176655666240308045550255754
44400662277441155335511117733224477110033488833776645228822007700881166113366775555665508663333180
400444455666611442222884477663311881133668866558855553333220077557788334466003355225500111100008822772266221168006887012711715
400223388444422776600004411334888110033112211771111551166552222666677775577225555662248778866330066132363554335058
422000088446633224433885500110077004455444411668811335522330407337755551122118833447766225588886655666611777744887723164607178
422440011332233447777551155550066665522770077222288114455660055335588554412003300482266225333663388337788668888471
466007722557744442211887755220055331155443333556688666656448853226622882277778833880044113377336670111100003300240
466332222884400221166556666001111443366220088224477225544558855551155331122664444281100441177337777667711333348770066818
48844552288885588336644114433112277334466220088770000333388006655778766668556004400777711775233772222113300118477444
48833334444111177440088228811003322773355338888662255220066663300226677776600445588046684222231224722115566557711664701413
0005588448833552244007788775566886644336600113322772233761166220033334464550044110088002222111188555511226421714
0227777447755228800445566554488882266664466333388115555117711113355334066116600114500805766878
0663366445511772255335577116677334400550011554422774444332211447755228800220088886666111132241124665844881108583768287787770
088447777005577441177228811446633773355662233667755334400771111552200225588227866004433224444550033110011333300006644822
2000066334433115522448811116655557744226622112255661133666688882222884400338877660055886677223370227466444040883071080
2224422552277668855660055000088663377553311440011004411117777334166665555118811220066423388007700330027435327887728413
266114466228866555500883366776644001111222244337733221177885564880000557755881155118877774473554300223333120
2884400770022441111661177221144666600115522333322550000444422254433110055775533556688008811887777885555888833447733867766548
600440066775566555522337700778855002211557744551111226633443333664488887711661108441144442244773302028808627461725542282328118585331133538
622441166114488334477664433221188444422223311228888556688665500110044557700008822663388117722552277555533554733330055111155887060720020313
66600884433006677001100554477334444887766222277880022558866115511664455552211228811113322333355337722003388226833657755607
68877005544228866333300008855001133220022116644047733558811112233661155117711888414337777667722775577846
8000077770055551188333377445577662266665522446688773344335588448811115544225500440011220066444566002222178
822117788440033665544662288558877332233553377772277550000888866660044556644226611663300668411333385115555234571402100518
8663300443333775500777700118888116666224400664477334488220088774422772211776677115544110146057783555511332533612113138
8883322441111777755444455880077446644770033118855665500223388115555225511662222660055336633330066628822008867273343578
41166887788003300550088667777556633881188554488443377114466225577444400223333553311332242000011006600773366664833427766121262822
433772277338822000088660022661177668844667744552255335511555577113333111144442233440017556655048643070
4557777881122775500885522224400228833774422000066661100554433660644884477331166225533887711772588882411880135676705114551115
47733330033446677007755225566110022226655772200115544885042777748412233771133117766006666336648662877880323514388368888218811611
111000022887711883311555566551144553300884433220077886633557755881233777766773366668855444466005266447744124333425277221
333007777882211334411224466552200335500554488008855336677338877002222551166883311556622660000118888111144443377442045886666110326376758472
5557788880066225588776666551122338855333377221144882244663311334455441100335277770077547711774424001111544000261180564
777335500662244880055776655113322881188446666772277447876443333111155553344554422225522661122116140117020400
0117700554488113355880000883377446644114433885511115566888844220033004455772277665522553333223366331400760022228866662215006618724
03388884400887733660044662222448855334422776644401188668200223377221100554166333355117702661133112566658301457325015525511
05522440033443388556611446644777755333300004422778844555500887711776600226622888822221122558811880066663657220677448447315681670101311
077774488112266556688558866333377553322773388224444117644223344715555118800550000330044610011114211635540625
100225588886666887766446633337733004455226611228833550077772211770088115544116655774444001133118855543388223322224270667030020601462
12277888811660011554411002233770033443388550055774422446677111144772288668833330000662266444088022211318
133225588771166226644333300003366881100663377555514445500442277447733446666776600553388665566188852882242023212270727883848077
15555116622226655775544332288224466110066441111335777440044770011772258442200771123668888000088660033331448534
16600772288222277332255110026668800552155443355330044112833665566770088664444245555885577661188881177771111338840334
17755005577114455552266003355883322554422000022448888228800666677661166336644770011007777441188146088430043123
18866550077222200116688770088885588002211006600555566226255331144771111777744113344440044227733003377523333681153200
2112288440077662277004477117722002233660055115522664411661188108833174488006655550344288866637355733
233558888664466883388224477110066221177226666113344555566000055001111551144880033116204112533778424440437318767470
2556688441166665544555522770055886633775533448888118822330088003311113366771177773333221122226077447722000011004407642
277226655881166446633888855002233556111777788775544224400553344443322114411000044580011883333648
30011444488224466226666117788442233881122220066551166886677227700225588331100888855775522887711855543221155604
311666644440088441155556655002288338866226688005522558366337744771144667771112211361170118044803
322554477661111775577772200002222771144116677886655004442887055884822663366668811206625556855335510333315280
35533222211225500665566005511447788004433777766110022773344003366444488774455775555885522417721888833882166886666713638462811511
366330077338811550044447755221111448833223344220066113355772277443644558822885511225555301188778840554655603
37711667777224444887733222255883300220055661144778844664400885522770811221155551111888863553333445508036
3884422226622557777447766114455112244115533227722336644337200668871335555228855446600440000330088002058666633182
50055775566114433446688337700665522885511113322447733002255444422667777666600333355336622000078004400116155882211027
511336644112266114400880033885533554488663377550022227733444455567777000058331111774466662281668711821152443306076323342784772
522661144117733110066554455550055116644333388884466662244000022203323660088771188004488268853007788142
53300111122880022443333221188226644225544008877770000550044776622223311003366661144881133444455556633551155774466772277816
56677111133114411770066222244661122776666003355443333444400225500005555338822880088883377887773004855763325215
577441122886622113333226677881166663300225566003355220000880055887755110044224477661111773311554433668844640077771144570013738
58844114488664477118855778877775511553366222200226688332211330055660012888800881033444455550044000744665522442237376637225676166
61122553333118800552277113322114455882233666644883377008844778811003388554466774722888863002222675511557555601171624078704
633007766881133778888443388664444880022228833227722117777114400335544224411557700111100558566004527455
655000066111155773377225544448822224477114411001166226677776644002277553344332200333366887788117744551188885566621132884230704088386
6773355441177663311334400884444668866553377445511882236005522557777114477002211224430775621506
7003300886677448800661111334444222277664411881155883388882233772244007711226622554433117733220044552285000055333366855
711885511440088778800226611333388337733663411554422001166667755772222888866881100660032446644584
72233115566332244008800110077000066442211117755112222005500227788771418668888338855884366776665330547374287726
733110022664400661122008800007722330011446677666628118833553333778888557755558877117744334488445544116688651135604
755220022557711884400886655332211666622778855006644772233554455581144443344113333003366004488222244228800088876110
7667733331166668800664422110000112255117711446611553322662244334400888855007701335555884833686
788885577004400002266115500334466445566227755116677333322110088224411117744443300554471442311381128355528053488784861858
811448855550011553388221133551100777733664422887700006655884433005544776611117711667722775566222200337744660022666255724800408
83366663322330066118866551177775500227700553344001111445555441122448844662288225577443333773355226644222033815564744
877886600553322883355770000446688221177667722225588884411227777556666440066333311337244448344526471115011607
044440000558877003333115577881107114466113304335533223377336666556677662266484
14488334400887766446611553333888844118800112222447733113300770066660266228855035555111166771177227777557788145588642544482
244661177551155337744777711225577335522882200222277006666558844556677886644336688111133331144007722144488338888555544103320887040100
344228866550000114400556644111100225577118822113377417788135546108855887755552277772206773333168888422
54411115566224477440011663355770088221122333344432222552847336666551188880000555588771177781146883866402070406
64466220022775533224455663388115577221122334477773377885522550066110044003300887744111144442222660011682288007511300055418848655
7440011883388558822004477002244664444337766332211228877117733111144227755225577226666116600003300555533551155467777881133410
844880077334477775577110044113388558877226622443311660066663300222511770000550033667744440088114425446644535611112321565
444117788116666888822550066777733115555330055112277552244008844774466338800002222661133336600448566558111821102071143562
4447744888866554433223311110000333366446666116633451177118877778822880088557700776600662200427752221352605730172242502
44411771188223355114433665522885555442255330022111133331100447722774400556677000088337766888455863342661155762
444887755774433116688110022000055558844552255333355113322330011777722115544776677111122778611846622814662422
40044111177113355883311555544885533337722550077552266442222002288227777667788446611881100888800112441406051634
4008888550000333300775522557733884477446611112270222244115544445533556633443322331100116600662211882288148
4226677337755001166006666221188115522880044000088223355883333887722003366111133117744330866884466445555648475741534454
422555588227722115500446644888844116677006622330022661177557744337711445511113355222244778855338833334313228808136
466553388773300224433112233335566228855448866881133661155775511117722555500337700116600552477771100008800788844583
4660044557700776688667788112200008877556622221144113311884444880066558885016667225555227744773344224403223333726385136
4885555887766665566228833886600002211115577004455444400881144113322003377335533330077772233447788222744368888406
488444455112233880066885555222244665577220055000011443366333344228833558666003377556677771100447764007702774411773535421182516267811
000337766663388551188116622771100226644888822887788447755886011112222441144442211554455552255074433440322077733513
022003344114488668844006666551177880077558811001166222255557744223355224443663388226600888877000041227133118300532
06633118888448866112266665588224433002222000077887722113355550033662233776644683333285533447777008177557711110411615525140
08844115544002277771144228888661133660044556677558822001188553333774477335555112233111166552255705502663344330444664481710
2001188334488773322558811113377008822116622444433115555447722886688880022778844110004666677112266142238556655340
222008877774455006633885555228822441133553300002266668881664466554433334444773377614481778100115054218071211400332360431
26611444466002211667733880011112200333377443344885566447722336622881100770044558877888844118863554403025577117777624
288448866556688112244445577338877667722006611550082660022333377553322221144113300005555125544003355204
6003333116633887788115533221111886688337700112200665555007711442255667744440000222244776644662277773344330057284
6227700001111330088667722006644881155110033112255777755223355663366550077443377116688224477333344004411444800558877883388885555360022661177666
666888833007722660033220088227733336622551155335500665544774466778866440044114422221122880008475555223383116131817581024575611
800775577222255661144554422885511773333116600448822664433888811003300547744446677771111837766662277036652140
8220044113322661122117711000011114466444422443377336688330033116655002224772511888844006666274455448811555577775526087788034
86688883355443366663311000066444422775533447788770055001188116600882255117714003300772200222233228800446622624
8881166112200005555008800114444223355224455667755441155331177771133882288776666007733774466336644004433332033411
411557766008877445522118866222288336611337722553388001111227811667266448821444464333340403355558855605510007068430
433222288225500885533114455665577663300224411661177554488118884005582662644207733660033800047006351074787172
45555330033118888227766114433221122444488008855113344775527241100556655777733550041554877117743336633886666816
47766112222775555666677115577887733335533223311002244220033888844668866228811444433440077000055001166551111330066004255864
111337788772222440066888800221144881100447744335577775533115555445566551206773388444426264333485588252
33322555533551188772277666633446611660066771155228822331177557777886655004444113388336688008888442266222211112244330077440000258
555110000771122885500662277554477442255886633553344114455660011665577667777333088111188778888005522668822004404483246661222321
777002266113366330000550077668822004477555544006600887788115566553377443388552277333344667722888622225581118244110421744
0115555660077885577775588004477334466222211000055330033114444220066888822774411112244084866116655466633667766483333835
0331188885533667700442211776622446688664411112233558811006633778833440055665522225555408877114388228840227722630
0555544333355773366337788006622338855227722558811446644115532008866777744221122666511118830445500222244448100117755600
0771144661111335533883333776688550022440044116644778866555522006666331177443322777733005588775577008811888802115511225562623845472222882
100777733115533558844332233661166221177224400442266883388666644111122006600114877005577555500008805652
122770088440022667788003366000044771100662288333344556666888811113355551177332488554444114426557777201
133884433115500220044227700885588334455666633553322872233007711000011444411112244022266225522116686760645718511754
1555522221100665511448866774466001188550000335577228800881266102233336633443388337777882255445588447700444422776688773244105
1772277336677771188664400553300663333776655446488223388555511112255222211445588887744224442883088402200350015657078126800400
188117744002255116633772222330033556677183344886610554466444412882215776855224422650088884043638323331
211660022220066665588007766118877110055225544223355113322886688330011774400331155008811112411447700064455553333882755634433646
233220033887700883366774411227722660077550020006627664476557400558855443344286611116633337444584468035311030811382881815481714
25533550000442200667722223388555511557711227755880055444488664466110088116633007788883333114453224133760033484
2770066112211446677553388116666440000226622888844222244880044115566337777665500882201771183532343630
3006611110055333344331166338877776677332255772200884400445500228888222244778833774444114466886644203366655545612
311117755003355773322445544337777447711881155336655882200664444116666113333448855662277687722110011440077000027880
322446666556611662288443300886600771188882266770066447744835555225577553311550022220011114055476635873107212
3556644886677444477770011333344552288331122008888446622442611881111005533250077117766680033885733604400602
36611003388223322221144008800662266446633555522007766778844337744775544887711888855883244445566541
377881122668855777733003311660077115533888833664422335544555522884400441111882222551022443344774466227722006666132214805086300
38877114411550011772277666633224444002288555544883366880066112211113355882222552230778844667744773044520
500227711332222444488553344552211223377556666555511886677883311117777662266007700661100116888447744004412887728108
51100113366337766117733555566002233008822667711225577007777440044227755338800550000662211888811620477248844541
522114488334433885577333300881155882200110000441133662222555511661111224422665544446666332866007700331177550055684455340067202
56677223311006600220088225500116688887733447777000433778844881177115511221144222244446655226666255544557755863766140
57700556666550022115544000066776600114433220044113366338855118888007788445555226300882255335588771111223311777744775811646484244731072
5881144775522667744333355117700773344228866884444116644553322336600882200222211550055766555601185406
61177448888447788776633337755332200331122111144442222772233555522660066665500005566440044116688334511881106285868082
63366114477223322008833773311665577448844004422777766224466003300553000225511882266468888006676686581117565250125455131015
6555544774455335577558811556600552288440088886677662277110066663311338822448855004445116611770000111148333322337733003366880071864213425222620
67755226611776633771100222200666644880000447744442233441133607777201168333355331845550888285563081
70088771133772288224455334400446633554444226600668811550077665511223300555577888844111188661166221144802255227733666643874
7111144443366775522777700446666551122440077668855884422648888615577338870118833228822555533550414533342022
722000055774455885544443388222266221100225533003366447766112288334411442044665511888866887788108804070715084737552775666676055
733885555004400335533117788444411557700667766551188226622007744881133330000883344558888661122225544224436660684746145210161156
7555511113388007711881144000011772222444488667700666622332266558822005533554433336633146644260047668777337787408
76655666633118855006622887755115522110022771166882266444422443388330011447722504488441133667744688863440788037733520
7887733771177442233000077001188006644754400334466884488856671112211552222555511661100444311336600826666333355332243862585750
811882211444411001133772200005577553322552288887711661644222388558833335566554488440033007733463
83377444411550022661122227700006622881133558800111144884466443344773388886677772255223322104577655533031
8552211664444775511334488003322446633002200004400556666006655008833662277001148225555338811228868437711117722354
8771133114400558855335544880011888866663333776600336688225522445500775577884477772266715555111100444463417
0445533001133661166221122446600003355885544118800557755551144334444774488338877668888666637882288415522665566477
144558811112222887733772200774488885566886600117766443333113300332211551161840022444465777711000085406267578232504057027
2446655551177333366226600220033883322241155440088885566334455205500774444777766114433770068778800018821672318486358130
344110022553355551155885566331188116677775544006622771122660033772244666077338833004444774488443212888877886204223458280
54433886666333344664422440022330088553366005588441177227777665522004322118877880077000066771125113311116611055357337751582688314818862
644007700220088335588774477882244445573227066000033446688001155550055442266551100448888113333885866336666116672818141712
744000033443388111177116677884488558888662200113355660022223300444411442266115500668800555511225536552277075542410777364636672
8447733448888113366115522332255333311228866885500774444110044555577224425116677770066660000880011883300554466540020382
4442200007755002222332244335511228833660033001177006655557711004455662255416633437766668866113388887788118847214
444884477002244222200553333001111443322550000660088115544555388337788667711774466113311662233668800776661004261885750372
44466004488225588557755333300336622774422223388440000550077880088777733115555228866556688335511221111332266714
444110088880011553388111144557755883366885555116644333311886633556652448617442222004400067777227733225477146
40011331177557777220066668833336622778822886677116655225555887744880055443344114422330033224633850080704000212103764355360111551185661
400330011660000550022007700885566886622555511443366661107117744667766338888223344880122226655775524553355447733772833244
4227744557777665500443300773311660022554488224411221144440066663322667755552233447711887788885588446646261177283333686808110383735531315561151
4220044556644001133225511774466665555006622441155336688330077000033880088881188771111678843334733172222128
466118800775555881133887744773377665566332255330066228866005577221122226688335500444422777711445511770022311100852244841
466888844774455665577550033664444225533773300006633440044117768227711555511005588770088333311118860112211402261628
4883355332211881166008822224477114455225577000077887777223374331122661644220022880044440055665555446666884418551868858383430503336
488775566778855771155220044555500222244446688666655881144111133440066003366226644773300017777221188880311037
00011331100883333888855115577556600442233006611880055332288111144887777446622117788224455443377663355226644403348667700771166820
0221122330000334400777744446655557700118877661155004477220066780055116622441144338833335588884488164422854456008266822
066116644448811773388227777113366556677660022552233445511442222666633553333775500110077221188886622883477008877880000346
