44433002200882244223366886677222266331100660077117766227777887733557700112211551166446188338855881140553377555560400
44455004477114411885588001133330088662200228833110066443388882244884400003327460055663545266687667735165787270
44422228811667744662277333322558888223366663377661133445566440055557722000011007700448877112211885511552246553355438
444882266555511338877666688336622223344112244777755227700110044558866008844225500778855773377428886420211632111418305653311754153335
400881111447711553333441122443355000022221100330011770066552233664466661135448800777788773445662277228888226677460046384
40022880000772266887777005555888855008822110033662200664433335511223377446611556633081166667711114867852
42211885511448877336644001122227788666600668800330022333377775500555566554433116622632288884455881088270000452
42266117711550066662222552277556677664444001188603388553322112200441133443365110057446111431163337733583307223888228818480
4660044331155333322885555882277884444887777338833000066770022388866665500557755110011771111225522081134776611442222662244145802163746872
4440022330033663388333437550044222211880055301136441100661122772255226622400866667777117788111155116877682745414
444771177443388880044112211661111335566226688553311442222554466770022003377773300155646007788776633332233408822883650681058427008624
444222244550044661133225522008833667744771100226644112288778826888811885577006655337733335511115555663311660433086
4443344881111006655661166226644220055440088331188004466000011552211225533882228887777557733551133337711776677885555007700330026336684772417466
400551177443311334455333300881111666611004477225577001188662288446677112210336600776688335522332222663388220422777446554645037
400226688001177557733770055881144330077448855334445556666338822221122552280062276711106115646065161323201824
4225511663322884411115577881133773355336666227700447777440055008877556600776688882222667711772011885020664653886611230000331101434
4224488668844447777220055662211665544110011776644338800226633004400335555337755771133336677387708550888328815882277466
4665533888844117777448866883355116600440055664422447766222211336677555544337788550034558100661442608010207
46688447766553333003366664433227777882200662244441100880000448861550011883344557755225555114422228855888877226055421
48888778800007777224455553388114433774411117755666633447711550088225544464766005522330066558100116611813
488000022112288444411663311774400664422661100445522770077882255003344333301446622211588555323887366037
0001133226666773333660077772200881155661100550022882255227755334444774411448844662866376648771166588
0222233777700885522668888665544776611660044113366446633110066772244883333882277557733225555335566605500771000358012120785128
06655448888664444112222884422446633220055118877881155776666773377770000330077433366001233527752521
08866000022664411442277004466116633443333225511222200662233881155550577885533018888336677224455228822135566554408074
20055003366112255880044117700883322335577226655114466778811001166224444334477448877771137668855460066400
222552266441122335577667733336666882244445588884400550044777744337711556600334422772211770461110811686878331133280
266557744001166115500887722220033221111228888118844333366663300445522446688551177554488005588338826441144778860771103773354276443170
2881177771133770011225566885544553311447733223355776622664400550033886677448877888466000022006100811
60044880077557722886633666877888355552277331122118777001111441162224400003300254477443344253
62233880066778888225500222200330007442266116666557777115533236644775555111177263355444411331144552844073
6663366554422667777662211333300668822887722443311441166445533773355771177003388002200008888444100550041885522758868312
6882200007766331166665555440055338800886622635522558811778833227777447722844411443244521
80000221144663300773366226677111177225533220011887777666655554477885511228833338888115566110044448822775588668844550644034
82200771166775511556611110033885533225555444466442233550022448833776600001144772288113333662220665577888847770746663528068875886
8661100776644888877226622770066550088334477113366005555663322554444552211224411551111881176882288402
888446633881100883322221155336644000077887733558855117700665544552288220022772255637777111133112244774433441144826
4112266443366330044773322117744880033334422552277223688555566008877111144005588224611001188113677778888407750228861506
4330033880044447700882233441100115555000655111133662201446607335522558888778811664406333322112222442285354
4555577556622444466440077335588443322582222008800536611114177115340228877881166770066000033004777663333712
4771188442277554455116644887733661122115588880055330088556600003355225500426633774666222233224866813311765
1118833223388558822773300221155554400770011336622664433441100052288776664447711774458112222448844642868088727875141677
33377114422332211226622006688886611338811005527008844446600448877774477334433557780345555615
5557766444466003344222288221144558855226677884400110000443322441151336633770088006652774300220058338888118863516
777221100447700773322334422776666555544552255333355883388748811763311330055000022001155664400680038446445714868812261822245128
011770055773355443300774411444400664422334466550022660033220088333844777711887788661111667755556666263
03355770011446688551177221122225544774411008822330066332288004445007755552243776655887777883333886677316
0552266660000330066558866331100778833221188112244440022335555770088887711448855446688445533880288225504233347356
07788557755441166445500335566113366882233112288444400553333222244771177770088773300111155118800002200667766004522586626366
100557766881111440044227700772255222200006655554411666600886677112288003333883355888857887743036313432
122226655776688660044667700775511884444771133338855558811552233556622000033008833663377334488288877772433166610664424580054102
133886688221188332277224488446611552177003366773377447711485500007755330055558600262
1558833556633880011446666000077224444553311004488113306886655118888773333447744222277554436228822340855752205021842625
1662266668855660088664477667733335555221122446655770011778822220077228882553311330033443377115500551111440044110000261184863
1772244112211114455228866223377005555110000442266775544006655003388227733666611660011881135880077115844888777643462544207478
188881133003377884400887711776666448866333355660000773388554422655588220011004441116755077743623
21122224477226666228811554422005588777755118800334400886655006600004417888844555533557823332633664433846
23377666622115533884477552200445555114400335500554411663311777733334466001133000022248833211127006888178877156
25588330011221144337788227755448800005566222288118877665533224411003333663344660088666677117776445511555520661115068
277555500224488333344338855880044777788228877440088886677110000554444111166001155666688446633017705226361881141231533557373251
300442288447722441155221177557733666600007766888866111122665544005555887744556677770088220033883322763344881133335188506
31133883344118844330000446622444477771111770077554488227744556666551155337766367788112222552235773066005555001644008877202
32211774433554444111133662255338855777733008844003377001155667711666600668866110000778877224488827755842222345555212
35544330055001166444422338855117744775555336666556611558877880088226622000033331100440027334411332811888861412
36688447766001144881177115566337744554422664444335511118833334411223322550000880022228888555532116055775584007700420
3778866006622226655556633444411004400557722330000777711666611335588880011885511115500331122045544883333887765336433284464742
3886622771166772288114455110033550000226611887744770088333311113300775555885566553377882222005344888466077766425232421
500887777228866335533336677447766885566442266602222775555111133115544334444004468873387114450337410005
511554455225577220033770022775300441100771133664400884477882288111177332244663333443311661144888836667766000066544
522003311777733666644223377226688445588333355110066115544770006330222776655016677885533444433888822557755587711332288641111246
53377227788224411336644332288666611447766331122110055225511771155003333008833440044222233567777462266587730775011100020684808881
56655775500220088332277661166226666886633553366442255554477440055881122444411448844621177887777334433018888023388522
5775511001155888877226666553377006644440044334466112200228822331133880055667766333300777711778857435606818363214161173
588886622330022777711554400663333116666773344332211778822003388776655735555225536005500112222446800441111445511042
6111122223355887733666644000088662288554433226600330044117755663311338822005577776677006653384466881164442800114454818070247
6337711667744776622331144334455115566660055227722886688112263550078441188004400003300888833885200682
6551144441111007733552211770066778877556633772244881188666600883388000055002200330044662266847
6774433776633556600222277336622665588554444220055552211116688661124008811770077778877118888001144566643330033113320410728483821575
700775566445533330022555522663344776666554411222244667744888833662233118811335511003377111400442277882288657722000088773328401800605
7112233887777553311003355880088883322881111886636557700222266448844773511778822116611442200440010666600554444667722743
722114400883333005522004477884455770077113344442277667733116622225588718811555566553355112266663322336644111170224611003370106
755666677115500772222118822006688003333111122886622330044440055778818442244552255441883227000160023451
766118833557711441133225500663377330000775522110088882288004444222277001155443333886655558855662266664455311122047
7883366116655006633443377776666003311110077004444554488441144773422552222112288551186220022768000867640124260523
81100662222880000771144336677770033005577223333884466661133440022442211227788774444555511115566441185801
8334422668844006666000011223311778888774444554411446644337700228855665511882200881111003300550077222277773322552214880622447766135533686
8551111558844112266334477883388660044332211440066555544887777002233661166776666228888227755773377222255220466480
87722664455775566002233001111662288443388883333771100442255558855008655222055115544117733661133447777040
044442255223388555500778866440066227722446633665588777700117711113377331188112477641
1446611337777660077111100445511663300006655444488666688880088556622883322333355334400336744222255220022472
2443322552233335500555511118866884466113377110022883344220066330044114477440000778888258566776600331166253
34466000033008811114422883377005522556622113322774455771177776655118822001100440077223388885533335588778866663366875555043484144
544338844442266440077335500110022774477667788557777118822334455337700551144660066228866332200448888336666158870308005221412556
64400558800663377448811445544332233666611662266008888225533447777227711778022111044450000775577322245101
7442200553311888833337711007722113344111122443300666655556644002288776622225522338844558800336500114461615
8447733777766774455771166886644336622550088111122004444118800661155440055224422223344660077221108226311783333553328558878838551330
44433337744660000664411557777003311001188883388558811666677113322228800227766221122008822668844005511117722552233007733553346336611475
4442244332255557711884477002233113300111100558888777722700088552202664406222288333344114466336666116608115533782488612178045515654503538
444777722228844225500006677116622775511446633113322330044002205221188776688117788886655661111555544112574885588064
4440088555522007755115544882266668866112244222166000024114033337777338833556633118811117711006623667766401133404057880708474
40088004488442255444455221155000877012202410188665555883388111177116611336666776633777733330278882688564343235
400552266330022882233334444332255111155336611888811335544886688776666773377770066007755516652114177427710331240004640162
4224444552288666611114466888877770077227711884411221155764433335511331166734470338833004488110011782588553364050325655
42233441155004444338888117733331100224466222211447777883355558855667766372288770088000577111122551188665527553544816611345
466880000220088226622447788881100772224440011241155551188666677413333553366557733111168550033806
46655667788881100223322663333111155338866668833662222447711442288555588773344330066117777441166007700444577576642772211318
488773311220000110077552255443333005555661144667744004422223344728888444411883388664451336633211156265851716600381028268660608
488006655446633666611330055221155778833551100440000887744532266442233775311118811227722001177116600770022228888424
0006611003344337755882200228833222244886655233388774477770044008844557733663355330077667788885544416666817725662555013121811
0228877663322440055335555772266882222773333770044114466552255664477117777880011007744334448331133003388661111854
066778866882211008844224400114444772285557700002222332200446606115533445544111133117711225511664487335527558763043387436337718
08844007711338888225566558866883377334444887782114477000066003300553322776677702222441166331111004433335555742366661625154526450
20088887755337722448855776688336611773322774422330011331144003344778844460022225500552211228622670
2225555771144001166884488003388223322000044666655118811002215330088775522663333664477667777337748856627254
266777766885511115577331100770011336633774400006666444411228811886611771144227788882255887755008222035555424
600773333443377881155886644885544446655332266111166880022445577770000884411221100330055006666225555220018222277247
6220066336600558855226655556644557700002288008833004400332255115533554477533311771111221188116611448888667766607722201777374464143
6662266112233441111008888550044887788332277445544221166884400057722552244443311771155113366333377335533846
68800888822666611556677886388335544776167005577111100773362225500330062444455114411774428443344032
8001122668833778855008844770055440044445566557744331144661188662222703388221133558811116666741150223322088
822112200446666003366222688885533002011006611667711881144778833887744443355886644008844554480777733775577042
8664466220066005533440077000044330022555566331166550088110011336688885588448822224422332544445524774411117711466
8883388555577446666887711333311115500220077004488112288441100335566553344005544224450006600872266223736477780163
41166661133770066227755664462558811228864443355778800883333111100117711521184773347776077422200324
43322773388221133441144556677000066110077115522444400887744888833776600446633002200550011885588668814228807884666222266451
45533661166668855772288441122227777007733440000883377118811110022113388775511443322444466225555226677464055888800115500423822006865654
477446655663311666600886611228877662255002211118855448811552233777711775555335588226688333388867780664322413300514
1110000775555225544226600338866883311665511556633335133448844667788008822114477228811222233771177776611874046220022464012766
33355773366220022332288444466111188004433774400008822668811005566775511555588550011664411730063113488886474553421254
555666611225533332222005511554433445000224466541100886606228833887788448821336677774477044426314
7775500221111006644881166554433442288773300778800332277441188333388551176335555344455888844605522557472604
011332277335588666633331177661122887777554477441100771111556688448822114422336674550033000055334166552255518066037386422202462
033220055446611667711880011445511338877006600228866223333772255708888550001222266668822442275552833443366584
05500226622554488555522006677551177224444113377881122116611883344660033110088440002333355332733015577771111470686466
0775588883311338866880000665533778666443344110022221111777722836677444477114466112266225566008766352244820
100448866330011885522114411557722667744331177771111336600003388776688006655002244775555445588442277883322223372844
1225555888866777788440066116655115522331188553366226666883377222200880000443333007733447766441500338822770022142244448877545
1335522448866885544333377330088117722770000778877441111556633116622660066667711888833880011228022223322104477534444025654245613646
15555668855112277887700557755445500777744337766118822883388666600880000665533552255840033002200146
1664444331155661100550022336677003388880044884422882211118811773322225522776655440085553355745516224466033344126
17733111144771166112255666677662233005588778855553322774411002200334400442240886655777722228888237758463333580
1883366338811778877775511442255333344885522886655664455554400003300110022008800770064772277346
2115500226633886600330088777711337766556644220011444455335588882224666611667755770058481177880181012
2338811110077885511448844774466771133000033773348001166336648222277772266221122405533555566554333117755704
255663388330055226611000033227777880011441155558844771177007733551138224422185577660066540042220022808
27777661100778811882222115544330088448855003366337744004455553333886622666600220055772255667751224422811144446
30044441155558822660000110033225533448800223311777744007788668888776677222211228855424188111136114655666625250
31122555511005544882288440077117766008888004477332244666688550066116677770011337755772266553333811142122
3223366446688553333777700667766652255447755618877116044001177338822441133111155007788112433044424583347280
35566551133886644887711773300552200441144225577444466111218223333666688558886227722826433777755334400331077850000870
36622224411445522555500330022335511008855661111334400006644338888660077553822001122116722878
377440077334466224422884444777722116655443311223333888833220066452266776611335533003366685558004000510811787
3887788332277113355441144884477225588002288664400770000660055221177667734668811888822261100111166665500351
50066771111005522777722883388776622220011445588885555665577336611774418443322334444664470440088007266002253330033563310048683721244266
5116666221144660077118844448800661177663311220022283355264455553333885500558888778826775577337777442047008860334723236305654
52266110033111122225533887700441177888800773322776644334488444422336666228811333355663377221166771144557748220022460055550186865545158
533006677220088778800007733774444558866332211331144001111666688448822555577661100446605226644117711881122888366524433522
56666440055880044118822445522116688883311223388110077117788663300660015003322662277000466554422577768543
57788777733556622440033225522117722663344448855886666113300447766445500001188338800555511006600723544111155365
58800443366110011338844772222883322556655446666887788114455000033551155224400667711860022008700763
61177336666223322552266778855776633883311665555333355114444111100558811301122118877184400442200002546007700374
63300443322338833770077228844773344557766442255001122448822226622015555885541888801666688665333613351714
6556644331133551122115522332200224455338866774400882288771111883366337766668888558844661066207
6772222442255005511448855663388882288661177884466220033555585230066660011665003668766445411113311847733240
700446611332211002233662200777722441166444433447733330066331188227766008888111155117711448877557744042688065588555523886545053
711446600222266333388444433445500442244888855882255116611552277662288006666772211770000110077773300832204037111235311864
72255664422441166551177773311110077555522223377886666770044776624003388336888771147450088458815701
73377888811112211000022556622332277552266114477776600665544886633666044118822885244442207443344522711770721635151331303833
755001133664455666611557766227744334488447700771188880044110033555511220000663332442222552216008855887788223268102
766661188668833007722664477554433551122331133338855880000110044557733442277774411444622111155552287016
788880022115500667755773300558844225544518811117722228856663377443388764400112200007322446622660033110088335366533
81122110000660044882222880077440088446655667700227788666644226611333311550411116633662233225522485533773355558833414
8336677660066224433002211220077331166334477880011553388225511118866661144113333557755444422271100332744004455550055877
8555566110077004455884477331166220088228811117722774433335533778883225522112226001144118300334400213364448421546057175387606
87711664444551144660044113322448811774477334422007755552211557777665548410033666633338866888833001288226622527
04455888822224422772200554411881111335500002255115555221166443366007766337755667777333344774444883388761122886322608
14466115522887788884433772255118833003344226633660044882200221177553333550066886644441133111162338244512
2448800220066555500334466888822667744330077552255111133773366331177110011441166000044776644442288338844527788777218681
3443355667744665522887733004411220088002266005533370066300036440077115588551135001144778888222211881166686444524422711101748
544665555228877002277116611334488883322006633885588443366772233004411551177775577445503112211864477337786225356860
644443355556611668866004462221100551111775588773311440088003333888855001188115533007788337722336255777711228822624
744665566337766773388668811112211775511004400334411332288443311664722555588552233330088005548882222678877153
844776611777711443300665544887733118855007700553388660022772200001133335588112255115555778833446633667755668888228800332233774040824646222262152
44455554422333322221133775588662255772244880066773355665511446633461100338888336688550088228840220000112277778300453311707
444558866440033442288555533227722337766554466881155778833662211887711330077333311770088880066005500443472220022548844114011600261011122482
4445566116688113344115555221144880033336633005500002288554477226622773377440044665677008833110077771177887756482222006883818243576253223011112
4440066225533554488881133442233886600772222883311887744116611773377885588008240333045001700200055152565776715575
40055001166554477553366114466444488773388111122330000332288551377141522108833302222662207776677084866080
4007700113355554444884411223377774433116688336644773344665522220044226622880031771188882255885566667788708816005634500
42288116688773344002266444477448888337722225522335588661188556655114455008844111133110011554247117700004600330066763
4223377222277117744447700118844550088005577555533558811665566885522551788338866663366006622443344102
46666774422884411668877002200003355330055885511771111444400881133112211556611847781001766224555033327336655275543872
46611882244000055222233220011447777441100448866771177337766331166008800775500338833334445666645468555330022551155870062678
488881144115588330000666611004400884444773333887744336677554466007266331166556622220422118866413322337575153555052
48822663300445577220000114466007755224401335506228888556611667704223333883322118811227788464655551155466
000331166333322775555888833777788228811444466662255226600770044885533001188773122224400556618008744320022357544150
02277440055116611442244882211003311771133555533007788441188008877556655886633667733337255023322220283464
066110033228855884444330022331155226677775500116600008811113366441188338400557766337733335533442222554466655511404
08888228833220077335522778855777744114433003344555588447700668811331166005566221155444422223388004400225506551646367266124
20055778833888855881122337722775500440076117422886655445311001188000066002211666622663300834444664484111150313142425226867
22200006655666633557722662288558811004477005344224453308834002211227711888844448821116611460016468
2661144882244223355556644665533222211552255884454402200774800336677513333006633883317228888176
2888822773388668800661100447777662233003377554488774433444411770077220055001122114466002222413333551188555533115578336843200
6006666443333776655444422663344887700888833221144002255004477778822338844667722774611115555222200553355773300336807551122471175681
62244226633553377003333008811775511665544000011446600228822212188774411338833666677888866880055850777332761110523455
66677772277553377000077330011113344551144778866557555883322226611712255446644338855228811550055641100444400218871636
80044665566336688550000112288882266002233222255775544770055117777666133445300884433331111441188338811578867442244087
8220000113300663355114477881100886622550044117700775533116677332288887777668855774488005588442244665544472222702
86688334455114488441122557788115566777722882244004466226655888855553300220077554433771166003355000011008800661111833313644
88833110000771166775533445555226655118877225588556600111155447777003366880055002211338814886666220066446633004400882224237
411226666006688332277662222114455663388007788881177773355005544665533000011558877447722886611664422002244882400411
43333222266668855440022008844223300776622888800667711882255336644114444555522446355115500447744827700331100113377534
4550000556633888855773322007777660022223311001155114477552211330044225555886688116677224466118877448281771124111644008433553344433
47700446611886688445544333344221144007755882266228833665555777768000055330011008877117788111155113200622
1117766006633775577118822664422008877446622113366885544556655335557000022224400441100331122881153880888334788630728416143332
3338888221144885544008811004411220033442277552266660055668844332288774477002233001177115511667777624444557780607733731253622003546
555775511444433664400115522556666338833446688553355448888228800447788661166226677333322337722227740220000612211003311730080711
777111133885555444477556600007766661177331144336644118877222200228866880088116455884400557700625533446355023322124
011885522220066335544661122443311662255003377883366553388117755880077226666000333448822330133241111040
03322442200555566770077882266227755885533880011008811665500006644660455771111777766334477444433773333113364118833528
0556611770077554444226644555577335500225588666622221100336633008822884466777744885522006688338804771111227722337764113311540
07744880033557766002277333322005500663311337722881100115511770088662255558833887788554422223304661166771122111188884477736666544
12200338888221166552288770066227733225577663311750088441155111133553333001100554488334422444472223688000044346
1334488228833110033332277005533556688665577114444554411552255116600221122442222308844774466220011777555000061185
15588005577008866771188226655446644888844775566223300003322112277224433337744445555335516842043663527850
166554488442288664466115588338811880011227700856600226633662066807733335533775555113311445507671727444433277
177226611336655667766444455774400118811228888224433447777115588552222332200004466005500770066663800351
18844221144664477112266663388551111661177331155335588005566770011336688145500330000883322886600777755557788772255220064327
21122226633881177001111668888660066776666555522887733550044003366441188554444225568220020074477771144843377245
2333355003300887755665588220055557766446677334477886688862244443322114422771100111122822777000065336411854400715
255887722773344884422666644445533117777552233006688883388005566112200446600110000333322115511185577002228154710874
27744114466885511005566553377226622880011881133336611116666773355007788887766443344532211222200223422547758384400444822486
3002255220044883322667777003366338844550011006666882277337755443622880000774444224411440088881188558866012231556211316
3111166661100442288003322224411335544337777112277881144667755776655556633447733885533360088887744000012170077244
3228888117755226655001111331166771100007766221188444477225555330055115588774488227733554433336644224400223388663370334411222044666680845611460
3552277228833005566662222554455338866115555007744887700226655117777881133442600118855880060857711116477346
366004477882233115577442222887733777711334411114433007700221100338800665588112244445544066677661266820
37711002277224400880000112266774433554422006622228888665577884466447755661177333344111033104825251
3881188226677115566444400445588330033222288886688770077331122376600114411002255552200550000880066221855442466553434884476661
5008822220022771188337766005544334422553333226688661177446644770588116666773354884444124404523
51166111177550044556644224433884477114444003300883322773344882222666622881100005555441138885588668877880255220466374
5220077446677004455668855442222771111443311001177881155557733553388003333440022886611330006444417550888777722524
533115544888811336688660044771122228800776666772255557777006644008844441144335511110011661422002263227788223333005522150
5667700008822880011004400550077886688885511336622661177118877227766444411674433338833773244775577758844881555445522022
5772244225544446622228822000025556655332033887755004411770011007711114433447744081133116611584
58811770033224466448800005511447788223355407711225566115500660011104866663366883333773318887777684
61188004411776622448888113377115544556666550077444466001111443366333355884422552266457700227785112222110000620083005322838732375
6330033667700443355220055008844660066555544000077775511117711221166118866887733388805776622227722483
655771111888811664411336666884444663344552277337766007755551144330033223388778866117700556622667040225540110242115222820
70088226644881177444400666677884433111155114466001133883355225555880022223300062243332875668855457
711556611338866558877888855443300553322331111442277772266883355775511781100118800882200003333663344004444667244121
72200445555333366006677332288778833441100771133112233556666446622554433880011775500337777448866330022115522770006558144022266116687642475718114451
7336655000033004400776644883333553322228877770022006622668811331155551188623344337855445588884422111144144
7553300557711555500004433332277776633110033773388112222114444224411664455226688882288662200225547223366001137880076761658785836684
76611002277006677555500336666554444007788113333228888773344552266222200442211225511884466824411114433508741672
7887755228833777722227233447400005572112266703311333355446655332155550066663300880074336628881188558826814
81155444477113300005577558877008855112200661177221166443333774400442222880011110033882266223344114555265533550633266606867763136777378
8338822772211667766442288778811550033007744008855225571118844660000662233555533332200556655880011745514443344863366847
855221100666688883322224411557744440077116622882200554433446677784133663333003311451111250000418
87777112277551155665533668800111100441144445544886600776677883388228855888422666633716622225522002241813
044334444114422333355448888330077660066556688446644551166115588226622555533228811773361220022175500880000574
14422221100550000447733223300666633665522668877002277667711338855883311888844556244441111554487443344046
2442288445555772266005511117711881122003300444466110088338825888800243377887777001133407766886666400066256
344775566113388885577007722881111886622110066882255005544552244887766001144440000227744330044222237341
544665511443344112255882277228844776622331155335500506666336600777744880044224450222266888833886644016
644330011228844667788116622772200882266550022110077115522334477554444000744225566336608555577332222488866883777617701358
74400334444114488227700225522004455001166880066442288557766117733772266554433336622111466007777887755124388335588463
844222288335577445511007755550011223377338822553311556600440033664444666611118866771144772244885588005344330333221208776814178
444777744880077332222886688881133330011445522662233772211115555887714335533667755003348331200856633854066500
44400882222113322776666771166330044778866110055220011555588775511770005448855068888445566226604223333772254112281114311834
44455338800662266774433552222554488664411888811556666112244000088221144770044620011113311003344273300550027672555133365832
444772211441133557700007711002288660033778844665500668811556666336622661422220088225588554888773327434
40077446688778866112200555522770033777755008811771100666600226633332233114488553355664411334455447444283804382
4002222001155330055004455111177112233335555774433113322662100778844772488336633776655661166660446768866438801481345887825254
4220022660011000066556688661133663333773388552255775555004444551111224488772277664466770144335588115544116666221308040473184833482228832
4222266440022770000441111224288884146008866330033553311333377338833261188550077771177857755556655452347451580576720106
46600003366227700661155331122333355777711008811880055004403442244774455117788222265448111332211430162528203738
46600886633771111777766114400331166883333551122442288443388885522005586444555332233672255000022170
488882266551166885533770066446666774411004477558811771111443333445555442255224444008847660022118833662233805122220617828733530277772326331
488774422770011002233555522881166117755884466222211444400771133445500441188553366665566332255115577664888638833078801254
000555588448822777733881155446688557722550066110044001144226622111166002288335511888862443344571133117744112077032
02211551166003377552255008853005111006666772244440044561122880077001177331188778844114477776688227712226622333366438
06600223377330077880033441111447766335566113366648865775511221100443322225522442277444408333388445544682
0885500662288227733551177778800113311225533660055226611114444645811000033441150443333074407138
20066003300557744778844008833770011745533228878226633448866222255000133335555885522336666444155665511667111488182710
222774488007722334477666622665511754400668844220000115500553355283333113378604444118811203
2666688886633220022558855222277884488774422443300446655557700003311001122882624554411551144447355334401338173637165056331118
28822443333117788884466330000441133221155220033557700662277334444007744216644554488665555667766110055847777102
600884422336611112211338811886666222244440055882255554411770011007711447777331155000048778888333377516
622003300225588668800888822774488338877551166557733223311317722115544224477114400770000550068445555276855604444641
666880011773355777722220055888822112255116677550044887744228811115555227711440077661188663333665533884455662233778410334433224
6885544880044111122661100224444223344778845776622551155886655001188338888222733663333553300337700555566667755277727108
800888844772222771188114433448833224422007766551100667788666600112233775500444455226633335544005566885588216621736645700
82200008833334488003322556655557777445544222277886611005533770077660066441133666677226622117711224477350044002184644521458
866221100556600337700002222774400445544885577111133332244331166334466555500112233552200883300773366777800664411444478451176858
88844447766556622335522551155557711224400550022777788331166774466441100330066000855333322226633668822880433881134558878620
41133227777000022335522662288550055336688116611773300665555112800334466043311884444774428883377111155666677557788245581040
4337744222200225544118877333366008888664488555577005588110044006666880033224455227788447755115501112211446233016
4556677114477446633116611334400668877660055777700112244880088225588111155222288451187226622332210220075003366453
4778811223300113344111177224422661100771188666677774444665511448822284455440055002700660033336633556688004433716
11166110000117700774455224400668877665566664444777722113333002255885533555500336633223388226608881488346
333111166885555004411338800223300660088666677665566226633770055334400112200336644552077884444888877774421458811773355775511015
55500220011447733118811223377663322224433444422117788338800557744885533665588666600662455667700771166408
7775511224411337722664422331155338844885544558866336622882255227711110000330044776600666611440021668833344888008817805
01166111177004444333311884488772222441122338800551144558822550066221688335566336666553377667777126644007200008888552600242
0332200882233554422447711445500776655664400222211880044110055228877227755558855338844448816334433688255174462670
0552255006666441166001122771155445588008811335888221144223300334433667700777722663377661177331100440222432206228386578746811
0771122665511666688441111885533663311550044338810557766445566002200886677778877440033001700662233332222888733772215552755835544842
10044772277887700117777440022661133555511552222330066443311885566716666888866338833665588145533332255024
1220077770000446611337733668833110011660055667711884488664455551155444477440033885577524433442277222233332268778827635804188
1337722118811558844770011777733556688776611220077116655005533667311442244333344664455554488330033886666006622663234140024482040888850080
1664477444433552266330022334411221155455566110011117722882255332240075588886688338802778711877703165
17755662277221122443323002644247700771133552066557766668800114444558844888344111155118044638
1886655883388550011664400443344554477005577333377663322442211006688007711446622888877555522551722227788435
211223388224433222277117700880022665533440055113366884488778811115577772255220355554455075566774477664411062
233113322005588007788445544660088115522772288221188662244885533337733668877556611003387116666776654006634777414442430200010464
2555522775533666633777722112200224411881155774422331177000055662033444488884477111144551100885544064
2773377778877440044886644442233552200881111770022228844551133882246714011665588553333666611226600018808862506368155754561055
30011774466225555886600440077550611335566554411883344447777664455116688778882333377332277111155770422112222831105326
31177221144227711556600447755113333557766663344552266220088007733777744881188885588228836884677806
3222211774422662255773377223388116644778800334400770000551111446688220088556611002277113366686835228877612244344840188755806045554535077
35500551188006633445555446666552222774488662211333258116644000011772200443426110036088837882717376708575847787
3666633884433220011444455000066115522331166224488333377770077118822885577225544112211113344222266551100227640853045603055558
37711668822007733111122336611885511553322110033448888778866550022445522776622226464333300008833881134114444774420684408070757772
388447722776655553377118877441166223333224400885500330044431133468888001111551100558811421
5005566667744006600448800116611772233665577337711333388227788886622112222887777658811110022500
51144662244775522882277115500001166002200770044884444117788112255554400553388335577221133336633006655666644334455886688518
5332255446655556600331100117755773344883355000077664422663300440055884444116668770022008800688
5668811003322004488227755222233551166117700885555337744446600228833334477884455441188886644000055006666726624207633065
57722221177551111550022882200771122663355224411667733666655448855664466881100447777883333006620334455558866113311880000143328440083742443860
5880022667755332211550033771177448888551122006633440000778877662255227733118844111130114422883455664466824
6114444115511000011886655662288003311335544553322223388773377667744004488447711772266883333005555885522582211112244320
63344226688660066221100881122773377770055661155885511333322331177887722552244007744335555338844114466444455048
6556611663366007744221144006622008888111188447763443355446733352277110011772244112488005824445000478751513770302
67700661122227744553300118844003333228822336666004433550022557788885588668344448261555544111144710
700776611773355667755771111002200666600008844004433444488778833777722441155552266554455333366331166221122223011486688805640318
71111335577336688663333007755221100664455554433227744660044440000116611226655881188528833888843414
7227755446688338866662211116655777700667733334400441100778888001155113322335422225444748
733330055552277660077442244558833778844881122663322001155006666118800336677753345664233113358665288287
755552288008855002266222277666644220044332211447788887777336688118825661111000011770055883333554400330077446653741
766770066225500553366447744557722220011226655444411002288556688661177773322771155114422440000330088004600766633111133888833435
7886666883388557733442266554477772222776611664411774455111122336633331100113300448800335750002200582210724
811113388885544880022770066001122115577110044008822000077551166774433553333665566334422441555225580550233272686131306662
833005533662288558844226644665522448800220077555566774411334444333377331100663000340088611155112811482
85533886655773311443355444477884422446622775555007711222200332266110000116688008827006600552766664777274880258046356
87766665555118822778833888811771133334477441122116688443377786633550000156600228085448300557444662233142266140
044553388660055448800772222776633558888773344112288555511002244226655003320884477774400116611336666882066770005664466243333144
14400888822881122221133556611002266667744665500664444224488331166884433775511557722000055554477007788004383334606263363230
24433887755773344771144666655225533002233772200778822885500660055558800884444116633335511113311777744554488336421588
34400227777008877551188000066886633226600338833335588223366442211331144776611222288873300116666224444115522011177110577445544648
5446677445500777755552288551100331144443366557733000088118866226633220066440177661155335588771133427
64411771122003322554488334444227766331155337700667755007722445588555577888866111168000022110011428222330055226180474353633
7448855661111222211777722770033004477554411667711555533332288336622666600668866346644225511305578045505240
8446677554444330044553333115522336611771144005588883388550000666633556688007733448166441186001100221122772222447777665287074267820111325
444222200666633555500888833770022772266001122882544771100773301448811664408553366118766577787534327431
4441144886666118800887766555577771133664466330077447788331177338811228888225566004400553322001111550000654422775511026
44400448822446655881122332200883377775500030277051111045522664421771133557726888855553388460188766676280341631
4443388000066554477115533446622555511888844886677668877005522223322882244117777556611278080774355773366302
40066667722663322334466445533558822112244884422552288117788886622775555003300480011110000773311337743338222051155456
40000558822551177557744883311224422881166111188777788002222003333663355334433004444115500660077337700855524554477265566846
422558833446633335500002222884400112200662277448855668866118877667700338800443377554455552244773366441155331233026655144
4223355884444331111771122662277334466888800110077665511667700003332004488554411886666445555660088222284002067475527850
4668866775511774488442233336611001122550077662288334477113311665566337733004788006600885588222266664188172
46677557722660033114455333344112244338811771155447700001111332288883300880066227766556644885511666688663077882055202
488008811447744331111007788330055884444556633335577662266771188222200223366660066100014003424146047577707273
488884477442244333388550088005566778877226644000022111166115555771177551122553355444466662222881102060344583303632318682377370777641
000338811006644001188668855004422445522336666113377888877228822557755444477448411777700771111451155556600221122067
022663344006611113333880055775588116655228855443366441100115566777788660033223311882211772277335511224455553688771447462222550088883070466008420
066334400556666444422553333552211774411886655775555882264550088502277331133772233222244330468336888111163887711428841020
08888220044443344115577775588446666006688114488770033772244773366116622333300776633227711774422555511112218556655283866740
200447788221133775544228855666655338844007700225522246633667777112011444488668833003335776648850055558177415511808
2226622441155668800227777116677663311883366442255003300440066661177221111228822033577887745114548110137065756073
266883355665522223322555577220055444477664466334400004433006611003311441111333366777711774428481160778858001188688
288667755552255441122770055660022000044568888003333578877773366337744221133001111006622332222440444331144661166564
600112211664444224411550077448833886622666611771144551400420033335533227777887755888800885577000055552288267
6223300773388884466005500663311117722008822447700001133228811004411885533552211557744554442555566667766836641634787577
666223344554433000055553311226655663355114466117766447700113360448855883388442200337722771185222283221100773337411160875
688664400448833114411882200776633222266777733771122336622774477001100661155884455446600228855775513443388000033505
8220033007700666633334444555500227755118811443366552266446688001111557711221100448477776677800566025534028
86622004400882211226677113355002277001177665566007733334455778844666644116688555511005544448883006003774477224433831155225583228361842232214
888558800667711008866883384336666446600111144441133220077553377447777227760440185770485652222455505128
411442211886644440066111100553366220022260088550077487788400033888833777700417733558821633321330125115555272345671577675
4337766000088441144225522006611002244440033887711774355001188228888112277883311116688064333657775551
455117788556611667766335533665588886644226700673300223311112200883388000055003333713321004433440555748818741
4776600884422554455111166330066221144883333553388552222440011334446888811880022007777000055004866117711527781028
111330066443322225588002211000011665522442200338811778844663344888877776688336611882288660077227711223577326744440085645
333447777112277220066664411443366778833775533117766884422448888005555774440221133551155003300485588773326365526211108116827086
5553388220044335588556600770011221188880066332244000033336644668811115511334088775522557788314288422237126
777662288003388227711330055778888773333224455660000663366443377440011007755002222117728554466555533551155211181444480841344231
01144888833666633880022115511113344226655882288550033116622225577661100773377771177005544118277812677447720664444333353200
03333663377004422776611440055443300664411665566888833446622335577881122447711338800117722225588660088218844553321000075248024450515531
055444400006600447788777711117722770022113322224488664422551100881188885588331155557766882233662288007733337744338011261144116657535033034
077113355332255664433115511445577558822112233663388662244661177337788111188880044442277441166601100222287226477606080305702077
100118822004477115533334466116666778877440088005500227706335522117513784455554444164422225588556622338833228866057818830683165242636
12244885577887755660022004455110033776633331111553344301137446622667732772238116611447777117700665588221188884055554085200
13355550077220044447755448877114466225511002222112277445566331166665588332233006677776611778866882244052738011
155663322227700116611223300224422553333888844334466441111881744008855228877226688666677665555004444773366006627151
166330033222211556622004422557766447777448888118877113333112288668800882244558834007700002677346600141
17788443311442200227744557711110077333366330055882222552288885533440088064488115544118877555677776611662233772244666653544
188110022117744662255000044551111333366558877661166770055775544773388584484332233708633442244044
21111664488447733888855224466776666886600441100114400550033337701334422722233553322880264555515783
2335522005533000066774411882277886622113311440044881100226666001177332244557766447722554448022281215
2553355220044557711223300002211442222447777660033888800773320550088110066887755558855115566554488667788217724664403111166361
27788221177771188114422558888337766887722002244115544774400446611112222338855226655113344880011008843228300666646335533360567073505775
3000011883322770066228811334477445533338888222244884433777788761122660075766644110088004422551155221166886655556365850
3113344558822551155662211885544332288771100660055557733661111776477772200441122600088188377448522440022301
322776677335522441122117788445588668888226622008833330077706655444488114422555511553344331166446666323805787506160408556
355001188006688771177665544336600881144774488225511334466777700331111553377552222772288407780226622456636400
3660022003322666644885588335511006688777700008811886611554444775566771165007788884400557733774211338111422242327
377771188113344111122660022888844774422000066776611772211554433556622775522553388778866550011004466664400731144448362430033322
388225511447700330077223377880022773366111122224438365500663677444422666644117755445522885588662200008888140012187846804055553575660
50066554400224466662288775522776677441133888844551100447700556633661177221111555533112600116000330088048
511006600770044885544003333661133116688663322443377882277157744775500228884225555222204553345865566664766773
52222115511777755336655885577661100330000770066227788771188883344111144774488440082445555667733772255064433338233144
53388773344668822333377662288110022770011666600005522006655558855445500332268443351330144440777817711518
56655446600447733553388440011668855775500006622003344222277772288008833225522330077882211770028110055114411336611112666476677418878688585537153331
5773333227755222211228800663311770000885533001166881111336600224422551188774455550033740074338822346
58833888877778866553300005511332200774466117766881111008844441155662244334400116600328711270066772500257526454
61166443388445511222233553322883344000011558866556633110044227788555544888877667755777744773377226666008825206621807716802
6332266882288447777880066661133110044220088664488552222116600553377667755665577446622444455441023440355530877088
655773366002255551177883300558844221144554400885533223387007777111122774433775500110032667766115522224477246666306684841184404646200561613
677004422556655116633885544332288221177557744441144555588110088446644005533548800112222002277111300772266668866003377887777631
7003311445555116600227777332266334477554466888822221133001188557766710044225566448866111155005522333388337668424288707811280060853170058
7115544112222887777006677446600221188334422557100552244556666885500444476440000111144330078003322333355337822638865881488455
722333377331177888833224422221155111100005577444433004466335588220088001166775533885522550033666600664458441144065
733554455888811550044113322668877110000774400886677520011776633662277228466664477814
75511665566776644221188445500666688330077004488887747332255333388558800008866336600335555228822334266222200227122410055717
76666883366773322110000778844001133337700551177223300227774447088228811224433111655556633553344557266104
78833116611558888005555447766551100001144224466334488444400226600441122221177445522771188228866773377007233664433330033520
811112277003300228822664455000066554444115555662200116667440044224088688855113311771100558847778877257758083373233343836
833885555882255112277884477223311334433000022007711662288660037774444881188006666776644661144226577056457573174010151141
8552244225533334488441100667755774477668877338833226666551155661111664466222277882211220077117777281133114400443355550055488860201
87722773322880022558855333377663388334488114400443366661155224455777700007744667755118822111128886688406655662645030543171783555
04433553344220033224444112233006611005577226633331177447700771166448855225544665566882211551188440088762288880452722
1443322881166331111223333553344883300775511337766115522660022447722001177005588554422556660441100336577771000880068444408782864688
24444667711335522336611665500770000664477553311556633777766002200881111773333001122110055558855774433883322554455166222887888004272603868482
3444488112277337755772211002222884466223311445555220044226633885566003333008888225511887788005542416666411
54411007733446655000011668844330066448833558822005522553366224422227700447788885555663333775511331111771122332266118577776600838670214660315
644885522777722884422337766332200665533112266002244558822117745000033001100556611333355551155781166662800408
74488444433776677773355880088114422772266002244115544001122003300005533223333668822555511113311763344665566410
84455886644668800116611334400770055444422223377772211117788115511888833112277555522550044782266556622443333553300203366700
4441133880000888877664400666677115511007733662200330044775555445577005566552277772233117744221122883342558855335506337111668822461
44433445555773377441100332222883366115522447755660066558866664422112250582266384400114464880088827
444331122553388660033337711008877335588334477446677002277730011184455004488000644124405452206668553228222136656323612662
444000077441166224477881177336600550044221122777711880021006677663388770088886688558833335533215
4005544555577111177665588336611446644223333551155330077441166008811880022667777527733113342886666337242021
40066660000441133667711112288222244883377668811005588886611663333887777335533443300225555445522664445665237080
422220088227733446688555577666677118833002266005566115522331166224444113333884400003011777722858477848
42233220033886666887711110088333366550000116677224477007744117777335533775522221122780044443344856611546606326
