000888866222266331155337733330077551111227744443355777788555566668833442288770033245544772055280011446644117766002134048
01155773355118888227777556600226611333344446666881111771166445555330055007700885544337744140255883388728
02288662233771133551188557733884444660011110055226655007755441177008833000044772255881122115555661146888877882222077743264
03377775555115522666622000066111133888877884400443333114466330077332277002288222233660011885577612245071835680817254
04444008822666622557777553333773311778833441111221155006600110077665511663222442278445544355528113478685
0557777551133331188882222666600881155225500774444771144334400330066778833887700111100441166880283242
06666115577112222555588880011113333777700336622446633552266000211441188778811773388332204556828444427240
077551177333355666611552222888811330088776644003366332200665533111144112211084433771188557777042233445508038444647
08888662222660011555511773377771133884444114422336655775588221166885566770033006666333400227722548450561122064
10088880066665555117733775533111144224466221133554448661155002233332200007700557777887712225566338342667766404
1115533337777558800008866665555444422227733667711003300668822557744335522112208332811651133447888748854131844640
1226666888822000055335555444466551177771188662277337700664477222211332233887744224411116022884011557755208
1333355777755118888666600556622220033225588007711550011773377004477664444114488443344000088778855552288331122445533642
14444666688005533335511887788117700222233001155554477332200440077772288662277556633667766557711112255885522445504216
1555533777733116666888822338800002255003366227711332244774444117788442211885522228833557755665511110011226611446677664455448055808
16666555533778888222200005588113333117777226644004466771144111800334444884477663277357705228855456602324
1773311553377556666888811338822221122444400001100665544336600885500330055886622777788771188333477007744223044116611145466380
18888662222660000555511337777335577115544447744880033112211117755220066333388330022336666846647008345072101614
200007777555511333311886666882255771166001177334433774444228800554400881122111100224411448844588851506622383646367618722
21133775533116666007777338822008811555544440033668877888855117744335588662255005566110000222233004422841122663322406
222660000557733551155888877775533331111336688444477446611227711003377008833885555448633221166445522556666220022442230441657672
2337777335511550088880066661133114422667788552288220055334400775555774433003322446655663366887766004488662588172477002
244446666880055553388773311110088117722330044335500056611886644776622660322114417771842522
255773311775511338888226666116600558800003355223377111144777744446622008833336488770077885500445555440431881288622
266661133331177557788000088551155446677772233660022888811664488440066222211001122444422004477668833886144107700527
27733337755111155666688881133000022662244447788777722220033665544008833884455776255001100441188628555870051748
288883311773355771155000066662233334444885511113377553300774455668811880011005555882200225522114422226644765544003322763
30088880022227777331155551166663333667711334444550077442211775522665533556644883388528871881144332033700064604
311557711332222005500886666881177773377551111662244440077888877441122660044333344203300665540235566710
3222288887711337755000066667733115511446633448822668855881655445522772255778844441044774436224422302
3331111777755552222008888006666335511228811004411887711554400113344225577221166558855000036884611424600778820562
344448822227777113366668800007722117700225566333311115555778833773388881144220044774455440088775588550466152
3551111777755332222000066665555444488881100778800112288225577116677331144330044003333445700876686242
366222288886600001155113333114444882211771166330077555577774455880044220033773355334842554666776641118052410066508
37777115566668888222200003311113366223388444477335577551144550088664411007700440011772211224433446277648
388882222000066661177551133773311555577444422886677007788008811664455335522447182556410550022633362334275821
400008866226611775511333377882277445555228833660077115544665533556633880011442200441122447722110504843
4113333117777555522666622008888004422881111556688771144446655337744885500773355778822551055443344000032122
42222880000777733115533884466661177555577440066556633221133667711885588770033005511110011668888662255226644778822702200881834348
4331155337755116666008800555544882277112266885577333366223355006611114477778884665566334000110041774211358200228246422
4440066222266775555113377115533110088118800554433334466442288882277884042116666117766007700024
4557733551133772222888811666600443333115500777711444422000011227755225566553344886644776622667704661875841636840
466662200005577775533113377111155114488338888228866884477333355663322554433442233665522224414006677661600226645801
47755553311773388881122226666004411115500337700668800885588664444883300113333557711445544677762000072552233424
48800006644222288665555777711773311220088770011115533335522663366668811330033884411661188334444007788558882775511005566004477667744337724550624632
5000066227711337755668888111155882233336644334444222288008866117766667722112255226455118855770011002311687777438
51133771155773322220000888866661188225555335500775566774444111100668844002266004466336655881177662277880033334486442281214
522666622000088881133771111555588006633336611773388227777447722550011445566554400228877004444224488564432103
533111177557722220000666688333355554444007788776600881166443388552211223322774422445500551133003364118868470011504
544440066661111775522220088881166771188663311223333777733447766225555772266000055335511330033228833887700224433601104541
555771111773333000022666622888811887700553344446655441122220033778866336677664477223322443311445500110064008844248
56666000077775511113311553388887733222266444488110088006677663333550033665555447700112233774400221522778833041422546
5771155006666117733330088881122227700335566772244442266887777553344885555118800004400110077883388225522111133776411647
5880000666688222277771177002211337766331155554411883355004444665533223333885511228866225566005522445577243366447733407751008147401
60000555577771111331166228888225566880011775511002244447700337733553333008877441188666677227544332222334422046
6115555117733770088880022223366221133338833007755777766445544443355666655220066331122553344885588771188646722647422784
62222337755331155771166000088883322551188772200773333554433668855558866552266663344224400228644550033844460114411110041774
63311115555775588000088666600773377667777222255110066887711333300554433444411440022888822112277885422018
64444228800008822661111337711777733331155335555886622224411883344557766002255227722114477554487805
6551111557733337722228888000066220011775566444477661166002244331133553344225555221122774411440055004822318870886
6662222008888003377553311333366115577778811444433551111225555001100773300228822667766445544118055224477263326556174006421658
67755557711113333002222008888663322884444770066446655227777440077225500005511223377334455335588003311001174338811424
688000088222266115533117733557755111133334444888844556677114466225555886600220066664400447788138877772277432
70000222288886666553311557733337711335511444433882200555544772211003300440011880088556633448844160686761586462
711555533773388222288000066111177774444002266551133663311004466005522118833558844114433445500330011667766662233227700708
7222200888800666655557733111133551177553377002288663344668811444400110044221122660077662277771155225566778844883455016
733557722220000666688883311551133771144226655440044116633661188777766774800333388410051117600823302724
7444422000055553377888822666655003355886633110022777766441144775522440088467703887711773333662233222288334133081188568
75511335577331188882266662200005555003333771111552288777744447722443300660011222211007788114466770088332233440044886655668800225535885548476
7662222333377331155558888113344440000553366002255441177771111885577882200330011008877551122770473550832461866752
777333355551111000066222266888833002277553366113388554477444433117711667700114410880042884342337766520
788000055551133337722228866661177667711553300111144770022116688110088220188442233663355225577556602662544443344683324587
80000222233775533113355554444666611551111881177332288776677008855883388882211448844556688665500440066220051243
811557733331111226666550088551188007722775544443355663322004488330033440022552222384477000055558416478676261
822223377113355117755666600008833334444225577773311553366114455007722003388885555227788774488005544332244128816526
8331111337755557700002266223366444488551177114455887733008866884422006655005524660044774418007766778826338
844440000666688222211337711551111002255333366228811770055003355224455775566555544338877226611441187776677360074808
855113355771155006666114444222233880033334488881166777700772255553300552200446600226622110088228322743366545
866661155553333117777222200005566778833224444113300885500446600223366228822112262773377111188775422503388110408084
87733117755553333008866660022444422111166222200556677881155118888558833552255447711338844114488032277661122668722877706540
88866222200006633115511337711444455333344880022556666117733003355550055770088338855447755884411118811228877882044060
