4448833226600116633111144228822000066667777447722225533776611335566441155223333885588117755557788002211005500471122773077008
4441111665566888800007711330066223333222211448877228844001122442266008866661255777733675533555583834
44477445566660000331188770066117722553377662288335522663322755544002222007011557122333366558822148
4448888666622330088004433331144771166772211778833664400335533441111224455442277775511557730110077661130665566300
4008800227700333322884477220077771133557744225522112266551177886622337733663311004466005533445566888833085555443387664485811
40000883322220044225522335533007788556644110066111177001166886666776633665545772277771122887745526623715848280811488133818343331
42266221177007733222233551122884433775566665500554411557744888877881100220085331111663366776611446644424
422332200112222888855552244115588773300776600227711886680336677844466111144551100031644335544872255038
4660088770077551155883377335500443300664422002244423333436688555577888811882288001122110033111177114522677765472745316130056
4665511447744111177110022662222008888556611333300554455776644466377735522112233115873225833881188228860116002734
48833661166881111222244667744770011334444115500555511443377335588777716008800664400330000445533338867552200772255428
48888663377007788003344554477330022558877116655224466881133553322008833117744440011443411228552242066661180064601062
000110055221177113344770044337744886655776644112200667755661188553322663311668888114466007733336662884230887242227502555515854
022007788558822223366224488110044337722661133264411445544463355006666776600883333118877338888600151777701611
066335577333388668833661133118844665555222288556677553344554477110077662211220033778811666488887700440000111144143
088550022228800113300006600441188116677336644886655887722447744045522662533444433111177771144661125110544257756638888335333276848278701537
2004444000055223366227700881177441122110066447733460011451188667766882222558840224777557780771377203333850
2221144887766557755226644774466117700881116006677333388558833443355330077225544445500004400178888228844151865620805523272442
28855117700118844554444778822443322668866663366556600441111661133448530550022221122772200006677110077774422508
6001177442255440077887700663366550022118800037344115588662233338833012222882244448844364
62255664433554411332288555522771166880011444400338877226677882233773366000088881100770022005588445577551777622244847
6664488441111446611668888226600443344221177113366552233770000663311008811555566224455440077667733038855887788028862547758344722074772227
68800773388886622664455663366555577660044334477001144111155440000330022006668444422553311335522221100550088223322481
8000088335500444488775588114466332222665533776644118888601133885544778822884400772211006511225522745561555430203
8225577770000331122004422226600117766448800663388775522337733556660281144555544443344774401553333013
866330055110044008822335555001155665533668800770844554411118888334488773381446677664422777722547744324
8881122772200225500882266773344221100118855223366805544440044661177666033335533228155113311116433771144878704156455755244722
41144771166776688224455444333556633881133223377553341227740331188407722555588551155006600411170283366410000108
4335522002288772211005533881122334411558888006666554466330044008866226611660011117711351140075567473787050272425575522
455551144773344880022006611223366552288442255441133885566440033777722770088776677117788110055000011557166662266004434663076844
4770011884411006644883355550033773300225533117722333388114400444211558855665522007788667777666688887711336633428822775622622
111554455336622774411665588006633117733332233886688222200228888113344440011224466447755666355704422114430010185025522651
3331144226644113322110088887788330044663344006655003355305555117760774488111188000014772288558822557755223455484
555445522551177226622337788773344777766775588222211448800113322442200330077485533116611112277115577002288865566664355006600800
777004411774433667711883311335544885522773388776644440077550011668811008844772255665577886666226600558822337881412222815
0116655886688226633881188774466003377000055007755224444884411771111221155330022555566776622008422333322772284557733143
03300556600446633557766445500884400668888116622443366117777110011223333225555883340775522228855411788774702673
05544110044334466668833776611336600880000228888115533335566330077111188770066222255584444772277338122442266475206521
07755446611113366553300335577114477001166774411225566005588885516664455000066882244442288338844002222772267778377343
10044771144665500118855221177554400662200008844331122666633551166128877888833886677444488227733664455553377725574105563402
1227711336600662233332211777766555588441166330033448866770000773466608877888822557722624455115524447755342
1335577554444551144223388332288885500882277220022666600007788001111881155886688746611664411755521062
1554422338888558800227700774488111177337777222200884433003311668822664477113333441144446611004455112011886677663566257755553877883406552605066
16622227700228833335544555533447788556666888811440088660077332211330044887755115577442266112233663388005822443376718
17700008866558833334466224422116611556633006600112222332288887777553377667733550022664488003388555511881133625544552400543
18833551144553300331111220000226600886633666622554444770044006644337722441155774488552211775588228877881322777766771344261
211555500885566007755225577227700224466331100668877666655441177111122664433440848332222033308613371480
23366332266008822776622002222118888337744886611005511113333440477117777228855881144445555715524116688712
25533003388226611221111008833223344371177447722220077550044554488662244228888556688400188113677887777366646360
27766331144441166007711222288665533882211881177774477001100668855224400008833666644225555002203558844551722632233330433746
30066664422444488332277118866115555114433554466553333420055221177556600004877338888223377003366885288113311667766310
3111177552266448833887777227733666677884466224444332200112288556600771155774400463333770141334511058811650535455768286888018
3221133660066226666883333887766555511772288220022330044307777003188886644881166773466385522558222444420501
3552211882266660077661144331133668811667733774422777711005577220033885530222288370000888866223566346644458808750
36611772211880066440077115511662277331111002255775522660044613377774477887760185555884455444488881244334412820233553333022
3770055446644004411003322338866880011552266007722442220614433553333445511113311658833602307185558781824748888444
3883355118888006688115522005588775577002266771100337733443311117777884444664477448822228866225555000041221136114011665530776638556667254
500883311226600332233557755553333664433888855880011663300004444887711117777886622113344115511002277666200552744006730772455470
51155777700441144552277112266881188666633113388447722224433554422008877537788228888002214462253223366006643407850001830305
5220066776666221144337744222888270000215500336633117724551100778877773333881111668800113044065
53377220088887711552288666633551100444433006611882255885500113344555566573311777788002277447700781166442211224411114488326622340
566667766222288771166334455113355333144308811224411003611770011552200775577446644002277884444886688326655442066011
577335533116600334422666633667755441188552277007722881177444455886622440045111122337777110011438888778800882255550055668830664006584
588443311552255444488667700665500773344224466330022337755332288008811777711000011118888772200447511221145666682661626064
611444433008811005522117722558844668822665500223388000011332244118887442277112077336666337777664400660566755533554455748
633224455333388446655778811886600115511444411331122220033443300770022880088777711776677242000666611005500468888354
655111133880055333344118877770022115566001100332266228833558822447788554448661177116677550077337766331662552200636275755080004233022
677773344005511117744445555771188554433220066002288770044115588330388447755664422448888113311661145266688665366278823537
700888822442233440066004455666644110000221122228866554477778877444433827755771144663377335533111265833323036
7112233117744557700885500442255338888114411116611886677772222883322662200224444335555665510005588006688247
72266116688441122888877667700331177553300558833227711551111001134220000881066556644882230447777355574546
73377661177004411880011338866556688446600003355332222114422551111558822444577112200885622683231005780674
7552255662200224422883344112866331155440011444455550001777766113377336677447716553388033306046
76611002200778811117733660044884477556633772244223300001122557777046688222266228866665522183355333388885555443324445515840
788772277555588553311886633225576228844335544888266441144224400006600550011003300451111666611720
81188776677448833224455665500223300886666006622228822007733778844447777116644663333668855335577225544115555114433440261110272117584252133812
833666677007711113311006644228877443333447766227788001144885588225555005533551155222233888811632200226460441400344
85588661177884488773311110011332266776666335500888166804455224466002223851144112544440077774477157
8778888662233666644004411228822225566001155226677775500773311668833008844221188555588002200554488132244472277400
04433662233448844552277558833772288110022224411550088661122667788551144440011331188742200003322555533554655760056468216333303866
14433666633773322117777555522220055007700002255331100111155668833886622881188004452444466447744888823330033513348460086567717278617606
24400554433886677333311114466885533777766222233221133445588774488227711225500115555110033552844118633000044407
344554411661111224433117777448822772211330066773388552555666600001100771188115400447788775644668866576624244801483
5445577666600444422771122331188110066777744884466226688001133888833441155111144770077333300008877222200221822803
64400778833008877117700112211445544226633775511333355661111668855882222555533228866772244443344115500227600557311003360680
84422007744447733556600885522228877553366557788333344002244661122666677668866332166406621110011881155105
44455333377554400448822220055886622550033523344118800666611778854227777116688887766746088110011112288338841514
444666622332211220088772266115555110066445577663366885566550077771188338811440044235588886677553000348840570017882800274
44488668844776677773355330011446622778822008855883322333311222255224666337641338033461155551111000055002211760
44477776600222255772288885588220066881177446644112211550033110055665533771133223355448800118844008866116666227422426
40044661155006633777755556688112244883311334433227700111140551266553355885522166677660077336640008800286620374
4008866777788000022666611665588772233771188554444555522225500114477553366004488227744220566488811517733338833011
422668800225555117744337788884466111100882222881166772200112277663366223388666644006600007733287755004411335525333304445584748
4220066554444886644005511777711667700445555772211883355338888112255002223443311552688773377885588062
46644336633777733224444774455554422335566553388668800887711881166228822112222002275225111001142600048483
466000088774400667788002233443300333366486688118822552222112277224077770355111155558385450325631
4881144224411773388227700446611556644558855228877668844335533332211886620888833665577554444006633003341278000150057160027472
48877117755445555333388443377665566444277436677007777332200415522330022550000888822660066222288005241218166814
00011336666226688447755006633772233224466771188008833115511773355228888665555804484442277661111221100557700745546053382533306422
022665566223388882211442288440000113355778800330066332200447777116611117766851125853504118544448524660676466
066111155441122886622220055665522772266337777118822447700114400778844880000334455002588774466888446004300831133332367376751610
0880044115566558844447755442244888811661177111188662288220055553355773366006677778377446666876640114077031106338
200777755442211443388110033773322440044665577661177225555663311880022886600666644553355244677888833336088750348451308258
22255442211552288117733661122008877444477556600333377776627000011007788005500640024118833884045772143558888232
266004466555566440022227711777733554444333311882288663300881111668855000011553322562488774100767848380881214666113
288447766006655554466772233008822550000222811278877333366256633771155114411003355331133886611668885775524405586404
6005588335522668822440033228855448844772277334411001133770044664655661188666677663388778806222207771177581153012
62222551122443388113377115588003333554411440088223311110077220000666655773344447777663366774466442266083325330166185565250558884
666552222667777225555336622440000228833557766333322118866885544227755882233116611444411330033778888005511556600645504620111087121738814784433448
68833556655444411118844777700888866227766112211557733002255005588223333663322228422003374666640104
8003300443377001155556622000066777788222211118855331133881144116611775544825577665582447744552280771084073355044426333326446606668
822664455881155110022880077888866006677331166665522224444774488330044662233221111225566872207113355553333670
866885566448844773355224400220033117700006677883344332211330077774444112288226664222233337588751155554088110011404
8883300336688002288551144113355660055773335448811887722445522221166446666776611110044447744084432562427871121770
433118855228800550066551177558822668844111133776666444455333344772222338885446633660044001155620033000077335244825
455550055112255442266883377332244886622230011118811552077778877663310336677133388880040206666100
5554488444411445577880077550066774466553322558811770044008877773300001100335522005611221133334433776646223311160
7778844113300772255220000448800112211442288554477008877440055115577337766660066336611668813338466526670322
01144882200335500888844661155772211881133006644338855223366555533775566776666005584002277300
033550066008811556688553377333366118822441100558866775511112277226667442255221322228844777760770022334455557000120044048
0556655002222003333777755553354116677336600888811221133882288006622666644227711774444000611118844314
10055000088227788113300667722883377555544112211745522440078442355115533118855664444333320114476003386568
1225577882244221133883355664400446611663377666688007711444188772277002233332011777755115555000855486628481
1333344226600557744447788883311446622886633775533224488771177730066665500003366885522780085558155110011264
1558855553333220077225511663355778800004411227744445522886644770033771177776655661133111100114811882233006666024
16622225566775588227766118844883344114466443377117700772244003322663366660055553355000066552855701888008810254385131683330
1777755111122331155885500554422224488772266008811443333446666444400776677002288882200006688447733774450441218038833063617162
188110022226666330000337788221111558888444433886611441177168622773355333366777755770077660055008477420
21155774488663333664422668833776622887788441122443322552222772855446677001111750000444400551144581166110023118384765306066341335
2333377331133226633881144885577228800886622007700336688221188884400110055442255115555000066558677111177776611227744775304424226064667816
255884422773300226688775533772200331155660044005522223322112288200088551111334444770544667766663333665578661166218811438
27722884466225533226633113300337733660088774400004488001111882233338811221177666644115555114422445522244436557711007700554
300116677112244227744662255552222887733556600550066111133114400888811557755118844110044333344447780337722332000276485845533854177007
3114422444455665522774488226611881177112255554477668800007700662200110033004463221133777722234
322008800110044661133006666441166222266007744443316885588882217881402884555225507223755170717773768724832786
3555511338877330022665500888822883333447788553366227777004466117744886677110011118800668811558846664605616541452
36677551144663300441188660000224488221155006644005577662222887722335533447744220077771177338844368800881111654565258
377227711447766446611116600002222558844006666773300774444556622665577542233880033224433441177770088668878848333113361805011512351004
3884411000066664422663344330077114477335533345555004466775544887777888811222211772255774600551155828700113565216180802031176
5000066887744661122771155222200333366440011662233445566665577886633110077775555113322681177335544884411118888008822883022585144705212442044344
511774455557700112277220088666644224400335588006600446688222266338833228888447766778877116611448855665430541024462737577
5336655111133330066226666773355223322774466448855003344005577220022221177112244770075642844441144504430116811086808388
56600332233118888441177880088112244330000774455883388667733668522550044448477776666557755116611110011333377114633553346205
577886677665588443366663355550011338877552233111122774466448886000022441100440033008722005511444422115533225544762
5887744885566225544002233882277778888334433335500557733000044224477660077001144664455331133665511661111552866744
61144224488446666332222664455330033773333557766002211551133886622881188771166775500556257000081223362747414001432007060444
63322557700441155002233111177665588552244005566888877442211881122772288008844883355554466222266664440336677833346106
65555002277006644554488556666778888005588773311551177113322224433001100777722111166118866003428114688308826352
67777225511004411224488556600883355771144222277668888447788221177445583005533855544666322002233115500113187552264003700744
7007722004411888855774488330055226677112233553366442255006611668875111144002222881100113311746633338866543370321152780
711005511664400446633557766774488227722443388660088336622665588553333223340220000118811112222880078884555225500306
72255558833885522441166557744442200443355448844006633000033770011110077331133660085333511777766771141856666428
7330066550055332288000022772211552266887711441100775544008866117788445555774433551188144488333366777766664477042222446253720342331
755008866332277661166442200777744882233335544337722224477118844113311225577005588110066001111778888338870002211540044403366265
7664400447700662288335500331177551100014411557733443366881122111877772277882266771455665588444222588803220308674852324
788223366554411112266006688663388114444662222558877770055000044331155335564003333220022113300771100880011775847674
81111663322774444006666228866887788338855884411004455775566112266001133542211436657664700777722002253000033134
8337755005588008844224477004400336677771155446600116666221133885300778866881100026611448822774453111172528878835122223341833
8555511440055775522448844336677227766553300770088220033442222337733110066328866887788864455411166212
8777700668822002233003366115555662277447755221144228833551133880044334466005544881840885588676330057715053732425227278
0445544220088227777000066334444330011331144778866556622118877225511667711003366660055776610773388883377548854033352881322623247422
144771111777733338877222233110044663344000033774455228822770077886666550022551166224422113355336688112260118844115544885588830
2447788226655551122220066225566338800553377110044333355228833115544884466661166776688660011336648114888772755000037485587377
34455666611555511221111668888778855771188008833117755227744110077220033005588442244000022223333553366550066332255437766426
5442222558811668855662211775500114444666644332277224454883333000033880088882400447777887744118846770603171616563353634763773
644883311336677778822776688001188663322665588555511220022441144557744004466000033553333005500666211554433447758442447207870888
7442233443377770044775511558844557722666644111122773388332244446611448811668877885500555522888800882200330077110006754401817533656353113
8446633110044335533887700332288008838226655116666117722557755220055667744555544227711558866222211224477664447302231477780611
4443377775566448833006600447722226677445500110022334466554422558866668800882211227700776622881166336611488847887522457203251555333358538
444884477333355223377114433888877003366668855330011554466772211332266006655000088228833451766227788005588107
4442211113344772244554466000044006611773377115555114433668877001100884411663333553388330022778855777766774666481222620
4447711228844334466881144002200777743003377333322338800118877883311666600464855552222558822400080557722776065621
4007777553344661188443377665577333355112211554222008866226600227722882251770068110011116300004711478888536
42244445500666677116611770044332233665566008833446642001100772255558855112288226622284
4226611773344448888008855554400005588447755002222776603772211220866662411443311116333274463630
46655224422006666222211884411445577770011335533002255000088004477551177336677886606883311555544437768771277433388123
4667744221177776644557700225555003322887711663355662272004433441100665511885588614488005822223333000012681
4883322882255223311116622776644558811336611004433442200660000772244433377555566550055774122118800222011438888417
48800007755445500441111002211887711552222776688447777220033006677443344663377333366444406113311666605338833286625882815765513588
00055776611558877770022448822332266888811883366778844440011443311221111333355334466673307442207552544172715650514755
0224444228833550088777788007700663388223300336622553311005522772266775577668811337733447711774455441155551111214405848
06611773322667722002255335566887700112277886622883311441133003366007766440055004444663388445544885555115577443344277756566167118101147
088006666550000225577117766770077333355338811222288742211005511886611120033663314668833744
200337788552222883355774488224466554422118844001133116633338866445500887733476666888800556622653300770000210045806
22200777744778833112288775522334400336666553388443322115577117766886622558811446377227700111180226511341160448445405
26600113366552244558888221111887766883322557711664488662277774444004422881122335511447788003377338200555544100020643530807727050467556
28844331188881100008877660044554477880033005505226688221177112222773377444533335577556633666611458
60011553333778844445577332266774422006688000088882288116633555511331111221177110077552255841184666144330344036
622550055111144338800660022112288226633777722331155330088885566116688173344886644558877557700778422000014003410452
6662200110077111133556600008822776633888866775533226611883300336644668844880044221122337733316655445555224477441055122
688666677556633881100003344111188330077115500552244332222882255440044520011444488447788887722777700223333773366006624665426408
80088444488775511555577770022776644114400667744333322883355004422226622001188852211223366111166660000534
82222887788331166117711551100662255221144442266772233330055445533888855003322441122007744336600113355556633770022718800466
86666004466332211777711223355661111881144115577222266224488554444778877436688805555227766550066403333400075808
888664455443355884466002233006622113366331166883344224400887777117722555533773333207755774111551128552055001100380
41188447722666611332233446655773311774455442255338855228866333300336644882277000011007766006677116685005555115586278755608771214
4335522555511447744440044881188665544557722330066113344111100224777007733663328776600116666480000503
455443333550033113300886666882233222288553344478811880077221122771155111166336655662255220022473377000011777761404
477115533778888770022556655885500117722777758005466112288222200666622663311330033221184807766774444223044168606473
11100775511880055221122663355330011338811557766661144333366223344664488442244772222555500220038778700871
333662266885511447711667766334455772255552244002277330044441100113388008822148888332288665588778845000055477707522
5557711660077006677337722227788553388115566444477448888440088331111226633024466886666554433662288223322018875880143410
7771111552222114477884411223344883366110011333322880088775517660022554422662277006688556633773385007744004585753655564
011668855330033111133665555118822661177881144333344550044884466663388660088773377667777554400220006222244227703228801223154725
0332233665555663311225544002211007733335522000044334455776677558888553600662244771177772877446611115511486
0556677668844664411336611228833448877443388886655001166663311882233330033770000772222558800224477771177552577808626006730440454244
077557766112244881188333366880055337788882211770000667733004433445555003311554466552255662233558472064444022
10066550044557722662288330088770077554411440011778844227733443366777744663388221188886688558812447766660803771484451616452555356
12244775522227788004488228855660033445500114466220077223388117766116646337711887777008886773361110000221155105
133112266550044778877558844553355773333664433224411771188880088551111556611440022330033882255554422776600772200106677486666222213483
155553388332288777700448811337744112255663333445544223355880055118888221100886688450077226677666000111177114200652165778
166662211772233226633885511441188111100775500444400660033661155668844220011337788664577770088228888776677112277454
177558855553355001111551144887788444411003366886677220055228811226666223333443300006633122244004466502
188110088441177226611113333886688557766005566331166225555170044888833553300334477382222440022007755444422774458000067846
21111331166115544880088117700337777555500778866552200224444006633228824333388771188883366776644668847258
255771133330088554400662222660077003311667722447766111155337755886655228800004466668888335562777788443344448177432233620
27777330044663388110055550022114400112222448800666624251133778833331177118877668825336655447755772033458321656520811150700
3004411888811778866331100228844221155222277000011225544883355885566447777337766114453338877413326567
311112222332211333388556677665511880000440011770022003300664444666602447744888833557755554688114588228847336255215
32211447766880033117700771122777744110088222200442233330011558833666611660066225533555544334455224488113381118733772284044
355880077113300118833660088555522665500443388225544778844666622331166776611024414063322228722174
3661177668822772255002233220066330044442222441166228844553377885511558811880011113355440055774477114486446655670033110000873
3778833550022666688116622332255887700441144775566338822886644224488880011117711551134557777400080503070627101812212220
3881111660011002255885555662233554411776688330066446500444404333311887777112222773377221133224477553364557744888844214808682
50000778877220088005577661144006633225566227755554411330022883311118866001100445522226677770466551477166644323
511772277550077440011664411335555777766118811444466552200445533334477885566883322558866337433005542888800884100338872624
52266335555667788117733001111228877446600441188885577110022220066558844221144003366227722443333770077661310838344532444748
53300116688661188006655008811223344557722663333552288221155888855556677664433624477448844654133111100332200007871725
56688001122777755550055445522337700332211558856338811004400884444222244335711882200666600002266576614886648362
57777552288771155003377443388662244222211883322773366448800001133008811220077884400260055663333116688253344776677011175146
5888855330055775566778822535044880066662288661122660033777711665452336633220000776688440022227874443311110011815144108
61155118811441133772244550044665566443333227788558844006688776666774355775522555543880000882288660077003343136
63344331177227777008855558888447766774422550011113322666655115544446644000055223300773333553378338864503362882222118811402
65522660066664444771111446677661133002200770088774488118888222277336622110388443333778866885577558802445555412
677001133662222335588445500007777338877227766332255774422003344880022666647886688221166112245228655553300554511415100618
7003333227788116611001177112288337755773388884422667744772066280055115555004400087606553355441133444454368
73300778888223388446644225566771133776622004411227744334455226611770055881155550000660011880088551100248874016
755002266778866885555223344003311881111338888228877117733337777442200554444556633001166664477007726000044884415776805153
7666611447722224444115522002288667755117744003300663366883333227711888855008800555577887733446602112388284433777705442531358165610
7883377662255335500771166886644114466777733440022110055774422006668003322338444847722775561770011512282226450800
811118800338866222277332200884466888855116655445566772288333300660000444400110055007744331133553377558233663342112256476711470
833004488886633667788444477227777557744553344661100220088000011550033551122116600773322337766555566826644331133828
85522443366113300005511887755008844223355667722660011558888117744111144006644883388003333444455337788677712557764722204628
87700334400228888448855221144441122773377225511778822004477661166335577446644223366660000775555665533113388115542462333006833210017105800877
144225577111100337722007733115522223333887788221188555588162288880066004400053344336633054
244112266000055223355770044220022778822228833117725444466775566274400333325885501888866887777115306114666316648410
344661111000077221166552288443300333366002233553388881122008833770055448877331144776633222400666677774455664444186628004425771755058517855
54455222277113377885511003344114477663333886622000055774447221188880088224600465646667613268813635
6448866117711443344110077885500224444000011880055111133556655447777666633336622223311553300337700483322008822887733888840652215826577455277572
744000011661133002288443344550033778811771155887722777355110066764466883311118822225522004888562246026861214
84422224433553322774411225522333344777766331188337788773300111166881144661100220066555544004488007700005500336644413388886666028
4443311336677115577885566447777660011442244110022552266554400775555118822337733330033483355332006668866281877284508088747058
4446600338811112233330055113377775500771188772277666622001177882266334411445544884422110046115555225536888855665288324866480221667
4440000335533773311884422447700888822557788110066441155661133332266336622334800267741114711272
4440044558811771166663344884422446655552266220022118800333366472233007777553377335577885500554100111148776677413381512
4003311330000664466886677883366005511444411002200448877775522335555337733225577227711556455888222842261776477043121816
40011445577444466330044115533555566116644336688225522770022331188554422228833884488660000337733377752667787672080771120605
4224444888844001155775566553311223333552266880077111177330000662255886611445411334377772200338831887740882100263850504
422448822226611557700558888336677555522778855444477228866668877110033764455111188008811660066338842112560104333102073234305350
466664444888855771188222211338811550077001122003333224433110000228800887788330055886600661166336677773377555533556455404
466338855447744117733661111003333557777006655334433001144002277881166000077666622004558882266886640880311221151832
48866221166330077885555882233338833664411003311880000225533772200668811112244554427557711366677665566105510804
48833226688887744660011007788005511334400443366554477552277228811557777117706766644222244112211444455558855061
000332255551144772222004433007711550066110055444488446655337777527733662211228877668811117788634422641163118888224453883354080857413
0220066332233551100334477331166552222442211338844667744881144445588771155775566886600007700527766661800482
0666655777711556688770000221188226611007788004433046622551144117722442288112277447755220311132
08855334400225522228811227766335500444477443300007722006688023377111177336611441155558877731166221135110655764455648868446428883
20033001111880077225555882222883344662233114477004455006633778866551100881133332244115533556644442744875544071127376775216574317
2221122884422333366220044440000668822777700334433001144886600885511117755771166105544550022446744788
2662222770055110088443355880022113366773322442177668877277788206666553333111144441128334488875544774455207710156
28877662255884477333377440088116666772200445566443311554488227755003355112222663366883388007700661133046608665533244411042855734555288
6000033226611112211330044110055227722885555444433331155883388775500778826337733551177114488116688884455366088647777640
622225511227722881188331177335577885500337766338844221144880077441100667710556688665533666610887758224476444403330233220468826454334
66655667700663366222244661122885555331133440011005577550033883300442211441188225522772203777788884488664475144
68855224422004466660055661100663300331155448866557766778888444477551188777722771177332288111120883077002131416010080825553587450
800774466228888448877881122776633551133118377330066008366447711116687752266642200110033221144117500005544004242556570222
822552233883344113366447788551122221177335577556633226611884444666600006677665582443300771111445044808
866448855330033775555665500531133883344771144440044510077663322335211112222772244115088006700146437442788184
88844447777116611440077886688228833002233445500113311225544663322441000558877443277006666003800821
411224466554477336666772277668877116633110077440033442233881111555577880044448888443377770055117855664211886022552222801142606
433555511227777884444666677664400771155222200338822448855006633330088668055331111336655773344775541774255801140421262823720270
4552222332288661188774477225588113366883311444422003388550066664433001100008800554352111177002888237766216
477775577002266553333228888118855662211334400336644880066668877224455227711225544220044430077882223776388608
111444466447777331155443388881166778844000011228800333322227755770041776655886666336722002233555522118822556348507711305
33300884433664477331100778866332288301111550066557766221166114466774488225511852277772266000022004444122
555666622118888112288447744445500331177772277110055336633880011440044337788667766006644126688770022008822524
777112244557766118877556666442255550033114433448833551100223377258866770000660011116633008885332134117544652
011444488774477771188330033225588550066660088441100551155556611116655443344662244552211222200042233337722775577028
03300117777111155770055222255882200002211226600775533110088040633773344774488551188114411667766444455666622361
0552266337744555544332277006622886611008811880000336666441155004488444466773333885588882203047777113346583352331127275161411177876
07777005522440011448833662266660044442277664455665500003322008811221166888855887733884414743344653313780828630355457513355
100447711882266445577666633002288880066225555440055114433103388123355333344448733220000770014224755837777452
1221177556644558833774488227788660055115500007722881133552222002254441100667777008844771144661166336662442308785808838181143313340
1334400662244112200332255770044668822778888774477331155883355338855664433330000551100881111661177555522114455442266523
15533332277883388776655885522001144667744886688881111003344773355550000880077118822226622112284006600443700557776351
16688221111770077445533441155113388777711884466227755881144820066555577223355225566661122226677832280110033002244442333663313708
17766662255113333008877773388557722005544574422665357004411222233771166007611118811500060280033446844388
18855005533112200332222337777227711551144224455665577552255880066110011117766008844662288333300004400213388887788607
211447700443300337755880088883388444411886655110066331455550055660000225533552288576666433347336233222207824
2337733227777111177001100006622664422220044774433886633441155776688553355440088883366558822884488078871225522144
255000044220055886644440088881155770033338822441122887766116666330066221111334466885544771177772277445566552235543
277447766775577770022556666443311338800337711662222887855883333442211000044440088446633005522448816001266823074153455451205550
30011442255661177116622003311004455005544668833222233882244334400887777557788665555118844774488880022660077206
311661144112266224433008866883388558800222344270066444485667777666600007744771333553360332544001500552515755
322556666111166224444118855334433776655552277778866006677551133664422226688774466331155480000220088228888112233884300771177221103533
35544220088551155006655773388224455887777118844886611447700223322837722221122663333003344440044346622756666800
366448844113333444466775511225588663377447722116622224877000055008811001111555522002277771177331186553355676
388222277008800778855114488664411776633225566004422881133772211553300665577773312005500245555887755266
500556644551100883333662255440022443388558806037766678822887744221122777711775577234444114488446111881158631
5227711770022110055774488441155888866118877664466772255550033004400001111220077551133331144773322223358338800608
533663388331122662255228800001166774400882277113344666644886655668888114433775544555577215511805500370077673044278770647025844
56600336666772277442200776611221188557222551100668866553300113322882244448833555544552044116624333311580
577442222553333772211008877002266552288224433886611660044776688118800664411114455666633555514005583003366220007578717332347731
58855446666223377556600665555001144003366443311008877004333421166330022225822881122772260578888013352473327415
61166663333664433005544111155112222447755007700338811440066000022001100446677337766226688665588883311882288748
633220055887755448866773333664433002266550088062288557777115511118822112277884477441144661177637708113311655533552883840
655448877442211880088883322005577664466114400777755006666338844772222330022443333113355112266811100116624104454436003734
67755886633771122333366440044446622770000554411447746008888776688026611335533111155118811073388330288216
70066551144888833777711773366118822221100556666440044776622331122668855441155002255552244460322028303338345853577527787274
711007700882244003333884488330044226633113366228866001177666677552200551166558877778811888855543377223322227453414646806611500021112
