00088882266662211337777331155333355111188775500774433223344555544446600661122772255222244228833684477885577058805620
01155771133556622226600888811118855117777444466440066663333775588223366555522550077003300443322820452427
0222277333377557788880033551177666655444422111155000066220044558811331144882233225555224688770088338866336642656743430
033557733117755115522666688881111444422887700660004882255558855338844774411337777224455034436227788365
0444488886666002222557733551155558822117777662200553388118877111122446644332233330033447700007788550016140688056677472
0557777551133331188882222006666555588115566335522334444224411773377228877116688008855336611114466778864000071003388402
06666551177553377113322228888005555777744447766331111002211662244330033334488336688227722552200007788558811887462650
0773355772222008888553311113388444466661177551100558866223377003322660066778831668800001744550022447710440255552288148
08888006666222277773355557755111133332211003388774444007711660022446655226611556630114478683044300
100888800666611555577551133554444222277331122883333776633003366002264881111882200004477446522550077772248405
111335555337777888866660022225522331177558833444466110033380055440085114411550077224477004422006644865577326
122666622888833331177557733551111440044880011556600221133441188770077772222337766554455000066355588553844227744708
1335511775533776622226600008888557733111144445566550011227777884400771166887722003300443388110062118333448422546
144446688883333551100006622223388553366777711557788225555008877666611117700772211224422884455665588118802773377552266043
15533117733888866222266000077555577444488221133770011445566330033665544777722006644667766152288558878002233581
1666688882222000055775555335500337777117722881111444455113333440077662266110022448877331128664424778066330044154
17733335555771100888866660022223377553322111166444477006622004488338800001122556655226616824467228777440077642
1888866665555113333000022227733882211554444663344776688006611660077111177550044112255774400885522887788372266442244348
2008888003377773355557766223333444466553311113388661166771122554411006633660022770077228810448844332222664400100
2113333117755778800008866555511663322001100222644443308777724666625338886845523556155441111842
222008888006666775533771133551111555577773333444411002233003388774466225566558866116632112244201144740
2337755331155771166660000228888332255118866444433006622248877881126111100880055447777445555884411770466382
2444422008888003377553311336666771177773355556611558811000044116644002233332277886633883344885577662288772211882222552266884055460
2557733551133771188883322444466223388006611000077772477008866881111558876441166555500552480260
2666688000088551133331155771122556633553322883300660033775588887788111177338844336233441162444407772555045527642
2773333775511115566668888000022665577887722334400441144443311330066116644881122885588338844221533555546024
2888833117733557711550000666622111133337777558866002255554400774488708422332266112244330444116676314
300888811113311557777666655114444222233225500771177448800445555338866884433440033554466005522000066333370228833624
3115577113377550000222277336666888811005511664444112266333388001144007744884455554422111177006600887722018244662252328
3222288886666111133775555770000116622773311003388447722664444221122005500776600441144006688118800230088251175436
3331177775555112266662288881111444400005577885533660033776633001164110088002211342277118877224465447702225822384457343
3444422228800771133777788118877006600330055000844115555665533335277332244336633114488338888668854776666221122540
355777711331166668888222200555533334444881100112288007722445500886633002844114466447766036527856585415
3662222668888111133557755117733334400448800337722006633114433882211666655556677774477118855445537887700550028684444283
377771155888811331144666655776677334477007788222244006600552233330022008800003322664455662386850015336433548744272
3888822220000666611777755331155556677118800444466001133774433003344005500885511110022116688165522557866228838464582426272354
400007755557711333311888866662222447700335511554433008822117722881122738873448844111100444688316600214
4111133335577008888006666555522227733775511224444000022115533667788663344338855005544661100331166004833223306420147481848782
4222266888811335511775533770000664400887733445500110022111155665555443311448855772233336677112288441188332244463307776611662277480
43377553311557700006622226688883300773322880011116644661144227744445544117777110044778866550021240607651563436723352
4448822226666880000555577111177331122333377553300667700221166115544118866225088884400772277665361443244510
455113355773311772222668888330000886644442255003333227711555566775588001188228844865523661100553347802377663387412
466660088881111553377555500773311222255880066441177448822332288551133334477884211068622772206157705471
4773311775511335566662288881155000066007722557788776611443377118822444455883333885044003344223300112200526
488880066661155551177773311663377442255335544000033881111222233330022001188664444772277182244662213228603676787570
500006666888822227711337755115577333311444466001188007744887766440088558833553388112211110046223307884177055566124
51111773300002277555577666622331188881100553333777700884422441122225522664406556633558855048833882288744
5226666220000888811331155111177773333771166882277444433555500775588770066334477228800224400441188442222112034514
5331177335577116666000022228888777744440033775555881111445511227766554433885522556688008833332266241188447700772644806
5444466000077771155888866222277001177220033778833331111665566118855557766882288443355005522553322140022330755134484226417473
555111177337700002266663333887722118844442200552233662277447777116644115500881100112244667766556610445544328
566661111775500002222881188226677333377115511227700442233880055225533660082445555444486221722076635865687874
577115533117733000066668888222211333377774488442266445555444400111100441144778877008800550033223355220022551633460
588000088666677331177551133222277221155337788776611444411663355550055442288220033006600777744668811124477084406288
600888800115555773311775533776622221166444433558822770022556633000033224400446611442851005111833384548
61133775533115577000022226688116644448888773388447711777744667788221100333355114455550077612233624400554422772200880303458523256
6222200888800667755557711777744446688553333223366111155118811225566673300552265882033442433740
6331155337711332288881144440000556622555544666611887733338866002200110033007755004433551111223360834522227722616707476
644442222888800006611557711331111226655337755002244551177333355552233443011666677660088770050721188420
6551111557733337788882222000066117755660044445533558833887777112266776644880011331188555544330033642217440022746
66622880000885511335577552233117733337777881155556655444411114433440077442277002200660034886688882222667722545
67755113355772222881111550066880033773333226660440088331100777788774477024433882274445544116422320
688881133551177553377000022226611114444887733331155771100554477223388221166667766001122777788662200336650883344018
7000022662233775555113311668855773300883366771177772211444466664455222200553355661155447766558866038811234411088844032
711333355775566220000226677330088116688884444227744553322331100443344777766664466554403770244118866115555228855887787217
722223333555577111100006666888833225511886600115533117755444411440022880088776677007777882266220044885433847736142
73355771155331122220000666688885511113333446644880055554477550044440011776655221188110022883388663366116622332277772258241
744440000226655337755556622771155003355777066336644333322334455112222558888441111442211381178224464780
75511335577331188882222666600005566887777881155003333007711770088664477442211224433225555827721114400637453644
766222266000055557711331155337777448844008877332288667755447722001144668833330033443355111100225522112233881188558826550644161
7773355551100002266662288881133332255770066338800771111772277554411221155001144222200344477882244661166776604887745652
788000088222233337711551133557777446644226677550066887733447722003366552211112244888811444411883318540
800002266662288773333771155111100881177774444668844118888335533227755772233113300556677664477882211222255220166024
811337755331155770000222233226666116677338855554444880066445511003333005500888844777788335585227722442200771367641
8222233771133551177556666000088333311114444112255777788667722006644003344668800447766558811007700554482773166155500102
83311113377555577000066662222880077336633881144441177445511554488221188771122778855884477725532004436001100361
8444400006666115577113311222288775533337733441100118855662211117722004455005511443838886677882555268744760
85511337711557733331166222288882266556688444411007777000011775588778811114400447722336211224422555533554455248
866661155551133110000882222553377116677772233444433221188770066446633335577665500111177885588005566004400220833642274852262845
8773311553377551111330066668888660077224444555544223322778822665500008800228844664411447811221100552255862
888331111335577775500006666222233778866002255117733334488442244558800115555368877228855227711065546776631881166121
