4443322330055772222440000665511007700885566118833117711667777552277668877881155558888228804884477342206446666325624513741114128660
4440000114466773344551100660044222244330055885522336666888800333866556622882211225577117755041155554477776811870167811137274
4447788557744556622771122668866552233558877338833666633443322416677660077770000110088003300222611113311881175006645153375482558433
4448811776666330022007733332233442288770088222211667744331111445544662244000055335555115577771188886688338804110377836
40000225511330033332266667722447766553388444433557711886688115544117732007700555588004422764455221166110066285508246
40066778877332233447722444488552200226666442288330044336611558888018811117711331122555507445577551141076777086371656548435333882
422443300553366552211112222771166204455882155773388333355554466008866337766880077775566448855001133418841014
42222881100666655772211880000115511444433663377117700227322446600886688882266711123885588331133405555484308733
466777722441133552211005544882255886644775511556622331177888800003377663322220022660011228811444088336655507043487618485686633383006
4668800007766113300335577332211660066447722778888110755445555333344338855882266225522224406556204828
4888844223344336633004477881188337722886600225555222244446677110011777700775544556688776664112153885133533311416808273327411
4882211558877447777883333445522885544112233004466113388001144000077555722226622742843668888132
000772255883344551177552288667711116655338800557777664433555566227700331133226666115544774411444043630
02233116633778822666600445511228888553366554400883388668844887755772277444477771177000011110066707465225500555562403
0660033772233550055111133886677888822555522885577442200224488118877334455414655883322662227008800476688415533110
08855224455446666883322777755000044334411774444221100667700333300556600772222884477111122331133551144826643601151618027873383776
20044113322667700006633880011118855330077772211033344558888440277336644883355556655778877444477114433116288223422546
222771111337777220000443355002233448822880055226644662144117744445544203366338844706
26611883388772244667711556600774433335544880066882255222288665500334400001100558700227166266133208371430171211
2881122660088444411443366555577007755118822335566448866774400330066863311332200222211771100115500053
600551100118877337700774488885500881111221177223333557766114455443315553366444066228833884040334200002222724305226255856
62200118866660088887755005577882244000066770044331155448800227722112566336688333327665525330033773344664444142
66600554466117755332211338822228833778811668888002200333311558733442244004455556644441144335522336622574
68877005577663366771144225588335555445511118811006666440000337722221133880088220022874411661122777786226600773300475505234325356
8000011662233332222555588666655772244667766008888330033110044005500668744370027817535618075254511211131514
8228800775555337744333300111144220055668888557788116622773344441133115500002222552236004400348
86688003377770055336677224433114444557755110088330066333355440077887733447711888855882200223322115566000488412288174522750
88833225555226688000066440033667700117788665500553311447722220022337711118844113344661166660544342
411556644885511882244550000555544442233663300660044778800331111221707220866665522662255775533558844640
43322224466008800668877116611004477228811227700225555444455334488440077776666556677885577558866338888333301311
455007722660044000011331144771111666688008877554433776644220288338855884466556633444485773333553322770122225522410
477441144882222337711117766336666885522006644221133226622440000884455553344446311007733888811258877880055003300251
1116644440022555533226666331177667700110066550044224411551188114055888800337777333348661870008075660282022
333228877221122555577884488883355445522665500117744441166331144003366880077334433802222337711330066111186667766405562420
55511330077666622221188114411005577226633556600224433445544664477448855338877333366558866883377552088480
77755002211880077112277886644117766888844662266001100623322000055224433114444003388774155558855128825335560483
0117700776644661144226666337722777755667744752222884455440000331122553388223322116433330088335500555512006588004444885873681
033883300775544117722226688558844006600110000550044886666336655335555661122025577337766770455228822111644223468043
055552288110044006688332277551166448800222266556633884455000077774411885211114433447788770011331153330233524444682
077005555224400885511667777664455448844441144336611887733331100446666558833403322556680063155722262321111320285327
1008833557722116600330000112222333366662255550077661133442277004444667777880377554408551155332208441144338633173586528
1222244776655771177338822116666448866333355446600555566775522558800003344223366883311004411445088881188472277778377470262028
1330055664411666633331155444400887755001122885533558833667711772211448822777788662222661111888811006688002255776655552077047
15544885566227766004455332200772266667700001122443377557777447144664055002211003300683311333355117822334222581111688
16611114411335544008877002255882244334477442222000044881188662277775511001177665533773301226666884444552211555577885566446608083318828233632385033
17744556622776655002266111133778866004488442288552255334444001166667755772222336633220077110088006644147734658888170
1882233777744332288666688005533885555440000770022557788884422441133661177116625660011003877358811483087204
21166663388887744446622884422447733664433220088005522557755551111554400112277222233550000245533778855883344118
23344114466661111880022008866442244004455337722665566333355883311000011778877770077557744882277347555425505121
25566770055558822334400333300001111554433778811228833226655222411887733884477444500777711776666116600663800288
2777733223300226644335522882200333344445511447700116611338855446677222255883377112211887003115555724404184428881488680
30055886600008855665533331144332266884400110066227700444422115500335555222244883368002233441133773385111162557711847
311332244005544557744888844115555225566770000337733008811226622776666110022001188338856844041433343516
322440066334466111155118822883300442277000011005522223333116655880088550077335544338877666640221170360811384208626
3558866334433883311113322881177550088223366007744116622772222445577770022110000330011220066115511885566555522553055440044226688071
36633117711228855338833332233006688447722660000367736625522778877774444224411445544882222111155110022005500113810408
37744776688887733441111553322884400660055445577882277770088003300114466112211000044335555007244464522333312226200258
38800661100772211556644228822775577332266553366000011662222330033111177441144004455112255224444781188555544888865046
5004400226611228877332255333377443344668800667766465511882223666621663355660177888841015707783131486118581
51177887766112211330044440077442266001188881111447777110088443355554455332277337700003333662200624463425562823520258570550
52244883333117766773355112222661144663322116688443377771155664422330055770077887755444411888866662277220066000022540
533003366007755778822666622552277665544223311114411770044447744551155001102220633334433584466440833285
56600881133111122440044777766228888778866880066441155446633445555114422665588223333002211771188337744443322773385352
5775511332233552211118877337711002266116600188844007766778833885544772277446666222280444410664420868630300
58866880011887711335511663300220077336677662277552233444466448833222211005500447744115555772255665532826
6117744885500773377667722002222556600663311008888228844112211887788115544447703553322664466883333445522723
633005577221133885522332244881111558888002277116622006644334455544822508866004666577701714
65511001122338822228855776611660044332255556666441155002200553366886677331144777788774444880088113300335544500277521267024
6778855000044446666447766554422441133773388220077110066003311227722552222661155551177083333553366888872330188111148616
70011444466220088886655337711227766668877441133663311661400006600558800445555225577554477772222885563550788483322630
7110077003333440066448833115533002288668877666622442266777744661122551133555500111188005522773377885477588177221140400
722778833555566775500220033660073118822557655440055338844737333226622441111668811222233448888758866117422110011451288564
733442200221188777766554455556677446600661177558888662244440044332255223300550011115511331160881140003078480851282
755225577228800332266000044887711881177007788443388882277446633001111335555447777333366558866885511661155666644550344110425312441483
7668811444422223311000011551166225500664455443333778846332211226666552288773355338722777745770077117750420131824
7886611220088004455110033117700558822226622884477441111554433442211333355083378881166664466087
811664400335566882222551155337766002266338844117777227755888800114444661133443300447744228677154455205
83377116666550022331155336611000055557777885566222244111188884488776688228011774466051144442211225544034
855770077115500666677887777446655886644004488116688444433112288003355556600118882553300552277221111000022241133842
877444422558888661122220055001133771166332288223311447766885577880066553333884411554466227722666600221100004433667244811
044224466441155220000773355778888002255444455113311222233884400110811116611771188775555337766556688227777228866770854830633621
14433777755001177664444112255228855774488881133221100334455440044220022331155553366662266111166000688338877880477146
24411442233884444008833446688113366007744887766335544333300001122885577115511882255553311003320666655664788677
34455442255881177887744885500110077660066551133008800552211882288668883226622220022772243116666336677335386461707175773337
5445500113322225588118844668858334433576666515722662200333877444111002232112711778077304
6440000444433776688226677225577448844660055663355002233332288113311778800888200330011110077115511865544116611442555806666212527073537775
7442211225522883311778855775588445511660000336686330022661111440080555566553377223355446622777766773322224433334043850701810
844332211333355116600555588662222445533770044002277668800110000666611223366331144442255226677330488885508334187228643817741577757811
4446666552200008800660044554477221188668811441177661111550022883311663388887788427733777705774233335533024
444337711115577003300221100882244778811225500775511441177664622227740666611660040080845228855553355626
444665544008833662266660022001188884488112233556677663377330066116688664877775511405533100
4440011441122660000332233883300222277888811884477551100557711558855664422880044335555445530887744824466550255216
400448800662200005500885544225588222266118877771100114466443377557788447744551233667722886666002244468762773333021
40000667766111188228811337711003311224422117788773366554433220044664077223388885588434522557770116500553511408805655868315
42277337722666600777788113366770000553322220044335522330066440088668877551188445555771177444288882211110033115541624
42211445566008800776688118888665511004433441111555500661133033322774408444477224486222203552255458122877755778171653
46600552266110077445500448888777700118866772255338855666633778822223322047555835571224366533311514
46666118888660088552288336688112233222277335555003377557722662211770077443311333300110055334488441111554455114422500027140
48800225511336611776666005577773377881111558888664477007755221188774422223333882244555544440044114436227722603
488550055771122224433772233334400776655228822774444226688883300880025331133551111556633661166660411881144764845417381032
00044888866224466773333553300663377665544221177883388001111336611666644551122226600556682557755003322855581552184047744144
0221111448866446666007711776622627788004444005577220011222255333344223322447744338822888811885555887700835527551155477733600
06644772222441177336622002277886600888844667766556611670000443344553333221144225522881188205511557711112038555544483
08833220044338877336677448800072222661155114466441122888866035536885577882255442277771188447704440244562212366
2008811226688440000115577006622883355331166660044222244333300771144777733778877667744554482336611003322113345002277225566438586352555165
22244773377554411228888332200668800110055238811771155776633665533116644607744445555118844333355608855834483013401442
2664400006688115555117722112200774411113300336655228844770088777733776666001144334466223322444422250044802
28822116677223333887755664466881122220033224488885577663377336600006611558844441111771144001100552277007777426
600007722225555333344447744221122667777006611771166885570118800227488665522883366335566445511550055443322311142404
622118866111133114455330088774411226655770033336666773344227722888833256600115544000055004433555518007777652
6661155775555113377336622443311003333440088664466770077668888005500600042221122882255223022601
688666600883366554455337744778822771188442244862266115500005511225555220011002284443311441133557723330407332467775565817341638
8001111667755771100772200004433227701221744223377662266663388228888335555668855222255333366558244046444145
8227766002244664444333322112222883344005500110066555544114455881188668857000088004422003366337733548877775846774886631307838
8662244446600888877006644778855771166334411883355442211772200775566776688077733774482752533350
888775544116655556633550044880033774466440066885577666600115533007777112233111177333322772211338844336611851104558422467701425
4114433005555117788335500002222118800116688771112666677661033157722881655888855220044553333884488664477774466336622440066027
43322778800888855001111004444003355558833331155776655663344221166000055112266222244666677117700775538461187454
45511881144338800221111000066778822003355332288333311226622558855664422330011770077248888777766886666008843661733457745250
4773322772233662255556666554444113311553377000033885644508888448822880044667777440011114432660077668861810177816
1110066333322883344881144557766554466660055558855112244337733668877442277223355662211888822225522007711770011661155000026441130380
3330011113311772255005566664488118866773344554477000044668855882288778844440077441144224433553377551167771277623362221322620525557
555666677668866005544442200880066334488447788221155883333116644003355111177110077772277341122228655770262425741314751823
77755444488221155880066552233661133442255504451116666888833000022008858110033772226001700776677838
0110000550077004422003377112233116655664488115522774477776622224433554400668844551133221111772255333364118833882268886464430803414878528
0335566332255223388004422220022668888331188276623661111551166007744553344885544005411771123777756770656466787310131472
055004455447766440022334466331155335588668855228822116611442277336666557711112255660033883322224437226888177742080
07788776688557722666677112277773388663300662233222244774444881155004411113333110088461166421188336375553345654585217143551
100772255777711666644770022880044008877552211220055661188448866333344224444337788336655331177332466006685800
122550088774422888800221100111566443322330033334400553355886618441777882266006666772242004277557703822
13344446655887766774433550033337777881188554455668822770055330070884022112255226622228888631111080832024571716155114
155008844442233114477225522117777660000226688334400557700443388666633667744888855887201882466556625553355416641211
166447766118800005588332200882233331122667700227711777755330030113044555577448844441155228811114436221106668888772222524
1772255888866337711553311222211110077664400883388554444778800441166881133228877006622665511882277557733334433555500336522442230248747700050114
21100770022551188000033555522338844447744008866553377115544332277226666228811114450448888778833668644163
23300883355113377668822115588550055666677228811004455557711773388661166547788003322227750224411112266331184660333444403642
255774400223377007788664422775588777733001133884444665522660055518811443311008888333346885211624
277334400665577002200444411030622221188775506771144556688117788613333112255335555888433772233626484642381615324711
30066003377880002220211662233113388773333553366776644555544774444661155118888558811028844886255777755641
31188001166111144115544778866776644883366333322772255220000226655660033004466222288224122170066668888173
322116611228866557755556677445544880088770066446688115511000011884422444366662266333311330055002277117722007766004822225522303141153777358
355113377441188228844221111007711448888338811660022008866776644332255227722440011777700666625778610550000344475446535556044558
366664400338800558844442200224466773344337766222211401133227755006688665566115577410088882288555522553700416
3778833660088882200116622775566558866884400334483338077002222444433557777221122666677663311113422546611771146474
3883355775533778811887766884400005555117733661166663333158866772288556444143322552277770077142200222212308
5004433220088006688556633773366770033554400774466115588665533117722662222333344441111442255777711227755116877688
5117722228877778822668855665577663388336677118800553333225544881122444411661100114477006600774466440044337755888860335840800
5220088441188885555667700222266440066225544557788007744776655337722717311116600005422113344332233338822444466114488735
533440077558844774433008833888855111155552200665577886644226611446600445500223377336688005251882288116666222211700016341480327446724
566002255774422227711117788880033332266883366775533777700664444331155004477334411000011448822005844024468713
577001100006611886677660044220033556622887788444477115588007722441166664466555533663333117755113377338855008882225544552262774434021
588002244116677776688338822778844556622112477552366442544334400007700330011006600588
611008822776677004477552200773333558888774411445511664422334433003311115555001122113388448855446055632
6335533443311778844555522332244442211338866447744887777660011667722666811000055004460354412557755882208556288040718370882227
6557722336677881133000011552244222211880033777755334488226666333311446685110044335555445500558733274
6771166553311005555003300008877660044336622333344556666441122114488111155884477778800222244001133552255442277337752663822820
70055446655887777444488115500114433776677334400223355718822551122713311666688885866442244560082226200403322800
711118811661177772233006600332200776644552212443355667700553310068877557744427738482222555502880
72222882244888833225577558866667766337777000033117711338811110011662277336655334444668844774455004422002544035555241
7330055002200665577114444662244337744001133886666000044115588445542333366335533226677887755551222776688882216477
75533880022221155660044557733110011446666554422884488552277444233226622407777117766770377887728335588251111268
766775566883311446644884411002211881155113300554477336600117788887722008855557700333322335533771111222276334611666622665240406070038808682
788227777007744448866006666703333555544332233665522553300445511556622224633118811334088880000110023783168511121784
8112200771144113388886611550055226644884444551111880000442284008233336655770011006677335555478767258747577373431300302
8332244661100117700556622002266887755225544115811116600447777227744442288522788886653884488218800331144330000740
85511881122111177008833776688440066553322773366115587441355664422220000103333123302663346255527775577866673860
87755445533114400883355225577004466556611555500510022773333772288663344888077111166664411226600003200662244721
04488228833225588111177887766007755665577772277445200335611226622221154666688664422338888547166718800663313408843624
1444422220077221177665544886611556677112266335588008888552233111188330033882288445500662241004733334700005643732680102606636
2446633334400775511555500225577776600661188558833112222338822110088016677335544448844774422771144566622664722037787017
3440077223388774477557711663300114422002211888811228855446655664455551822553322224444333318004417000
54477113311225522886677883366111144222444117733338877207700446633755511005500003344557400264434888840880688566
644002277446688772200558811331155443377334188882288550088370000112255660066222266114766765522363555366070380848624515721
74411447788773366223311002244663344226644884455338800885577775566725500551133335555883300332655243374000045416666112111881158288
8446600443355220055114455007700008833775566227766336655773388225588887777886644111100221122681155444422440344874477228311817301623332213
44433116666445566880033005544221111776633448811558833777711441122447744667722225522775577302230482288685500006845301
444778866773355772244005511333311660011004488445522003377666622881177111155338877442633461128885588008826883566465540255
444007700881144118877553388223333226644667788885588335511555566116622228800660044354452777766663840571137400026810
4445533667777554488001144224477222266662288225555007700887733771177888811000033005577443355668400446133816
400442277662233224477001144330077110344117777886677550255552266551133116666887733553364472288558833888822122
40022330055770044881122882244337777885555001100886688003355331166222266115522551133220077118844446633338116554666776647458
42233225588665522118855446611664488222244330066337777447711776677333344113311110011551120335533640077008840555560402
4226600110022775522338822008877003355880066888866774411773377881111556644440055446655571146331122118300772222577
4662233448866337722771133228811770011668822000022225555331122660055111155007655224455444478008888558833887643006845604
46666557755337700558811662288336611227744443355668800622244000088884488778852118863882477331111003333441144517
488667777555522663366553333880066007744221144666644551177335565005544710011331188220033004222483348527
4883311118800222233887766444477007788882255777711665544334411336611446677221100137735886600005500855566324
000660088550022664488778888333311115566668800114444221122552222771177223355110411634454332244774408446377773822870
0223388551144661122663344008822554433552211886622227711007788444477666677770000174455550033005533332200457
06611227700772222330011114444224455225588443355547753116600004466440088005366668866226652003333410028117777888877632
0880000667733883355332255551138117777886644557711552277222244114444221122005544775566558044361
20088556655772233661166778800001133448866004433881188771155007777555511228833006666333255310055824400246644541174762446814
22266554422883366668866114455111122000077557733558811770011884400552244880033808744334446333300221100660046427165315501356
26677661177333377228800550077110088338877774455881111444433222244666633557755556655334488552255115544003300660042021166486278412
288553377448844226600555544446688113355110088006622333344118886447700771177227044000311114433650384556521532301216
600773322882233118811333366115522114444227777880022224433771126445544666655663344004487403300162
622666633005500334466770011778800886600007755332277338822112244881111551188774455441166557777664444204711310725684588352558588
6667722660088663300001155443333444422117744771188220055556655336622337755777788558844883311114400332611207764604
68855556633337700887722664444661155773355331166001100006622880044552200223322551144776677775588665504113367443344884402771177881
800002200448866006677064407442211883355553322554411552266337722333366556666113311671177550855188828134
8225544553355228800114477666644337755884488881166802244110044440077006600331122257744663300550084238321773333618
8662266113322001177335511112277554400003300445566006633118844447711550088336660777788055582333344321147028
8883355773322223366226688221144776611225566001160771155551133118855333385441100003300550087558433770062445527778177244464840
41111224444005555776622777788885588115544772255004755332222338800335566668866528822034301884373631
4334444882211447700333311005522881177445533885544118866555511664422007722223366887788330022661155775566001111304
45500444488661122227700118877555533776655116600556677115577773388224422002233226620003300880063558841410348536
477883311001144550033008877552211113333443366662266773377444400558800777722551177660022228822706638661166581154668420400
111882277883322888866004422117777551144555500226633667766446655774400003300553355447718037733338433148417044
3337744227700443366551144008855883344666688667722338800110000335566441133006600220822552222445544447711884486111155777635321122650281716
55533447711880044225511448855223355003366776633007722775588664452220011115777883334117700002244006611221136228811060264316
77722667755115544771144337766221111008844661177332288887700123344442200338855883333664455774416668600555500265
011661177771133118822770000772255553366667788444422333355668811115522445577441122662288006633008888664488751144702
033001100551155557755442255336677773344117700445588118833774471112233556655228855022266886633888844882272420642166626160
055778822888855112255222244773344662277118866445566775544116600668877443311330033332233540011002200842
077557777668822771133111177443344660022554422661122115566222288663355003322008800001100551166770066441144447733778811887724883338545
100667733448888000011556622008866887744224477666633777711883311332277222266445533336600446611665500223355552255111124330144044
122667733003377005588660044778833332277554411552211334433884488551166444611771111825555777722223022406
133887788118822446600663300112266664400550077222866253344884477556688804777337761771163211143510
1550055668811114411886633771133332277338833004422887777222266112200778855443344665522551100880000660011666677662366444474845400302
16644777744557755550066004466661122553311007711772233882244222266887733337700227788114433448855228833558888020
1772266774411555533550011888844002200444466886644336622551133337755666611112233110055771168554422773300334822228000870077606
211550011441177003355666600773377554466553311102222544422772244333366338844006677776688774866408888300
2332222557722443366553344775522882200331188333300555511448800227788113566888877440077773122663544661111001155886626006676404176616080050
25555777755444411336677004477337722115511776655880066224400114488222277178855220033330055335500008888338816007455664466668
277668833445577555522666655888800001144220088551111004411554444771188222281662133335500330067005533656
3006600118877442288662233335577778855446633661111007722225500331155332277640055221122004433882244555588444133483371416175626
31177442211885566447700552233225577333377887088002244440033553344555500113300660074111125115633884836588828186
3224455556644661188111155333388226633003366665500668833557711770077221122005544331144222288880022551100113622785
35533111166552200004444110022113377334455008866118835112266771177666622227722881144887777447788884400664460542
366224411333388335511886633110055442222115566557733223300666677776644880022001122558111440044403
377443322002233113355444477888833887766226644882366650000558855315577770011440044555511008800781
38800227711113322884466770011553366224433777744005511444488558866883477556600866655020
500551177002277448877222233008888114422115533336655778866332266664455228400335433771122007753441111806
51166662288112255774400886611117755888833222211004477884455667722331133882266441155000055335555446600227777118877330033334433624
5225533221122665544556633448833773311118800668822770077772233001100003333660044667766447788662288115022008877138858424616675357405
5333388113344001155883355005544556611226688443100388822441188660044887788002222007700008622314444267777264637166
566221155446644008833660000557711661111885511773388222244333311335588110044887777555533778844552233228888012267442274744
577335522226688883388117722001166002288777711553344556633114444000088558844336611333377446677554422555511221180550782365707662276424
588334488227744778866116655777711220055332255660033001100663311117722113366880000888855002288770466226674223442481
61188004400557722555533778833444433556633338855221111776600332222770466224588113311664888271151267
633225511114444882277116677775555447788008833661122221100550033118888115577666688662200117722665522335533442288445587441133006077304
65566008844116611221177772244554488114444225500555533552200332233000066667766336648007700182
6770066112277442255222211002288444433448866883325551113666633887788880033331077664466208755445533550044101
7005511110044227766662233554444777733772222441155887788007200112255006600332211661133883366888855667188114488445555740
7115500778866001144118822770066880033442266775544884466222283552211224400402733777766663366557720008055331133074
722884422112222445533774411886644666655226633448811443300005577882277006622004444008077116611773366777755551155601
733223311447722443377557766116677771177441122663355118814000088550022006688880033448877882306446666058866554
755553366448877338811883322776611440055445577880011665500337722443333558866222288860000220044412211706
76677116655557744117700334455226644004422772244881188000055008888330022225566220733553322333366338855461866851
7888855224433774400115588661177002266003388775566223300664477220000446666334444554488441144265533681118382
81155440000114444886622330066005577221100441166445511112277332200885555882255228803117755333366661777447703524
833887777557711554400882222663366884477885588114411228888660066774433446622330000476666116648003333720022401
85555888844553388005566002211335577220088337744775166444466333311110011771152661144118233668287330077700066627
87777224455886633116666114466774488005555112255770033226622888355333300111155000022117766444422271
044550066555588553355227777663311554466116622114422881100112233773322440077557788770443336677225566660833084711774202668342238
144770033555533661111337755444422334433112222115500882288885511668811006622440077886655227722048844656808317777425188776
24477008844004411880077223344888833886666550011778855882211220144222266264441336601668747673333075535156
3446655447711335500220077552222772288881155332244556677443388584400441144421177001166331111233366662766177733778833006600387
54422661177775522445500004411225588006600332233772200114488773344335833007708584466663366447744018822268866515
64477445588222244223388557777336655000011775544440055551144881111006633332277008877118800220033441300452288325
74444332288000088664477770033002211222266775511117733334422006622445566682233555588557711336054007788776100118811548
8440022003322448800770088771122226633330000556644227733118811777755115577221444668888265588555500143
44466330088882222668855333366554455001177440066776600223322447722557711005511221111331154337733881166227706180
444330011778822448888667711004422332222668877225511660022113377000055003366440088558833884355552277775577461
44400663344333300883322226666888877110033884422118866552288111144117788554486227755551122447777446577005560776200002133616
44488221188335533663322008855227711228866778800226644223388114477772222550000770066888877661105884466665577324
400006622555500222266442277771155448822007744118877558844336677332233883311666611445333003346335133788851201
4001100443377554411551177774488442255883311664033881111886633332288555500770066005522335533000022008733467716127765624
422771177007788557755005544445566337777666622220044661166001122882267443344118833880000884400330065551133511153233
4224488778888662266114477441122880000666633220011665566883355223377338255550055330033331455170
46677338800003333771111774455330066886655225566005555778855442288336622664444001122116611550077002200843511377722758
466008811884433001144003311773388005545886622553366112211555522220022885500007755670067774877633322624
48800223366660000115511112288668822667733117744443322558855338811663377550088447777227785221100441134222201840
48866221144000033660066112277224427883388002377110077330055885544111155001166664466884454776133335750408743170773432
00088006611335522883377331122334488666677771155663300220044442244665555111188884477485577553366887788225580776602770266238175054141016
022337711775522220088447788110055773322770077667744550066333344446611336644331155551111225536558855483
06666225577335511002277223344112288221133001111668855663366003377444455554422224488832200446522631147500
08877888822554411665511440077774455223388556633557766661133006688111158662200333311222211004433224477226600227757000017128424846057344
20088555577336666888844881111228877001177774422330044443344771144662277226677663322225566002245000077864032106
222006600440011008855338844228800554477558888336611771188777722112266665500331144882233556622441700768673725270200643334323063
26655111133771177666677880033332255002233448822224444773388331155445566886644663300775577770000885588774400110055553288443522116060414202712188881
288006644221122448888444400333344555522226622000022556600416633776677335533665577551155418866668833123
6007711008888440055667766335588006688227733775533332211666411338865001111770000220044222284447722548
6225555883311778811333388770044111188228800553322226655110066446611443377444477335500001122002244008600334485445764272
666446633882288337777113366222255773211775511665544445522448844388800442200001144115500555588556400881867447767202060378530770
688660000111155002277443311663300665566448844445511888855442222447777225577514400332200883388776677005800446622882266113333473788110
80077335544330044558855115555006600002244225522887722226633881111666655332277556644441144674477770011776108440578682128337883436333113
82255558844003344337788661144448888333366228877224411330044556633222355001111007744777700006644665533117755476666708
866552200115566771111662233772222114433666611770022447744226600668800441188188823005533878644440037554487673
88844112255007722001155664455776655228833774444222100885511333300331111443355334486332611760055440000462
411224422220011778833662255887766334477554455118888443355774400664466667733777711444866000033007700523
43355336677118822773388447755442288777722662021663333770033444400881155551111005570001174114600466
45566774477337788334422225555221100448800001188115511660066403311333355336633075588557655482
47777884411448822881166888855775555661155446633774455338877335666771100113322664447000033330088662200436602527
11122332244226622553388447744880011667700254466330033777755773355887788115500014646165525556606866727636317134
3335522556611882200775544883322112288446677774433662277005533776655511166334411773300110000222266880033881134223400664860424
555777722666688448855222211770022556644443366551144778866335544113388111122771100116822005533223377630000683347550077403333118085804
777883366007755882222887700881111000055226644556633440066680433771133335577444277223311224208551188614
011332266442200660088336666110000554433446655881177225566887711624400331155335522888800778844111183330777647744837733844
0334488000088333388445555228811223300118877110044225566557722117742002277551166667766115588668822664322235
0553300883355884400337788228877223322551144442277331122226644775500441155420022116600007388006666886626734
0775555110022773300444477003344118888771166776688114422882222008833880055225566635533777744332177811
100333377111177774466552255772288330077331133222244553355448855550088441144443344770011556644004422336677561162118382600
122774411555577225522664466661133003333221111773377556655336677886622223344331100001188150088220044002244442288506
133880033226666331144117777664422002244668844886622333355885522225533778888336441115511221187227733005555770000675500474
1552222771111220066334400551166555577883300117700772288668800876644446677447733777544333366661144113311821103224422560
1662200553322226611227788770066007777117766884422113333881111550033447733772544663311443300110000856644455
1778844227777116666001100007700882288006644886611445555225533551155665507222211224623118363033383734
18866335566224477446644448822008833771166000055885577780022223311225522115555442266665843332033604
211661177110044111133337744773322880016775544006666334455782233665500003355888844881644362244402222507
233110011771122116622550022666600883300774466448877224433885544778888113333773366335511884111403325334577555566705
2552233886677666600770055774433554411665588775500881133773366888822110000222244664444284470648455356035551044001
27777882233774433447722003333112266110088440077001177662288004455446688558866665503667833011133216
30022882244663377000044338844771188008866114422667744001133662233335533225566665555227766845577551155844
3222233112277338877775500558866883355772244774455220022114433665533330033444626400011004600761155111188088
3550088117777338822110022446600554400772255886633001155771133223366775555662222668844220033770008776655116611118855231144112644374888083
366117755112233225577666655330055668877770077337622445522221188880022663388558833442278444466000066443500810011667200454145511
37700338833441155558811222288224477773366552211445544407741880055335566333310666600002233004200150
3882266775511330022885577888833332244666688664455662211776655440011007777225555220044334411114444223311553366000088748034706121618
500224422008800448855887777332288446688115544443300770011221133335533440748666611776622331111664511888677114255510272226
5112277552288335588553311446644888877666622224455567777334477880088118866882250333322336633706600713381510
52266555566882288337733447711774444118844224466001133663333003355115588776622553322338866461111485577554880772277778000402
53300445566661100114433448822778888118866007755003355222266337711116622885577220055447777444462551177087763880841358
56611220000446677553377668866008855001188448811005511117733334411664433614400628800777722447700330022331544227715226877821
5772200113355446622775522551188555500667733003311002288000477114422221122666644882233224377668866574388883368716
5887788112211114466336644553322224411550000226666884400660044333377331166223386117766551132071187410
61100445577551133664444008877772222554422880008332233448822112277888811884111771146226677663866024
633883366664455447722220055225566777733440011517750888844885600004433003333114444687700774133580022332288227188610
65577228800002266337711338877006622444455335522005544003333446644331155558855016666888866710
6778866001177774400338822554488770022447711661100888855664411115511333300005588337733604455550447222268452212080
70044113300226622884444222255883344337788661144006677551100115555335500772233112277771111665544781188588808287176848456360466664
71166222288881111551133666611887766446688008844331122338866556600224455447788221177227733225577775555226011444410035583042
7226644663388552255331100007700116666550088334477114444554411115511337044888844058865556244222288027
73388117755002244885555882288661100770088445522330033771183336622006644111155660277772255774444042344735
7556655448833771155228858110058442244666600441166773344330066336644777700772200114454000033338211113272622250223
76611774477775533771111444455758822227200667311887344112255005511330076663322115566224655554866884333808033500
788118866884444222233332277116633111144776666115588880022003388225566221100845522860000170077330055004433448063746365135535754415540
811227744001111330033116600666655880055777766336465002211775522228855508888778822648833886433770077333324218844741
8338866776600002255664411440066661155444455771177880044221122775500336633773300882200774555888871005188422233126
85522777700664411333388225544888877880011003377334455553355883311556654007766002222005322112266886622330000442244367666118444663472817141116
877886666557711668833330055885533888811448800446622221100335522772255551122637755445563224422882207774477611153618
044113322111188002233442266222288227777883355115566555500336688116666448877552244773311772255338888660000885588440064546100543447476077001
144334400333388222244558877888866776600446666448811883300008855551111007755227711770011228844447733777744113311526633665420261
244334400777722002255226655111144775544557766228822771127338855336688446600883300005500110033335555663311332700461
344220011332266446633772233110044773366551144554488558888118877005500771111555533556840008023016123338
5444455887744666644337777003355551188440066223388222266334477886600008833115577112211004488111418880072720
644118855887744665555661144337733002255228800663388113333448866777788222277007766224444226666884455447055315511117081240
7445511552200117766111144003333775577335555332244226633880070550022110000883366881122556644113344446653116822888844322
844227722112266447733661155778811445533558833770011775566663344002233338822443322886688774488885511665525000066008800354
44488220055772222114422881133553311117700885566552255007744116688002466663366476677118755104300006600332346133
444337777885500660022224422552288446688111155883322662233004455557711440877553355663333666656773348013388286
44433887744775533771133112211662200008866665500227777334488556688005588330033640011007064555511552222311174225411484
40033005500666611885577117733553322551111668888175566226644338877441522228822007722778800224444804464745084200
400006600221133448866888822225566557777111100338811446633332277226660447733770877441177554443112233551155020
422556677335555227711006666221155113377888855770033887722444411114433116611786644001125330000433340705
4222288667733663344666611772277114400337700887777668833112266550055662244778855333300774433284411300026006644504
46644775588777744882211770040220055661122332247662255773355334655118811115500110033007633686222783333184
488220066331122885522447744118833446622330044000033778811553388007755666655557700222255826600872277771056445214344
4884400332255881111882211005500444866116605662247555577773377412222035543331133623388552278887288014
00044882266338866667722007733778877771100880011225522446644770022734400330055041111661155118833332233665566044888428855753
022665577552200008800556666777722773322887766447744036688444455115555881188554411225533550633888833778822133347122
06644226677118844887766223377882255885511004455332200222211411122455500777155413355668888005576603388333360181343031
0885566003344776655228822336644558800442200662211772266337744118811551111335555443300553333888844883665044
200115555333322551133446622114433661111882238008866887711773522884480006632447777557700556677666077240044441427845540258500374
2226600776633553322774433888800555588664444224400665511887788557755008811556288447711770011112211641130002200323
266887766112244667744883344000022117700118855552288660077110033665500664433220155111455778844262333872633731546635535856
2883311110055884455774400332277221133668855225566116622007733444466771155441177555533335500226600008877664477786633881148066
6008844556666118866224400668833117755770033223344115588007766444488114433663333002200512266778822273
622333300001177225511118888222266883311440033448800442277445588110077773322884477665577856666336677116611237753538416070434664
6887788224477114466773388332200777722226600884400442255110011774455885533552233005566554411331111661184443377003344836633302620676
800116633336655666622773355558811338877111155110055004466003311224433000088334422368822220022557755445537776644418866774858488787270141761
822007733660088667700446611880055774455227788331133338811447888553300662266443355556633444255421158728
86622882277880011665500776644555566631122333377338833447744008888553777114444887722220022118811000044224522651
88822003388448833112211447711110077881177445533772255002288661166775577334466223333664444227777005522643355400065804
41100552233228888000033556666550066116622771111883377778855557755881144660077004444334477440011776677330088663366484122624022220312587338221
43311330044110011448855550033227722665533884400774444668866228822552227888833663355881188776677116666460080500
45522338844778866336622775588116600887722003333006687332266115511774433111100246655666487113500770000154
477668877550044333311667733007711441177224422110011881155554455883377774404666633664444886601126618880233527203822
333886622554444664422448855777744336677663377111177007722000022112266110011551188113455558800488822723
555664433114455116677330033663344004411772277662233554422884488887755885500224466661111007777118822220000560088332013833
7770022550044333300660077884455331133661177557722115555886622668877441144428855665522223355105540888833224633773346780
033662277116611338822000044555588441122331100880014224400550355775566888866778877776666432288322266065
0551144110066116666007788770088884455771122003344442288004488335522550188222277338855664866555533337755415581336633026
0777755443355556633222255336688557744000088005522441144771100667788882277666611660266220311117722338877328811886488321151344
1003377227777445577554466333300555511556644441188886677113322448855221166117733880000883355002788240
1224455886611333300883344111155770022555511775522881188771744888800337722664422332222000017663386007662705313521060436
13322227722557711448855331122887777552233336622444400208811778833880077334466335555660011006677443300337500004455442166151640565688486668288
1556622223333770011776655118833220000661111004433882288553300335555774444887788002244777711226677336666445544013467214168150525884758688
166338800884411333377227733665588115511888877554422886666002255334455776622664444330044774400668833550000110055548856761120746171431823203
177664433331133440077553388336666222200118877115566554422448800551122550066770044552277226688221111441163085555774464778844458888677
1883300664411447755667733115522002222111133336600007700554488224455551177112255885577228844334426110013237
211887766336611771144111400444477558866001000772200554488332266223388557788880033773355666677770426465683034
233002277337700886644778811222266116622444400005577228844551188006677668888555533550044334411448872111133115544260
25566662233443322663333551177005544001166887777555577113300446600224477888855884488008822007725000388115526718866564101214
2770055554400334433220088556655225577880000441122115588775511888833110011446644550077226622336666784422228483844
300337733336677668822220055557788446622443355883344442277228855441144006600770011771100887745661166664388111151831
31133667733228877881177001188883355115566338800550033771166553333447744446644552211002277555588440000660044111146824615423266222
3228866665511776622447744558888006611007733664411660088770011221117225533555576333373440055000022004422227822681
35566445522771155885544443333002288880011006600334466226667550044225411887722024477882221338833216864081378431
366118888002200005544117700881133001144228855882233863333553311056666776622665554668277773377524433444452221122540786032111664
37755333311224433888822884488665511667781110011334477004455550077221715444400552222002255660066446666100084126
3882211660044550066443300778800331100118833662233557744881133224466665555447755667766884410558855125
50033118877556633008822778866772266114466883355116644222255881133445522115544001100007711112200666411777733770805774433332244448475355
511554488771144003333886644770044441122880077881166660000888833143355882222663366223322005566776618446500253
522330000222288448800331111334477005588550011441122556600777744667788117722664433555533776666118822742244510088838
53377554488558833331177332288772211112277882222445500115522557777003344771166551188661100774422667766435558114363880000230
5662222778877776633444455118888330022440077004411332266001144773366115533555544210855084
577335544880033772211004411883333445566668877551144660077117766113300116677884400005500223322553388226622227777006655552288558866336644442744743
5887711881133554400006666002255117766332288555566221111222100777755333377338833661155280088886444348827046
611552277007711778811880055551133114422445533777733002215774488776666336688456623334033200066408
6335588336655770077884433112266880022446611114488667733222100888855666600550066444403882333453307475555272765177
6558800113388333344775555668822551155442244443300008811448233227766337777336600770044111176112211864455222282046
677661122220033337700001188224477554488114400777788446633225533883366441100604455557744334422772218771055108023056507358
700882222002233775522550033332277772288773355668833661177441100004444551111662244880011888844005266446608630
711335511221188668844554422443377557733887777448833661166660066226674664400008800710278220256523
7228844115566001122004444774400880066443388113311002233335555442244550055886666116677662266336658827777022
733113300333344117744554444336644665588887777883377227766004422455522000011007633225500551155680022221122684
7552277886677118800447744445511443333117733663322887766001166550033007700555566885588346612666644222244102200025402348
76633111177334477774466116677112200330022113322553144227788224455000088005566888855886655554400664488728844443155722
788220088552255003388005533223355772222884411227766771188847700774445111100115546114211660000662666863
81144001166553388550077448877660066337777221188880088441155111122555544664455666711775522778833222244223311335000330022004444773333626433428
833004411442200882222447733774488880000225533443333223355775544666600667766336688662511661133111177110033881188485
8552288880055558866332200008833847777110044336600223355772244441177665533112255115566221111334422214400116611874480306
8772233770000778811774455551133001188444483332211002287112255840066552266776633116600843366473356866622038342475612722
044116666556688552200557744442266224455115588884433773311113344777700007711221100114811782233003333580
1442288440011557722554433220022771111774477775533773300441188778888663355882266444700003333110055552233666606862222112243461
24455773344668811554422778844776677000011332200888822550055880033786611006600443300223333840071816666214
344221177883333112222338844443300448866332255110000113355441155667722776611885577005500224477411146664533655528208
54466770077447766226644331155665588553355116688666577220000883344003377332270118888225522880055002222338871221455544
