44422880000885533771133551177226666115555777766003333118833445588887755221122778811110077006688222206223144663477348
4000055773355115522666611772255884477660088118822333366777711664422880033448855006555338833141755602245407
4226666228800008844331111337733555511552255338866775566557711445588333366332244668777447722776033005400741
46666220000775533771133551188882244001155008866777722557766333344223366556688773380627744417785226211228162214
488883311553377336622226611771111330000555500444477557777227700886688558800225522333355112211663344660322042
00022666622888877331155337777555544440055771133336688116677442211445588332233550033006633443255660618665642224848580278220
0222277555577333311118888776666771100553355663300885522112244447744116644661133772288338822550433445544281144884401778805132367077
0662222668888005555777711773377553311114444776611003355882233332211330088770077446600441155112200002388554428640
0888866222266001155557733117755337777880077113344443322111166335566884400554422333388772277446666402288220046510061424
200888800666622777755333355771133111155112288663377334444117744555544884422660000440026881188564471061
22266668800008855331155771133337777444477662211118833446633551122003366116600778868443300448555873325606
266662200888800337777335555775511110066882211774444331133332277116611553366556633001122446600781144885588445544028
288660088113333117755777766551100554444225500337700773344118822221111226666224455223800227644715555304
6000055773355115522226644448888771133778844661111777755330033331166336622112288002277665555885567441144008831886244320
622228888113377115511777744446600005533550033110044338822770022116633336655445577334477661111883300667788666800723322508
666222288000088551133115577114444553333773366777744221111775544772200778811006611663352332277660411883344338888448872446261282
68888113355117755337700002222661111555544445577333388005500664400330077441188556655886622552288227044883366331166660088746844332124701103442
80000222288666633115533555544440066552211777711881122008888443333776677882266446614556244204
82222337711335511775566660000883333111144441155777722661166884400554422112200110066336677334468776748607781802
866661155331177335577222200008811113333444433775555662233224477774411440022770033882266778888554466007422125500665588363
8880000662222663377551177331155338811116655554444777766001133558822007788330088446663228855005522112244227700248727440451410
41133771155553322227733888800005566440022558866777700887766226633665522114455443311001177882244883333534423006121116850484
43311553377771166665588000088556677338811332211772244668822228866440022335544442266118888776622555577001144552833334474804073606
4551111337755332266228888000066443311227722110088222244885522555577338866558877881200776666004400544700267770130
477553377113355118800008866662222448822003333884411555577331111444066887777888855881233007700227746004500161322852
11133555533777788882222006666558877550011007711225566884444003333221177331155772288114455443344664366005510200
33377111177555522220000777744448888666611667733882233551188554477003300880022883366006622557788445500546720104
555111177337700002222668888553311006677661122777711884444554488335577220033004400513366334411443388116644666652115476232
77755553311332222888800666677115522005588335566447744117733778866330077004444003333887766114466881002772216034455736
0115577113355118866665544442222770088777744000055663311116600228822112255223322647733883377885588117755553333641
