44466221111884477882277448877331166440055115500888866333348552200226611006666001122238811771133004377083323536
444117788113322886622226644557700667744773366114433885511118800116633448833772277775555007766553155446666000044210055852
4447722667733001122777788220022117700337766443355888800554455551144223366224488557744006666881111000083804530752501865631513606116
44422551111331144884411663333553322775566222288664433446677337700665555226688005500220088221155881182440711076617472667877
4006644442233668877770022886666337788338800881144551111550044888855884266220133118761217565333303216521034545755
40000337711445555332222116633004488333344111133550022772255224422001122882266223366117777667744778877056688558888660445710
4228833334488445500447755882255667788772233113366330088668800352244000066001100254411446644481
42244007700114477338811552255886666446611117788555600541188330088777766888800002200332222333354431100604
4664455332222442266558800114400447766113311775511883333444433663300770000886500220064112211054
4666611113300771166222233112288117733334433665533554411887744002255885577551100888800104788667700003377264
488776666112266888800773311447744440066002277885577550033330055113355332255552233783388443344554633665586422200001155624180428211117161008
48811442255551100336644554477888877330000113388553333118822112288005522443355777700774400220066111166334418668844446666783046508
00066663322111133886655442277553333776644001166778800883300331177110077224411446682220044774444551122861184802055673707755575052435815
02266336677447711003333220066117722887733557788222233888855550011552277744433448866880088441122118834224466225545660000453
0660000555588114488666677333300887700772233442222661111777711221155118844552255465566336622003358582
08844556622002244336633772222774477885511441155888822110077113355003333006644666677660266157777334444086
2005533112211337788776611110088662222333388442288556633558800332277444455117700446655000077552266664300660022481151825
2223344448844225544114400662244332200227722665533005588110000118800445500337777007766008877338888668855666641667151382631712118361
2665588557788663388770066221177331188447777116688000022003366007744664400443333555511334277667755666611005227230328237838115121488
28822226644881155225533220011336611221166880088774433118888550077334427240000558834160044446477645518486715678705455577577
60066110044002288778866553377007755662222776000558800334455442244888822557711773333118845208777472165013
6222266883333557777550088884466667711002288555544778822443366117733007700115511114455887744886655664400004166081185327
6881155666644118822114466223333001166332200444433113355007788660088555588440066771177222277336655338266154282425
82244337733332233667711555588883355008844661133006666331100116622005533885566552266007755777764770455440254441272134482822
866004400880022442233778855226688332200556677441144663344555577111122776666448848887755335500333300001155882222881133872211636
88833444400773355447777445566667722114488770066000055331100220033228811555266880011223366333300446611662277882222586
411003300114433775577228811116655551188007711332233552277333344445500221177667788226600006633664400448833888844253318608
43333778866553311338811555577006622220088441188558833442211775522440022664822773355111166110011200766771148854323072747736
455228888550033886655117766664400661100553322114422337711334488770000880077336677775577484566333311660555483308222252081111512
4771177664411884400444433888822005588337777331100666622663300223344881144660077442577550000335511553366111133355520116655668877254
111330055775588667700660000884444881155116611001177227744002222550622447711221144118855445565552344333388037788777733236
33366334422555566446688660077227744004433115522001148110000630088777733221111771188422247551122885588313
5551122882222776644221166115522008866770022637744117711885588335500553300333388000077884488777733445574332255644
777001166227788006633776611221155336677333344884400735511005500445588555566000033882244228811117411331186443322344
0115544551122661166002200333300886655662244110044887755557700074477778888337722713388023312221463225402844
0337766005522331144886622117733887777445511333322444400002222778885770044335555308421666611256655418671064
05577883344558811663377772222002288443300447711556600112244885555113333661177000033553321888866887388210655042676440626646805254411144
07733331133774400332244881100884477666688336677114433888866001111557788550055887700441466423355330000665566334555428822561
10066116644888833553366003377000044777733440055444422441122772288225522111677557788558873220622366
12288554455331166888822663322774422441144004011336666006655778866776642007700330000287777338833775588010
133777700228855443355883333666655227788111155774477112244662222338888668800008822003322550055587720773300110064884400444
1550022662222881111886633888833331133007700006677227744224477661144551176441122552200110055553355665578558822116680440084823
16622225522661122776688665555007700556600663388002233446666771133224477773300117725336644111188884400881144882544283
177226611888800556666557733227744331155330044220077885522554400008833887766335588668822881133667700334411222212346
1888844777700552200007766883322117755330022773355665500885444112233334400337744667711664433666244287728645480104
21111773333557722551133226688446611002233880044220000777711228822444766336666556627553300337700660055008833185527854
233331122008866442222113355226611553366258888240066650033441144443300773377770000111100448855775511771168447725456
2552288885500003322227733447700880011777755886611337722441155666633002233884400771122110066553366883355518811116600448872667441464
277005566224444887777442211440066331133550077554466001177664411553322883300888822225511178844773388667722337715220683334
30055221133334400442222006655558888553322777766001100007788770022556622331177441155728866881188338840316666712
31177778811330000223355118866222277008844003366880044226655332244111166771155661140666605776645882741050525554
32255446633006644007777228877886666113377338822333355227711665511556622660000110055004444111177447760331188555588880122045573448844236
3558855666611552255770077771133226644114466774422005333008800604477887722775011112211002244440033116344381178645
366332222666688552200223344225511887766440066557711445544388866777744778811775211110011541120770044446611682
377775566222288550066332211002266001188336688774400338888227722447711667668444411448111554435117055558084246071245040013
38844666688336655335588110000111177226600662255776644115555003333113344882200443300221188552222440055442288880088778864575711412707773
500008888662211553333002244882277004477555511442233112288444433440011663355665544666607664266871733874787277575837523236
511006644441155333344550088554466116666778800443322662211331177000377668866357711448888447777228877440422523656027222420
522338877881144448833660044771188440066551166773311333355550011002255330644224466888866228822226663221377485567675583470
5333388441166332266112211556644337766774444551144668866007777118822447700331177336622228800220000111135005555410042357
5668855000066007766445544222277775511443300884444880522555577486611333322111166228888336633112233526667124
5773322555566888866776644116666223377775511880088445588220044885533003333113355444433440000222266001122111100661744650277024
5884422224488882233112255005566220088551166553388774433771144773366330000776677002211110011334411781158003322864
6114455332233335511771188777733443388337788227744000044226622447722221155280088113300775577667700110644644
6337700662244001122336677665500007755116600886644887744661133334441005522555588003300485533557733883312881822778845456212026228877713272
655773300888822333311886666002222113366224455337711441122777726446677556688551166332015887766148800007788142
700448877665533888800660088668822440055771100118811667722115522885500003333666544555511117777332200227311230075883411342
71177558888337777886677666600338844880055000022110011223300440066872200874433441114445533152277073
72288336655664400333355331166332200558877552233778855004444111155442222112268224800225133001100681
7334433001111445511660066552211550044112288002222778866884477772200882266333355336644661133110004448244257766771177054
75588117700334400662288884455007722004433336600112255224488771155446646555511110055668855735533113388000022114862616373018322223
76688117755003333773355334411113300112288662211557722332255226600227777006655558877448833110007114422224455447402016
788445544774444006677331166000011003366663300888866221133441111443322550077665566455577552288015538327777124822220812623707287515885
81166222266118800665588443311223366442244114466330088882255110011153388775522773344000037885500770055557777644288320047454
833008888222200004433113333662244445511550066335566881144664488447777887766775577225555338855886655226610332210227012334
8558877008844668866225566000044442222880077882244005511665577113311117777337744776677526633330033661144110011264
877888855443344446677665566333311773300770011661188223388124422883366886600884455557755335500552200326666472060274710458517700
044778866556633000033446611551166441133880022645533224443775577227777118822112200887703117742885541481
14455884433667733223311774422775533002266440055221166118867220044885500003334108888322477770465678447157555154
24466880088336611117788771133007700110044557733550866556633112233775555332266662222077766774477234405843
34411551133114455223366006622003355443377558888332244447777440022225500007700885566776666886644661844257
54466662233880000228822550077004488111155221144556611227733771133660088778888640011777722003311005411884444333302616757476353234
644442200333366228855226677118888778844558811668822337777557733553300770088000055001100448866117744002344643111483511554
7440055448888006622663366002222446611004444117711116655556666773333112233225533557755086688147788430767287858237348338
84422005522227700661155334433888822556622114477886666003366441111771100446311224455116322830
44455887733334488447711660055226666550088885533881111440022220011337777221155663311000033664433004411774462770077880064223358624
44411660044664433775555888866770066881155666633114488223366113333885511228877884455772244774400222277776622665544225521883088005
444115544666611888800551133772200111177330000668866222266008811664400770044228877885588221106775522553388336577771122474
444552255002211886677557711778888115555447766553344227733887700008800116688228855148722224066663366003333104
4003322557744118800004488223344556611224423881177551155558366663377667777331166407711113333501
40000337744776633336655554455885533552255667788882211883322884422666688113388772222771111777700112244880088660066116624441144643020704100515
422221133008833884455880055226644443322000011118866115533777700331122448822772284662230225566006636771100407501754
4220088114400228822337755444466001177226677338877883311557777111124880033005555888846113333553320776666863366204
4667700662277110022556600557755111166882200003388334455004477335555888803664488114433332244226655222231341766174444063536654777872
4886688553311772233884433007711337733442266225511664455008877888155775544446611118766663333222200336600006677440022870013504
48877335588118866006655333388336622550000331144667755551133444477005522880022008888440633223377661111571743078
0005511118811557744337700441122880066887766002233550077222266338866133312156644447777334488884466665588336622008820154400330535255
0221155885577888833550055337777666622884433112266770033330088227711880000110044007755111133444411661177224477445566446651448866820
066448811110055338844550022337700336600007711446622661122116344442277888877775588555577335511333300882255222288304
0885522224444005588331188447722004455777711555622668888111177521133887788001100003300776600212653234
20066668855775522661188116655115500222288664411770055558800440633448844447744338877882244554422553355632
222332255887755006688882288004422002211770088660011003355444477245511446633331188116666556617667788457740038857177306264343683
26644884466661122224477415511331166888811778822333388553300776633556600552211002255550000332287008655854373606340104
288770066335577556666116600002244440077665522113322005544118811003377331477778800883366772277134866226648222255384
6000022557722005511770033886611550066664444226622228811012244335555333311337755885522332455463
6224433552277222211444477771122661133236633773344008855116600200044115533003311884488775566776655770011778800550076668866446105882831154
6887733000044334400117722338866775555224466118855778888008822883166662266558847005500771255422
8007711000066886622448811118855003311557744776633335588442211440022220088332233887788882277225511775532664466743
8226666441122004488774455001100008855883377115555114466117722111133116677002288884444778863227733077763338565775522422
8663388885511221100006600111144336622002233330033117788446611881088777760773322552277075555444455374
8885500441177881144335511007733111122664477228866225566775522118833332222777711338877661155884444880011600088253060302707446575440554542
4110066330077778877116677333366888866660022225566551155224455004444221188001111227704775577458811454611738841332646282373134358385
43300005544115555772233664455221122662255880033447777882288446655331188550088338866668810667744440702024222773757160636176
455002200773333888855663355551144222233111100446688001177221128334411881166115588664444884437447777557788771677066
47755771188117788228833887722226675552211550066111100223370005566665533008888662255884422045544660355116644832273413
11177225533776655770022333344221133227744773355008800003388331122664400554455116666330077882222443364448844114460118817586888587
333884488225500885522770077221155558866118100554422826600667766665566222687112344004433613354111170331160114023700
5552200441111557700113311002255663333445511778877668811228844335588007755338833227711882211667722664488554444666600062777342611440
011776666558855667744004444555522557722332288777711888811222244882211442200227700660000330051668377533317826626164387334633536
0330066331188112233661144335544227700044466440377332222662255333822111166667722480
05577114488773322770088116677774444551155884466442200003300110022223333852211226611778500776655553355475566004721868
0773355442255882233660066550011552244330033372200883622776688771122664400004444111138446677886666314477557744888855551288102
10055007711666644663300117777002288333388887722335574448811227455554422660088552222556622418822115533220143411
1226622886677005533447788115588777733111188338855110044442211663322557766002277441177550088222244001133006611466688003333556642300
133772200443344111122778855226611001144882288446688663388773333005566008811551187002233554444007744555533222242557766200
155558877447766111133226622006644003388110088334455336666000077223311227700550022554444335488446677771866588
1662222114455112244887755558800223322668844252077881111771133110011888611550000660055333366337733003355465380408347264707477766766
1770088552288335544445533334422118888448800114400557733220077775566337766667722661166004866423306527781336681210
1887711330066554488668855008833228811551177557766664422558844441166170000333355336633443387227777447784556600446622305
2117766334466116677220044551133887700665555774444882227885500880077333355337755668866642548418147115363032
233113333224488221166001144334411227766115512226633884477002288140088005555888733666644225544465526878566275537274
2551177002211220044662288333366880066778844882220111144775588774600885500552666410000331153461183035
27766443322337711556633336666555533003355447744642261777788111122116411883311338855220011000088222400773345114877005570406
300223388337711885566880000552244222255116611331177334400447766008844881108666655887722775533335557770454662264120
31111446655002200885555663333558822115533661177227788773300113377666644884444224477445044107777123322888812640257022347538
32255001188886666114400003377006677446633004488552277662266002222442288221122007755111155558777831104772567353
3558855227755551166224400774466770055666633448833110066004411223366882260221155332255773333887422886133081188014
36633228877770055883333886666001155662255331144552200337755000022221100668844334488551122442277447722364444007766555574111172604
377558888224400220033338866113366227711665577223300007733117700118844550801444433554466441115556666334488552288126688721
3882244331133775555001111558800668833442200222235110055304411448855778844554444774466777711772266221122886666007766118888765648103
500005577007788773388006677665566445544442255112277447722335533226611881111443622115588884411660011302244603
5111177337777112200336655668855776644550044883322334466002255442265253311007700001133006558775477884411581168044433582
5225577554444887744773322662222117722880066886600333300550088441148113311556677666655553355885518336233877700778002024
5337733224477776688118866775544443333884400008800335588336633113300116666556622557711770055552277220044551222634412321784846284274
5663333227744550044007700554433441166883355558811888855331144220000660088777766446658001111223388448864428822221722402267130
577007722556666773355883366114400444466880000554477553311006655550011888855224488660088778843223377771022662277681347433
5881100778822773333447755118888004411335566444422861144330033223311555544001111220000550022224484553744665527668600863066772626671707757
61166664488008844111122665577002288668877440044775555221144446677330033118822445566336622005544333370013343510
633661177441144226622008855334488115544771166007733335500110000227700666677668800330566440522224444612235111188887788625
65555332200227722223311447777006666881111775522445511661188773300776622185500156644888860444422554403778825834
67733337788551122116688226655664400006622007700110022443355777766645533113388336488117711887755558844427742814
700337766668855226633224488007744445500005511881155336644008846555548335577117755611133112277334385802222801722006042178237725
7115566331177002266882222332200330011665588447733887777661144333344110077440000557800448858111120846644513
722221166447766665577771133330022441177553377885555114422886688444488335588226622552200001111556600332455406
7332211443300220088001133886666000788881106112244775555111722554444556644665533552222334422662833157
7556655337788000066662211445544886688443388224422551133228833005588550011116611771100220088772233331188803366007733404152670767774271222
7887711882222773355660055332200441177558888557744334400110000886644550077776688447702880422333388331133724
81100227700331111884488882266661177223355000066776633668866004433777733338855883644114422444455447255115522846
83333448888111144113377116611773388777755118855443300555522112277446666770077664477224455778822332222820033553311550011000065608
8557766771177448811558822223311005511883344443355333388442277752200661122662244002033000866668878055545664501460656313881116
8770011554433668888664400776611665577778855330066223331112211771188113044114477225511002222882266352205850485655464227244544
0447744887722554466550033223311117777882200110088114444227755330077116688667700221133336611224433551188445566006633783344000624180
14433773355001111224411668866110088118888557700552288000022554488332222334444774466331137556655887766667777260066203
244662222882277440055110011777788557711226677661133258844247733330033553388663311116600004480666655002705414
344667711228844442200447777008866332255001166110066002222336644882211885555775588778811551177331133330111435533774
54411445577661166001188443344665555004400224477330088332288000077222211770066662255227777888366771133551111063333126
64433772255881155003355334455223366008822771177770055665544116677884488661111002222112266220044473333000077431131401
844882222112255117766227755220011883333664400003355661133445500228855887788667711688422444460447722308
4441177551122668800332200224488885522778822111155777744773377662288333366330066664433887700554466540043414
44455888822778844771133777766667722554488773344335566338866441100002200880011881155003333662233226611483300406
444227777662255884466117700115511221188557722880066883333226633008888223355550077336600220044886644024438752
4447777222200448877442255882277661133001144553344002244662288668855556633550055706655223333883366008800332260007155111161037541218
40077114477778844888877221133223333117733443355110044660055662255468866667766118800881166450011115555775532412008258705274
4224477227766771122554444000022226633001100666655228855008888115555334433887700777788004466245588668844882144113
4223388116633337755660000884433557733007711112255227766115533440066774466444411447777224488886688754455001100280
466443333112244555522551144774400332211002277004488336600880055886677338811778888442266228822235505665534113448754578563681518661116
466117711662244335566558833880088222211554411005500331144227755553333448844776600113362557733004455128855223322620447886877270748877
488336622668800441177112288661111333322225533556644003377887766774444663311551166660022001188884477773388557755227825005545865340807300006
4883311558866778811224400661111446600880022336622551133221167222200003300552267442287075555445533556733334713877
00033558822221144772277883344006611116633332200443366445544226600225577555511552288118855366411748844487
02222551155335500336600777722665588228866331177888811883388443322005555664422337733330066771166208344666610004400141
0668877772277556633888866117788558811550076000044002266708822445533330661332221443344612808455573552101816
08844442288661144880044772233334466882266443300007777111100667744554411775577337788335533603244025565020
2006666111133008855556622668866331122114433440055338822446600227722228811887711778888457777550011007762523
2226688332277220022337777662677885577443333003366552566000011551100882800661133553311114455558865046404118444742
26600332200773300002211444488445566552277443333663311775511115588223544116611224466442222888800668866225188576666770088372
2885511222255001177337711552233556600226622447788442211440044558888667700776688330033111100880066620000554411655461827481336384443343332
6000088225544880077773344667744771133887766886633004400117722002222442288881111555533556611445577552276636312637
62233666655557777002277441177880077334433337766335522440011112255004466005544442211551100003711672488114455647088385828706888486
66688442244886677556622776633770077887733225533557711558882223311772200660044003300110085441144443333446655113366455522621280238055000
6882255665555334444228844881133330022005500880407335522227722112266777766117711115577551144166638662877458855483
8006666223377008855334422888844664400222200772255774433332244773355552266336677554411551111338866550871018821617148312815856
822003322550055110044661111338888552277776688333300007744222233112217006600884433663357337724541477875407148446266676564
866551133334433774422332255553311887755444400882200558844661122773522226622881166660066441100356638504456748
88844225511556633668877661122113344446644118813552288002233886666771544004477443333773300331244827
411773333880022336655335500772277445544888855112244770033446688432222667777664055771111661140460088162200066637521788786258328
43388444411001155888866776600220044556611221144227744887711666622333300335533773322246855007755777728247700006407852343631111317185554
45588003355005555772211887788116611440066447766007777554433771111774422001122336633228822667700448888333300886666573343127
47766667777224433557788555522882255665511331122118877114444662200440011774500006600886611664300711158110833488848022
3331100338888111166662222006600774422557722885555663366778877668822112244118800844475223322743355337455013
5556644331155330088663388118844001144448822336688772266667755446622002277660066522241003322516611337780771053574333473700477
7772233771155110000773388001133558811114422116611887744448866332244557044112222552288555544062266782204366688488
0110055114466113300335544447744883322881188771155225555776677223311666600668800888842664000724363420042122370238
03322004433331122224422338822666611665555448844668866008888115500774411440066336677664255772055335563700
0553333000088442277337711225566332244887766221144110022886611335555220033116644554433888833668855111155775588226600117722334400444221878060770777450
077442211668811776600001100882266332200558800228877884477334433113333665522330033550044553384662277225555775560637404124482244
1006655448844660000335522882200222255113388777722778811667755553376223322445500556611557111441124440044334428558800886304731
12266227722337755333322886644557711446666885511117700882788804411001166003300773311550000556633444433661133874424858
13300228866110077885522221144112233335533887744448811882244775555445588442255660066663366770011662766843730403086400
15555774488883377336633000088553388225588002288442233332211444400335566552266661166775511222277220055064455411177113311881103424
16600772200004400663355110022114422336622285533883333773324331133446655556677661111286800558888775577881155008841777701852717454
1771155661188667700882222001133225533006655880022666600773344447744333311221144224455223388336688554464050514181488488282776777557787255
188224444554422551133880022885555881166117733007766774466443333223344006633660000441487226655666622005500827786822
21188777766774433336611116644117700882255115577113355665500224466226600332200773377554400110041488833885862227
2335511777755227766112222446666771144772266337744336644228833002255333311886624415577338888555588778800332840556060407083400
255002266337777008844443300110077668800004400665522886622773322333355331133441155551111771188112222442204775577282
27777557722882266114433112255668855224477663300558800335555337788850082260000445544440066274461551111333347117011838321602073610
300008800666677555588554444661100551133448811550077040833662266333777227711778877321122220888228866564
31188005577776688440033442277228833006622665522115533558855445511223322225550047733771177548411113381644
355330088331133442255445588444411446666886622336611227711774477224433887733777766556644006635000022004266021188885106711
3661177880055667755226655773377664477222244008888220044223333551100006666330077443388116685034444660411448252771133228111815701245623177
37788442277113388666677662255661144112200887777331100550077003344551155226644336633330044668888332244880066028
38855662255116688440088117733443366118822666655220066775500441744222244663333553316002233227800005555788
500884466111100774422337711441188557722551177558800667733883366333344887766444455554433165532440688228888660622047212226278152
511337722221122446688116600888833001155225577553355002277447777334433207788444488776644554421006677117708661145556655862
522008877778822556622332266333366117711116600338855004455115533447766884466605555444422114411322438110744070
5335511114433002233771188113344224466556644117722778877770000336600773388440066663765005555222200454
566227766112200664411885533773344448800881166335511002211333400774422552244772222882655558877554455743
57733118855110022226633223333772211447711225522770066660033441166445566224422882200448844461177555588886155435533036
5886688008844556611331144776644888811112255117711666655553322442200770055004433552233330033773344463388557755460011883360222267227740682
61177228800552255116655554433662266334444778888556600886666776644881188777711112200110066883388446000770022774300432222414
63388330066777755004455551111660022446666444422776688880055885522117788228811441133222233110011225473634
6778877445522443322008811115511335500116611446633153300228822668800771488344400665566441477772230442277300
700442211113344001122002288772277661100777788008888446622224433003355886688332188557755447744415555167733771633336600005
7117755668866223377885522112277225555330066118877338822005544440044226666008800110033228811113333667777663350222244514
72277664477331144441177882222884488661111662255221122338833668800556666332200226677554433008855888711551100118400442240306
7338855335500331177114466112200007744225577558811665555221188887722334400443300113366224100237766770777886633264
75588113300114444227788005555661166554477440088334411112243662266771177228866337777333380220577666605125237021682264
7666677336644005500004466337777885566551166882244772200225533881177557844110011443300334488760086221111826612755585222283145544223333244
78844555511772288333388227755002266118855773322558866222111667711441100337744440000553355663300866656042
8112266884444775566660044115588882222005577007733443333113366337744003352330000667766114466448833280088562
833880011550077553333665577445522335566668877008866220000554422112244861166337711776677331111003345114640426022506
85588112200882288447700664400007722443388866611331155227711114411851175554455335502110655767633334466860486242373644563032
8773333113355003322441144776622663344005566112224884433668811665555772100446677883377444455118866442111771155482755266067700
0440066664455117788770022223311443322776677773355220077110055334411101744882214225555885566333388880655044476057466181245468836226862884
1440011226622336677337755772255222200660044883355007788224441887777663333888866668840213311774105664533280
244338811006644553311886655668800776666336611227733001155551144404577225522888855884377775677882222126
344220066776655222277887711008833666633117744111122558800221133881188228855448866444400447777556144337733330011524451626
5447788885511882288660088004466225588776655223322114411557722250024584488336666337777007711333314335400568677330016100
644880055772244337700668855332233883300886666335522113366118888444422002255554455667711117777331122778877581
74422000055552222777788223300225533226677118855776611117728110088446644483333113355112033663375006655666600104
4441133770033662288220011777711442222338888668811008800002266005500664433445544772244633328716
444224400443366446688884488550022113333115522663377667744114455447722555511223355330033260055887655718826261166608800017861083115681
44466557744220077663311772288006644752211226611336672330033448871886688555500553388337588882255440088462246015
44422227733886677445500551144664400115566661100337777552211335571888855330000880022883333111172007488116233458840406
400550000663366770088225555332266668866112211558844113377222277331186444455442200265566007755776627448041430513452353338
4000011446611008811665577331133883322772266224488556688228877888844335587004444511177118303775344142
4228855554433668800338833112211664466111177884400226655663322558822775533777760557741551100888147204
466448866228833554433002233441122445588225511777733113336881111001188550077887766004444000055557655642
466114477444400002222664455225511008855001122116633118817003300662288223322772204333366665733476688883788071757787848624
488223311222266667788886633224455550044441111000011553377227744336622116611334066884333551140330022005545664522857777125
48855778877228888330077118822777733445566221144663377004422006655335555003366660055115522661133800
000775522002222442255667722662233447700880011110066663355557733668866554433337744445533004488771188114465005828516848312887813761577
0224433330077778866880055550033663311662266772222776666004477440011553377334444665511887711110088117455664000625522313
066557788008866662277668822552233556644883344332211667755550022224444004466112266336600558001872282017131110
0884455333355663311222255774477330000442266887722114488116666111188224444667755883340337761770055450077771515288800632
200557766772233773322553366227744224466335544408833001111007611881155113311664211726288880000338855006225887333452860455
222776666443344661188665500116622660000885544778877224488810044003377006633113300773366851111771147774333257755852
26611332244664400006600441144772220557711773377887755558888008833331166336688666674448566254433851100334420253305052651112154518
28866660077331133555511777766885577444466448811663377888833665544553388770022221111000062001400330084771253241
600777766337733113300110088551177004411556622778877550022555522000066445122118822228888111144443366116677224477168863438847432
622441100448855667733668811884466117722113311225522228800002233008877882266447755557777660277444455442377014408335518633388832
6663322772288776655551100553388111155004477335544662266001144303122117700006611888822008800723488568836442844586
68833554477551188552288770066773388446600553344225577113300222011007777880088881177666484111155844
800552233446688777733660033885588115555110066663311330022556655776622220088332266778888447711441128286044448177275187016421145407443
822885577001166881177444433664466221188666788005500330044224455448111335533112222555522332267551153473
86633223355448855337722551166668800665522664411330022444400445577771177447733888832227782111144361125667766250
8887733228822338844008855330011336600220055072266552211774466111166778811225511556633335577776688662222748804224455414
4118877773355883311444477113322228888440088551155667700338800550012002266442277557788143333776633023686046624845666561
43388115533335500005511114444883366226688773377770022558866665555220088441133222211888011667711772233003311224455447274656
455556633113355443333221166000088774411885522446644228844888800668811550055886667530077882222771177226364411100114040203707376837712
47766337755110055008822115533002288771122444422036622334433118888558811117788368844114402227722664487773677025566057
11133447766338833003577446655448844223555221100222200001122885500668822660088666622551700577786771277545
3331122888833001166111133222244000022007733772255338877448811557777882677118855117700443355665555005584664600862
55500117744333322005577886622221155660000668811661122440022884477553311008833666677223300446648227711888877013383511
777225544116622770022332200443344773366446666883311338811555522888877448800118855000844442244053377871122111141710
0116644555588771155002277776633442244333355117733774466665563222288882255221111441100031133881188057784840
033227766661188113366777788550011773355884477222255443311668866004466221755553333005522337000665572007455164488880028734
055000011110066226688885555222244003300447733553388441144334466554700776833113322112200880023337865716171815565851
0771133116677003300558888776688663344773322777722112288442266110011444455778855338822220044117755551182554406223355260
100221166225588663333773388118833557711772222664411114455665533142288550055551700880000330066004406668755434366152
1223322777733550055664444882255885522228888774433771155333388661111776677007758113300110066668800008477826650331166036633440244214
133771155228855773355330000883388114488441188770044558888224466443333662266880066556666775511225544227722221177444477776611660055534400220231110
15500001100778822227711666677556655333388111133004422441122118866884466006644337766336610334402326
166662211112244667777001155775588665533330022007744117711008844000044226611337733225555114433556608334877682233180277222288885363881
17766336666777700443344000055220077880066001122886722555511448855003377442222331133008833511188116444538822624
18844666633441166004400226677110000114422331177552200557722553377778811558855445511112211307744882288068
2112244882277441144667700887733771111777755660044228888444455883366885555110033440022000016333300666615332233862223164
2332266446655220077002244225511227722110000882288881177111166003333701155554446113311485508663306680848783
25544334455552222770066008844668877336622330055778888553311880000220822111177776644440333763388114611612861383
2774488550022228833220033884444553333667755556611221133777700001144666688225344006600778800530044116638664438115266523
30000887744776677554455550066556600442266880011005533448822777788441144462222118867332233331133871
3116677008888550011442266007777335588664411551188006622778833775544884400225555223322005533444477661100003300445822113333663386846
32244111166331155556611774444665511008877004400003300553388118888447711226600227722558822883366885502333344880644521864243
3553300113311223344118855226622116611777766338888320077887744006677370025665555775544771588004488442456444438286810346080500
366553388660000888855117766112222777722004400666677331100774444556633003334221188001155005555881111448844187700224477871
377116688008855554488774433888844552233334466558822801111447700002200777100660053004356724662226251517123618
38866776622885577883344550000117744887700553322555522004477333366556600880188884466882221554433513371440424144613130666463
5007744440022887788335588882277116677331188441111775533334433008855665555225514506666405866223377772222663322081
5112244552233770000881144665555663366113300442266444400667788773388883311880011117711558855335577775411002277222203428
5228811554400117711332233664433335566884488886633441166114477442255778877005511110088002222112246226606558855320
5330088446633885500558866778877116644003366001144337755661155468822880000432222112233111100220077006333573341388812674
5661188224400002233227755552200664477770044225533007744558833336655008866778877663377334488884444114435446577115511281
57788663366777722224411883322661144442255554477002233551111282488775588553333888800330000660011005500840155665526462
5887700778822773377774433338855330066002211444473228844110011335566783344003366448166222200857
611444433666655554466774477000077227788004411886600884400553333551133223377556622552222663388330033457766415732888857177878182
63333000044338833771144448877447777886611773322880055884411115555442244664066662266556677551166882277221122003355334577007768522
655001177113366773388778811445544663355882244330044228833222266225158444400776666803377770022333340005200661600864
67788114400770055773355883366887722771133110044333344884455332222337800330000221155554422551188556622882244446655241126106
700558811112288882200003300886611441188006655113322224422116633557777664466775522773333443377448855004455401177202
7116611224411556622004422228877668888440066665511114700223322550000555523003388333377281088634
72255883311554444003333666677001133447755228866335577664422441188556688882266550088416600662222330077771177337788774553211128104
733008844002288332200664477771133554466115533778822334488557766338811887700001166004444556655222271003215842
7557777888822227766880011552288772200666600225500884411331166210000556633445588554488337744333355336615551033004444786
766111133447711224400445522006655441155114433770088448822223366446677330077883333553311881177444267555588556771057168650878880
78866447722776677554433663344007555887166552244446333113355111100330000550088180062553835620262322
811887722224488552255777744664455447700331133338844441144334400556677337766110011663300820044226622721
83355663311667755113366224466110044776666557733771400221255005533227700008844888822880604223388558864555522081
85522888877663333223344442255116655335566002200113366222211112244775544882500666677770077440000886611778800538831064148481186815
8774400112211555566880055884433002288338822220077881188557714666622663366006618886757673340004353137242325270308
0446644221188115566555577887755337722666633227711225588224455005544483366003333116677330066880000277741714
1440000554433447700226677117777227744557766337755551166220033558844112233001422888866660066550088552222556614882248073
2443355664422557722885522004466223333000027665588236633888411114477110033113324001167870057408
3445500883311881133003388220000774433666600117733221155772226888844004488555511444477664420552466210021261
544448833668866442222003377885511662277002288007744115500888877666655881188225522113388447732445054612
64488885577221111882266554455556600220077001100440422333355337733663348331177551155061166667766286688114847174788777
7446677882222555588885544227766440033112233334477551144116611884488000055772266556622002100666633008443832
8440022881133330033442233226622221155117700771122553377444466663355443311441111883388550055220000872277776677365555845
4447766112244110055442288664466330043665500687742658855777788807755111133117733771162772200125322221703538342333
4440000116611880077221111004466441122555566662233226688773388667711445544228855334811333377006842003300527747576
44466881177772200880066555588332288222255774422331155111100778633443333664400460022775546112266635502413141618
44422881188882255223333446655880011006666116633226688443366440022771144113311556600330077775558667766287744778000848457273040570
400778888446600006688554488004411330022772233226611557777555511112255221166556622883388744222082245886355018811014
4003344554433660044116611008855111133220000550022447744887788228832558811886666777711775466542277668887044
42244668844887722221155662288334446778822554711220088004633117777437755773022366522618888116111455510600
42233331111440088110077332222443388666611225511777755001155668800226677000064116355227711888877884577655585321
4661177774411336677004433330011110055880077334488335544778888772244428855016633776666886601884822332222071157564381412252165276231
46600662200447711007744113300880055775555336644003334885588882288115522551188778866550011221177772277061
48855337744228833000022554455881166444466886677887766111144005566333344112277224388884088006655222266220077001822103
4883355002255117722004411553300556633773333228822777755884433440077116600667788881134665522662222112244447866661111454
0005500773322337766441133112266224466778811552200883333448888004477445577770011114422551188444855338555410033566
02266004455771122008866883322441100552288773355662211772255118822337755881133663388880033334444331144811166174427766674740
066775588556611227744334455444800335511553330552222117722663822000622888847776666586601664111381148368
088118855773344441100005533884400225566661144227744554466772288775555003356443300111133778822224488062211260711663333115686532707636771747
2003344447711556600223311222211448800442244330055000077333366227744118833888855886688778844661017225522882767051755377545755
2228844553355775566665555441122667722331133227733334477882255111176336600001144004488003388118833008872005244342
26655331166114444885544333366442277001133228844556677558833457745007733008811220000337777887722338800560066335248262
288552266111144338833772200116622445566446600332044884477444055554766336677778877333351334177118866512
60088774444224411114466440044883342770007226633666288886855558821884177773377853333851155213
62200225511885566441100007744336611773300667711557788881122887755332222445524480055004825470683734633113353316601166
6665588555544226633113366220077330033550044006644112277447711886600552288776344448844681111778888221100116388008833332252337722475
68888444422227788007755225588226677336611886600665557116633331133443300337766440000887774881102441144712
800887755118811772233550077661144552222556655334422447733883333005544446677003311337044111166664488482
822771177001166334477336655550033775588772211445533884411552222440055768855661100006644330088833311112544860044244
8668811002200773333663388005588551155334400116611774488777711332255776666444411222288221144224466223266006677852500854
88877550044003333002244112200883377772288117733447711110011338866331166221155885533554455665522660000666644668800574422227144443
411661111778877330000118844886666445500881144224444332280447711227766333366770033775555225577222233446622665566807
433441166552255442288440044660033111133337700223322776611773366444477226677771155110066662877885577556688118833888804553306358
45544666622228811447777334433116677665522002255005555660088221188338877000033223333553300442244441133764401110631780
477882211003311115577225500553333661188001166667711773344887700660022008855552222888844224455883355114433886633246
1113311884455225566116666887788224422336622221155110055008866447700443355440011444418333300228850660000774800332276581883437673863
33355667744336688004455885544665533228811117722118866660022226622550068441144447711001162770007334428215877540888330127838777648311337
55588770033776688661133550022663388885522334477118822443300664488005566220088115577551111777788331166773324445544053724660744241141065841266
777668811666633447700335511558877226611440088445577555533330077118822880000448644332233111136224466002277350055667786521
011117788770033557744661100665566884411448888555544553371336676220000222244225511221155880044333388116633447055008833044406423
03366005566112200662222116644882266778877117744000733777755334477028844333355558833885501444455124
0554477337766444455556611007722442255001177441155221133886677558833668822003355330000440066002233116666333324880111881128777706584
07755554400445588224488770033773300006688112288880022221111661177113311551180877766227722667785774466443344142
10088667722224400552288554411771144442233661188187755330033555200004488883388006644770077773377466633331266027
1225566555577664422772288440077001144117755447777886633222266661155113311110000336678333374330088005488781188502
13377228811116644005511008888007788556600003311444466882233550044770633667755554455224433334411558255332277776666562
1555533110033666611223344558877333355774488663322883388001111775544114444221133000022551200462222752246006680564
16611775533223355778855006666772255663366227822881111221144443370226688007526005515440000186644134473138
17755777700006644663388007744550055448811002255553333551144334477336622330088442200441155882222112244440522665566816781813281127727671
188331122226688880033334433884466335533662244557733771131116655882200228877885567770000117744886144744810508070406
21122884488115555002266008822227766335522007755886624668877333311114411667700447720664400061884443344245377832367130777438
2335522667733777788333322888811445500774444111155772200006666227766443311884688771177008800558822112246004388551100113631602
2556655112288223388444433331144770077221133771174226666222200660000880033005500246688663366715
27766110044550055112200774444223388116666336677883333111266886622880033008827555544373580152
30000113322003311666655664477886677442277775511002255884433334466004488005522337766222288338888554455553355708822661144441155018122124
31177116677666622443355777744110088114400553388220011334455558888554444884477880000770044661111568422773302112252226752823327237183336
3222255003311444477665555886677887778338844110000752266446666224488553355115566336611117573430088116600668330112200504
3552288557744222211882277110077778844883333220000225544770055112266224411773300111133667726664466516630345
3667788114400117777332233443277448877668844715511342288882266006616620088558800786255444455557244146
377442222887777552277220011223355554444882255116600558811332244666611583388880000886677663364771177334411443333104453002212607
38844557788555544443322775588228800883311007700442266112366447744665566006688113355315521418000301111771160251737672500577
50077663355552288004466444433225511118866112211008888778822000022448844003388127777337700667744226666022477541
511118833001144110022146644227716223344770055331222443377552266558844555577667777336688556600840000663322804
5220066778866008888553388442255007766551188228811221100447711664400335544445577775555880055661133223300114480002277222626668633170733433377436
533886611882266663311006688007755884400443344771177228884221111441133225511550022333377773366776655660277824
56655444400555577330088668877884455118833550000331111660011446622661177670022004433336388553347472255228822432
577440000223333446611556677553311112222443388558800407700887722777766665555117711663366220055006688881188625525403350114323073821378848310
588447700226644882288660066550044555577440000880033444411668855663366223333221122443544667777327751887788314420115071017111381666188
6116655884488226622005533225500221100443355440088334455117777224444111122227766003311442233885522864466837705636303347747173755578
633778888110033447766448866001133882277440044330055885566223333554455008800028833665533118877772255222426884166111155714
655777733886600004466885522887788001177006666225533550077443377113363444477551122772222333311514422448888330033240028216
70055114400335500664466882244445566004477557722330022883388558877625555337788881188008864333327117777300071016
7112200332266668800116644887744777455224444665588222133335500555566338855115544000088886611118811004436007424183840602
72200777788115555227711884433008888770011223333225511006611440055880033742222662244556655744211331166663366882288386170485110002
73311776644336666888822770088003300550011440000774444884422333877552222112255558855665544510022006600462288311
755667711222233554411330088117733116688332266114433882211558888774466001100003344004477665577007722085784262444845647766
7666655330044770000116644331122005500778822886611335566221111008800337744184400224455222255442233227855533368781068334268838
78811337744115522884422336688002255001122776644556655447711448855335577220033444733226677751166688873804111731100805
811334400225588337733115566776666003011220055444488228877007788880000886611116685006411771104772277775464342
8558844445566554422008866332222117711552266223300501188002244114466443344774408331111336677766611027
8771122118800886655440000332277220066338855661177553300223355111100114488222288346622443455777766667704773414442586450687860
0442266000077448855335511008844446677554433445522111166337733882277113366447722888866881400220033005566223333258807876
144660055115533224477116622778811333311117722661100337777668800008844335566336677557744887733482255228866664555407700618122058215022
24488221188331122007766001166552277551155335544445555004422664477446666110088662222888855778811472233225333005843800
3443366223333888833007744114477008855228844882277666611553322225500226677771177220066556688664444000033760055551100118811331111642
54422118855662233667722553355111144663311332200661122440088227733884433337788775577774411566600776888003040500
644111188448888337755447700665577338800117766335522220044003300556244442233334433226744578
744665511002211335522000055776644228800114488225588445544118833440221772116668866278813332733177753836713070
8441166442277888800770000222266224455557766774466001133005500886666337655653355448833881188223311110255885444334474017
4447700446677556622117766113333222266553366668877227711442255550033000061880088338888616848220072881100524
4446622776655338877881166330022006600332255774477770055221133111100775511223377334411448846467722228266661187117245668045455500858
4448800337733330000118844336611553388665555664466887755113344224400550088372277774411447700221111666677854222628177120232576
44455112233111166775544885522001177770055335588446633665500774422666611333377330033406628886688110000471147202
4003333774411330066665577004477555533111155446600005511778822663388883322225522884433558855614484223364544
400112233330022660044336611886644770055775588222255446622884811114800003377331133420077416655668888772855008830653
422551166660088554466557777667788881133227733884477558800112211440033335500004418664433668877223377007444548343031
4222200224477445555443300338877000088446600113366331188337722885588664444007733552777667711775811661111006666888828041
4667777337755222211330044880066556644550077002288333344224444778855772266227766661177401100884600331111663366853381400
4664444114400665522882266330044886622227700778877773388331177113377551188885577667724256600115588411166112366855543502
4884411332211227755116677880077776644336611446655771111883311008888668822225522002233335500334400006633005533845555444422447733774010428266260586656
488220066555522660055002211333322888800112244441166772228777744003311771155337733004477666611118855446647884811083388614
0007744440055222200113355662288668855112277115577332255888844116666553388008811004422661177887700667777660026345555448821843
02211338855881144446644334455772222774411006677331122007755447700888844005555668822883355225511115503226666233377836
066003344661177113333770001114488335534772277556688441155776622551102112204226666773455223804443888764408555546382
0882211558844880000553366228866778833330066331188775522334455113355774422554477116688811122226611446644466555002277603
20044003366335544883300660055550722884455778888224433880255331133775566661122777711776677387704462211551111622231081
22255116655885555223344228844881155007755440033332244660088771111000011330066114411776677774433773366338577202444778680566646204
26622007777555533556633442255444411118855882288800081331100667722223377821155112611745576443333840
2885544556655882200221133440011660000880055333366770077111100668833552222332266274433884488773307278863177768175464741884244
6228811556655440000447700221144883388666688441166334445335577551111226611776600664555223300880077222243227787333317174
666550055447722445555660000228822775511004400115588112211662266776633664444334460888833880333277741714
6880022335588110033114400885533441155221111886633882288333322225544224455667766661177446644337700007722760011226052036
800661111551166002211332277556677668855886655553388335500005577223344446666225522447733778888777711770011881100882488431
822223355113311552277007788112255777744221171118888006611447088554411662200003300528833887600140
8666600774422220088557722553300224411335500667700117733227788337755112211880044700155884488816633665566443344446233310
8880055118866334411446622224488443311667722554444008833665566421177550000220033004822332287471702777782673765257535558
41177440055556677223300114444776655445588006644887733770000222255338866883333552200332246336161518081112043431130710
4334444881111778844557777113355008888226633338866223322224422887766774200115511000077004611666655660066455585254
455228866881144005555887766220000888033774411334480442222415500772300110066002126118673335533163326466
47788005577668855660066777722226666117744553376220022444433442211223311110088441144881133228874033355115555427383630
1110033886600113344332200666644882222446688005511663355007700883377331155557755447761440211888848512
333887766005555332233668833777755771177335522558866115566778811002266554488440044116633443311380000111144774452006644488
55588770033778855772200448888223333445511225500777755660066335544331188315522884422224055300017166646265
777447788661144662288880000332200113366776633441188442222345511110088775577102266552255554444327724068
01133335588116655776666110077225566777788222233221111880044338888664400330000884422002244441122770063447711546
0332200770066115588555511440000442255773333554411110011778888336644887766665533880022221122444457447622686
0551100111166774466117711447788557722173388443355330088333377660033663322006655554455225566664400444412448277022262875774234
077774444115566002255221133667788111188445555110000117700331166123355332266888833443333776666338866442200550044887755772244722
10088331166447766224444665555886633888800770055667788223344330022227755773333660011777711551111337722112200335533241188440044881148768
122771155001100223344221188116633114444662244884477445566668866558877005533555523660066773300332766411
13355005533444433223311007788882266112288662211115544770088777744116600666688001188330000220035663222724525881515784550485
15500660088880022770055335544220077112266668877551166558866336677662211883333223311337733846611110404348477772447864
166117700442244118822664466662233888855886655554433103377556633553366884488333322205577881088002344551307440877667735052
177665555773300008800224488220011554400551188447788553322226688662211337744442255223333641100450033881111270068783885658
1883355444400441144558888770066333388228844666622443300773311778800332200115522337755568866500051334777426222521
211446600880000220055775588887722776633553344770033778844006644555500117733115511225522441186222266774484323047116681066
2337755005511772266220028441144443321333388204455335588773344777788881188552077667744886611211466664424001
2553300338877004444113311447755776688666655445566336644334468442244002222007738228855115555280000881111605
27722667788660088110077336666228877665577775500002200117744337711441133554444555588005833334400447706118164222233224464831123011
300553355447711551144884444225588662233221100224433446633331111777788887700880011881166555722226677441122773377564456113362840
3113344112277116622447733557755005588221144443377888800002866110044664425660033887766555533668855152
322881133114433668800335555117700883388448877445544660011665522330077557722110044440477661122777711118855322244226677341
355446644776622332200222255114400008855772266774411666611004433444866001133117711887777337700663300736688188
366001111777788558822881133008877116633554400331122114477222255553377334422350044662244888866110066664411507766884432000027505
37700006600330044777788113366883355775522886633332266115588882222112244884455331111887766225555185544338800523344227732071727444404641
3881166888833661111550055886600880022118844445544226644666655330566776622447777440411771142773322831
500442266110088771133557755556677776644554466332222880077443333447011665522744488441144068833660666211188688853881153712
51122770077554411667722886666008833440044555588887744777711110002037788557733113322114433336611881174446644226633048841523
5221155557788556633003344773388331177006677660088668800114488445533558822000077736655442255113330550042888266223276164662422
5332255003311116644663300885588447730227722666622000077445544221100551132448800114411888877886688344400443066557715670
566555522113344666600118855444488332233111166880044110022663300338877447777888822007711284000550086764625761145358
57722556633553344887711558855224411882288665511223300005500446666776644447777888833773366884266006622007700161
5881155553311777700228877554422335500332222662211336666880066441111883333773344648844000011007744771144551433804442052563057
61188883322887711551144886666442244334444774400005544662233552222116677703364555533330044113311007255808
63300772244225511778822006677554466447766114400881188556600112277113322111155333355557733770022883388668800552233665500334455848
655440088886677885533443388228811117755770011002244115566880066335511666644447711336600023333773322227722545
67788447711443344550000110055332277002233004411113333666644228855551155775522661166338833774400788826887604644
700338811008866330066662288222233774455883322556655442677231144661121880044148555005533552755136600034
7117744221111005500772222003311332277333377000011557755335522884488886676330022665511880044006644114466824473443606266
72255004488771166888866118822228844441111223366551177885566001100555522115022773333220033770000777766226633006666440083834454667472431
73333774455225577111133555544221155883388114433666633112200004444887700334888553011884077222266223055116670868
7553300005555660011117700338811334455006633332255116677441100222288008888224422776622661844044433554468336862123
7664488005577004411883388668855882266224400666655554455221177553355110022777744778844663344443372888111222233020
788007711004455774411667733220011117700226688553366008833448866612233888822887444003333006222558814731555224273754515084355621
81155331188338877221133001144335555667700551177445577888866116622333322885588220022663366668800008766044422448
833445577332277112222005566441133550066003377558877776688608844448811552211882233111177224477442361440044651160210384330
8556677888833775533331133880088666600332222441111861144330011221100225544557733440005551277223356228266444422068
