44488552211110066884433223388114455771155462255556655002247773377880077008877553333003355883677266
44433661122553355115522330066556633110033447777002200442244662222885577887744000504883322666678221133714
4440033118800005500773322110022776600888855447744223366556677006622552222001166668866330044661174112266451138382241584
444113377225555003322887744008800112277117766116688553311006600443388448888111155118833005577342222662230224588682787077
40011554444667744333311668822558844117711885500228866655577005533773344887788008811220034521100722
40044337777007744116666558811333366334444556622776644684522115555001122225511000055478888553311880088332288226178720
422441144775555334466778833558844405522001122771177222211116666006622668866180000723300338
422885555115522333366334488226677550066112200007777660055665533114477440044557711337730888811884444664436887031117222554581027162421
466007700666644771133116633005522002288008811221155777744445544884422668888558866227788333377335533665555110722338765650342225322475
466881144774433335544220088330066223377332222885500225533445555111122665588660000778800336666448877776677557702117711016
4887755776655117711556600333300550022228888331166224466778844777722008800666688661100711133663325235386434
488004444338888220088777766115588660077813355447700001111445533664466334416556666775577442233337722771402426685028
00011556600442288113355887777002222668866117733006633772244008844667744338822775522557786221144112200732233111161044484553545550
022228855007711333322558877667755220044006655556604221103880644773311668866224411118833778888114233657707253345182745435308477
0664444662266110088001188666688115566007788882222885511220033614488775533557733337777445555000022440044238
088663311664433221177330066883877553844774488004466007881442222440122013555115581018505257545611
200448844332288660000330055110077555588008855334400663366618888778811115500112255446447324
2227766330033225555224422335533447788446666883377006677118888554487445566111100441122114446473311660022813
26611007788003355776677555522006666228888114466554455117700448844771111337777412243115680116300008380205333436
288118833557711772211113322667700440000778855441144555566665500558844661122223311662200660033337733442277776684775440824
6005555664444331133442200004488668833776400626244553388003333001100773355028577778177554521558167018
62266663366114488225555888855778877221155008811222233880055118844771166770000444411774433113300333455665522007755464
66600550088225511446633661133442244410022006677552288880077665566226648111155553311771162118277333377204
68866112255880088116644884444666622887766002244000011336722005522223300332211004700671
8000022440077770033113355668844338877555544553344771100117766333466551166227722118811114488558888666677882041273605264575061
822226622885533221155880088773355446600336633338837000022775500114411117711661100444477442844881136440781865
8668811882222116655660066661133225555442288007744001177551111227700550022337777330002444433115588338888557844663366733
888777700667788003355668811661100550011228855776600883322221177554411882266338866225522773311115300442233771133336488444477443002445407246
4112244004477115544331111442200332255223333887744888822118855330055883366661100108844555566006644668800007788128344426227535763777737270
4330000774411445577222266444422556600668822336655113377008833112277115522447100116666111188553333220033455548886673880588750
455448833004422220011333388481166228800668855831140334522661100776677778577223177111155665
4770011004444003300220088773366885588667722445566222277551155441166007711112266333777661144666644882288442177481135357
111776644774466885500113333116666000077335511003388225544005566332244372211220022281155557788008888661188471145862
3334444884400667722555511661188887744770022778811775577145522880044338833558822330644186222473367776505654533732
555774411885588110077772244447700668844334466223388330044225511112222115522887711666674001140003600586658013
7778833774411443333553344228855111100225522445577004488666600882233222266220055556633115507667733661177230
0117700441144882222887711667777663322775588660055334466555500223377335522661100338844442211333311224433064455447744020686266
033226644661188002200558844221100776666337733886600113311115522882233006655770000441144024255333346887777885555116677550177122
0554422443311006655886611117733222277440022333355662200770011221488553366000033008888255577884455046644441766663687175
07722552277335544886655005533332244220033114466002211118811337744777755778855551122330088771100128833888800004688236633406
100777700004433663333444422446622556611660055445522113355003377440688778888111155886662882222618843014122720
122553344777744113322886644884444336677324455442211552230776600002200880066556666881111778877027261082228583181614
133441155111188445533665577440077223377552266776600554422001144770000662211004466886633222448116611771128003300282
15533558822667744880011888877552222770088550000442233221122556622833366331133445511114411665544666684007777220022447787157
166446633554422882277552233774400662266553311558888778855655022114488338800330050112244408811884711772222504
1776622228877556677335533334477440022008855558811001122772244331112666688330033664444678840038713252545150
2118855005533441166002200003388880088336633115544007766112255773300665522777744556644666622443511472266882222886708478
23311443333667722554466447755111155337700448800557766887777888866338811330000724411665550118822221122842266227456010
255001122221166663388113344888844771111770066886644446655554422883366005588000077441144552277226377885311002823332733503300443767518157740
2772233558855111144665566778877116688447777443388664444003344225522221100883300005533228800113366002155048828845666273317661633770
30088445588111133556666003311001177224433448866336611667744450055337766555522002211551148557755480288771788332266427
311555544550033777744448811117766882266443348880011662211225522884700483322771100557722330611887788665
3221155770066007788883377331111336666777722887766555566117744118844222255885533448822771122444400446644316622668022301146308
35566884466771188117744778833221155338800227772444488664411440044250066001100385
36600772222774422441144771122662466664400004300113340557700881188233355486677885500331100663378002848338878816321752581553555156
388555544883333446622337766112266557700118877335511556666003322710022113300880066886644336144550055384400444422488
500884433776644773300554400221177446611336622223311448822003333553326771111001155644427007777887728641
5115522776677441188443333220055336666440044557777006622117755887711665500334477223355442222882251224688073858386811413111088
522553377336611442233554466008800221188226655664448438877881166220000667700332222772285005555777766317
53322115588447744886600772222557700661100445522885544338822444400001166331122335550888266446666776627778177314427511
56677220000888855007744115533663377666688003388225577552234662211112222442277314444001100443645118811355588402
577444455115522775566448866003322442288404677335500002211225877006666336651333311420887223377876101730161826382234
5886655557733668822771133005500115544448811664455225533228800223355661188551111446622667700337722224477774426333388317780804
6114455442277332288777755888866884400005555771177002211880011110088553344882200337722552233550077865516222045633
633558877773344225500555577664477882222336622000033228811448866883377116655440044330088002455633311338107570
655881133224400111155660022772211882844771100880077446666337700551144335555336688733346706
6771177440066660022778811662255005533772222336611887700004422444477552288445555777733554433441822003322633388030
700775588118833111155557766662277335511730088732255334473338844445500554411220022224466004480663422840032601002321
71155882255228833666611223322118817557777227700663333764433887044440033556600224478442222008888668004826
722111100551155556666446655223355770077776611222244330033662288220020663388444488334477441188001177114533388866708
7337788447766336677772266885588000044227700660011552244443322221144881188771166223333553311334400775566117748338822551122888555465570302
755778833556644661133668855334488008888772211112233222244225522002276784444331155445555114411781033000073850
76644880011667711770077885577223333666688227744554422660044331122050588788442428221330555256533551111018153738341432
78866442222441111662266777733887766114444663355112255553322002288880088340055665574345544748500460000758685206
8112200006633003377665522770055773311110044668855008800778844888833338822221144442244115544558433226611667777113366228722574
83300664455002288441100001122665588007755220033778866118811557712108888773344447777225566663388553310442222770402324
8553311006677883366116600223388772222554466664455884433007755005566228811332200335522440011444411551111873333442087437717677
877885544220033660044440088223344888800001111662244773311221155553322558811770055664466884511876677750
0442211110077005500002266554488556644116666883300336677555533552244332233446600888811887766338866114444772200662711551174057808284
14444331155776622118888775533440044665588667711333366660033881100668800882266337777002255111177441122220422778644845564723242855545052
2443388668877776655662288550011331177222211440000332233336344880077118811005588447744115555445577551277842
3448844660044770088333377443311882255007777330066115533557766885522005555886622445544002233888811336444114422887211112261756271610512280
54411331100883333555511886644778877338800444488882255770066667766222266001111221144663300228811768844236611665434045
64466661122667744335500225555665588554488884477117773662200003300110044007833114422221111334411833382744
7445544003322335511882244668888664477334433117711225533363611001131665522221155550055775857007767772200004444114482627081128064202
844331100003377336622224411228855776633553333226666007755002277880088861155654400444455114477448255255
444886655114411330044556688336644225588112200550033777700110077663311553352882244667711666620660028487733285
4445511440088550077776666773355334488443330446611881111772277883544225577556638660066226648001166500
444551111447755002200007700443300552255557744660011065566664422116622883377668888773366771122663388661548223808124228584787772
444881100331177663333880000882266442277228833446666550077006677771166222255223322113377888875553355885514557433624
400113333551100778800886688223388887733772244332200228855883344116622665566660055777766330066775466470
400224466007722778822223333885555775533110011884411770055666611550066514422668866776642003361335163471
4227744446677118800228811666655006644551155553344337788222233226633661133005522008877258833554477331177557766886628556111241140184880400
422662277665588664466884433224444771155660033331122221100001144881111777722004455116355774411882255440082338533455500206375205073036
466660033772222448822333366115577880077443300220011447777332288664133888855887755550002771177067766551188112255268
488445500118833880066886622660088116644331155223377447711220077557788776344441144288855882045417777251
000664411117755557722336688887777004400332255008855116611552266662244553388448800113377663311005566771144773333554444665586030341220747828272221
0222211776600771111447733555522332244115577778888554448006633882266227722887700884677456655004836881106412
0664411003333552222776655117711118844660077778888114477005500442208554455772216667744887753886618337733180
08877880000663300338866776611005500442244888822007700118844113333662266553355557770225522221155111122866644660433114455816
20044225555880033557711774488112211883333773344552288551111556633660055447756772227888866882388708844441664302
22288778822006633003333556611660088880077447766443377226622767488113311115533665511001125558455446055204
266111166886677115566652222882200227777331133008888448833224477554444657768558500770000551177253
2884422777766111144662255116688335577444400330044888800887755224411885500558866413388220000665555333377334155612233121222681323602017854720771
600664488444466663344556677775522224422550055885555441144001150007788221177110043661188665800883333111133003277023262820727374161276
622443333778822110033881133222266661111880088441177774422552200112233664477007766550044006600002278667055663878328855788515468535558
6664422665511006600448800332211886677888833558877224455422200557711117700113377331122338811528822777766885022561
6884411224444882200776611334400006655660033111177778866225544601155771188881144555522227755883333773322335533885510221877243
80088337766663322336655331111444433000077117744006600557722555522221122002288662244226644115544551160335505834471338185610
82200004477550088446688112222880022664400114411665511556622555577221111335588644453117711034484237777673387032
8660011664433228844882244668444775577808222551133331111558733845522110077220044003300555533554411265566742
888557766445522220066221155660000550044443366880011881122555533884477333355440033224462675588774133472787111143170
411447711888800442233668855660022444466550000775544338877667722227700557777886611662211773377440011008833003334882811552845358
43311555588554466116600114422330033336655118844000044111133553377338888662267445500775808334474482222487812521202827
45533332266557711440055001166778844777766006622885555111188003366668822552226335568600077008877444433446155417723038
477007755446622225533115566448877111166001100330000445511337766557733666677228844440055002211778833226688552244333388612
111661177882222887722448866771144663333113322554477002233881100885500004422666622775522118800115511220733440744336655335555668766044
33355770066551188003311774422773388114411226600220055554477663366222255224400008822883322334888416666456
555661166554433551111220077776677223388885500552266881100887733660044522211331258664440663377880000128843334277562
7772200112277111100007755442266116666335555113333447766223366553377332644558855778888608800248833043388187404650528241445684
01177774477004466445500228888003388443333226655771111334488554400778822221188112204115555666622444423551145263
033555511558811441100883333884455224400004477007722330011771133222255446666557755668888667766002488077744318
055552255114422663322333388661133772211660077556664771155008888224454000044636488778847776277002288303
0770044118866000022332200557744554444775500113300882255662266114433442844658
1008800116655664433773311330077440066335512554412881777188833220055557752776677003333666600004466886614772244884422126
1226655882277335511000066221111661177660088778855667722338844447755004411331144224433448811554455553333228888063305768
133883311664422118844773322334400774444885566880044558880226622001111441177554433335533663306152515737505560466665
15500554466771111002277772288003355558855116633008844331122000066224400418888338866553333666607334766175565270
166552200331133886600444400007788558800887744225555773322883344772266115566663355112277667711775500110066441700524212322778881840282
18833115511226655556611444433554411773344221133663322446688881100667711152222777788772200770000550088666644884477660020403748075858262
211882233445577444422558866002266336677113355664400448877885511775540884100333322005555227722883311224687038
2333377335544551166664444336622441133227788661144884400667700115533007777657744222210002477587728104
25566005555880088661133668877663388335500441144772233006644682222001155224422885533337733143344000038170077154
2770044226688001111885566112222883355771155110022441144446655337727448888443333660033006624000085550077331133217777854
3001122004477661100663366771133777755668822228855335588444400555522554466564454333311773342118833260
31133663300004444887733775566557788558833884411550033306611666622667766046644772222112277111185114777052241710
322448844661133447711660066337777222200007788331177330041886622335533338822556668887740336768555525808
35500332255445555330022448844442211007755778800887777447700001122772200666600441188333311116622661135222466443855868
3661100332288000088335533007700111122550022224400662233116655556644446688887788504488413341777761518147371747572
37777221111440077666644220000118866008888332244775533331155884433661100225555003300552235117788222266228800663122765484445681367411646
388883366117755332200770000448822223355116655664444228800112211884400226626341111447711557788555504554434658767374777252
50022887733445533556688558800111100332244662211331177114433667700666600008888665544007788226644772277774448130
511006688558822007711441166336666228811886655667700001177887733555500224477775577240055338833337433003311554420888044632
5221111440066884433446677775511774866223355883366550033771100115533000078222200228811331188880088724555725542726128516
53344888800772244446655115588666622881177883311116644000033222255223355482333006633661100556600112711855500475
56688332200114455336677228822224488113344666622660055447766552277880022321177741166111150443066310
5775522777711002233888855111122003300006611558822117722444411443322556600881188667788440010447766445803142222646702834747336373533
5882233665511662200006600557722664400112244222277771133331111004433008888778844880077002288550034555536661445467757368747663
6117755556666334422001111882255881100447777446600888800005511668844550033113377664444332222886677336022441155440855771124883705352788772
633001166444466223322776666887700553388661100006600337777445522885544884477117755778888336111221188115588222255602
655553322001177778800551155770000333311442244888811223377446600445500226622552288716666336618435566708
67788220088007711665544005555776666006688112288558888777844446611336633332233111155335566225506443374114484745422721183426
7004466228866330000227777557788334455448811665500773366118800660055333311223355624444008744114432115031110
7118822440000555511006677443355668844661166226633114444165544225533228855883377007733330033460022004233864
7222277448833004400773344110088225511661177557700556600006644223311403322118877102266224866667766555533550888558806881847877385437335263
7330000663333113344667744008888224477004488556600222211775511110011223355227722554422887711884411661144337811566644544
7551155773333117777226644224444663366227788228866667766003322338844335544002211330051883376881122225088004483447011416071006002011
76644667722220066224411443300338822555522775533226666881188004400008844447733777744883311112211361155660055154288885658687
78833221100227744557733336677116644111177226666003344440000555533770066223355882244222288668888776655225207585121415778481131880
81166771100222255118800883311558866448011117700554444334455665577776666037744668277224414228322335203626
8336677228822558811557711227733113344770033552233884466330088661170701166448870006600442228005566668881114411054433340
8557766556600225588221166331144005533661133224488774477555544223355111188886622666677006644430077333348403381508
87777007744110033332233772211116688557766118822664433663355005511331177114466778888448833008060440015222255556455844
04433445544771144883333885533002266336666440088227734660077441111557755881122117700552200372244276844455500687788651560188
24422887777008811221111888855114455000033337711558800772200554433441166556611331177553355278866336666004404448844746
344007788445511666600880066113333883307442222552277772211224444775544114488228855557711558877011108117644662202656501853
544228844448855118822336622660088661100445522555533887744115566773377778811664466880000220011117711221134770068322
64488885522004455662211226688000022330077446666551100113311654477338833337788424033227700525
7444466665500440022008833335511880055662266442288113388553311778888773300111100332244112588255544552488415577116767006751472
8446622447722331111332277333300334422008866777744005544336631000044116655664444885511881177880077001265775500687715302
444334488005566446655113355885500883311226677338844554422777755776688806666003300001100428111452533337700771177855
4441111771100331122337700775511333344552211666655440055553366883388222255001677880000888855887777330064884477443352886422632
444330033334400112200447733771100008866445544668844224488551133665500222277006633114411553355556602118888338111775577416616662
444333355002277000088882233221100667722007755441177440055778844660611448855115588118833864475224555665531668666228122511
4006688225566771111333344222233666277557777887733770077224411448811884433553311003325117455447444652120402151608000501
4003366330000661111007700883377665588668807446622441177114455775555667733553388444488554422552266660822381
422332255007788776688220033330000556655554477334411006633117744004435888811886677228854666646111122114601322
4227766440011110077000022337755441142118822884610462266777733335533222248603380820055772567150
4661111775577002277442288110055558822553388004400332205115522443333664477663344887777221122335566884455444222667788860
46622006633777755886644447766003311114488338800885577002222443300005555112277113355336655440677332211778877433346116108482525650
48833440011007722002244335588776644222255553388884477111155004466775522778855777733774177061133114688165566662266336603021
0003355773322776600771133778877221188008855112222338866331155444422446688441177726666556622882200667111001164743300553333602
02277005522335566884444775533330011550088114400667777337744334488224422228800062266551122111188846
066113333668822227755443300220077887733444455226644111122881144667711888855331166221155660000335500184488663512442707665774066
08888777733552233440044111166665577445533115500002277113377222288667755885511884422448822117788112266007700305555468838056
2000033558888333366111155006688001122116633882222778811773311443377775533225522442233446621886655770088556677666600772400564
222335566668833888855333311445577112200110066224433444755118877881155886633773300880055550000225548472826160656477747670
266667766003322447744662211773300668844223377111166550088778800227700445588555533554400001100552200743311433345682863615188113128388
28844443311223355885544550051338888111188221177776611003344880044227701524466772222662204775418771666036653778732568647463
60044336677335566221100228811225577008866446662775522624428771144777744441177884400637763330533113325011
62266772233225522221144773311338822888866446633336655668811554488004766112200224700008666001100630075117371816583435555057
66611882255220011333344223355337777221100557788331166446655007733224477668888770022226600338800885566248811441111244588400041555545106
68800448866335577883388882244441144334466007711333237774477306644551111550055440088118855887700110022775658422200300
800001100773311228877115588227700557722002222446688883322335544886644550066330033776600440082666621447444261133334411667521755
82266883377771177228811552200227755003300005544118844663333880011331111260044007704335511661104448533665566747
86622446655557711004477666633881177885511556611223333116600337700005588226644880755225533554433668677332444074451330411814
88844111188772244558855115500442266667711338833330055228811778822007766556644443355332255447700668866336600827733777744661144822
41166778877665522880044883355662222111133001155884422334466660066333000772277775555118822557711008855345508173706874
433660022664477223322442200006611882077662555117711008888116633884444666655335577556688552455448155812
4552200550033001166660022447755773388777744440088885533556644111144331122886611332466281188242
4771188662255556633116688223300884455007722002277774488775511778855888444666655336677005522226322176063773355404335701032428
111336611228800887755554488550000115577331166660055226644006655338888222277886677774455114411004442558833084
3331155117744667733665544443388661133220088003377553355770044226666883811660000662222118822888847663141227111005640124
5558866005511776622223300220000775566550033338811228800667722661100444477774466442255335520115546883311336848285
7773300778800440088883355663311665533774422445500334466660055441122881188662255776674882266885522332200002111558843606
011441177008844007766773322664444227788110033005577224477551133880022882233337744887611885533112222116455886835446202556525543
0330044222255880055775522117788661111448844665504777766443355666633445511883333667744062244412277115322831101626
05544664422440011226677557733556633223333887766225511771155002277448855558866008833666884330000310047220060711
077331122448866117700660011885500332288775522551111338844443344664477883333668888008811004633772277774146571
100448855887777225566776633443300003322444422884466111166660055115533550011333388118800220088227700662211440177441644568
12288222211332233660066775500002277333377224477003311441188880255335555666655884466334488111166245514377766140
13355117733660088558888770000446644552244006622661155772277114433332233112200110033442255447768222211602288641
1558855557777004488778800003355005544006611222244330077525688444466332288333366223377402266664133111186520343816101714
166332244666655222288770033883366223333554477226611227744110022556677337777555588553766001117148800888865005577884455142
177771144337755667722555544770044441166223366002222663333228888773355220066886655883388551155774453007768221122411100384
1880022888811335588225566663322336611112211445500660082777755331100446622226733337787115511674400330015444415742
2110000774444778833776655445500666611442288227700222244331166333366280011330033558866005847332111577728588
2331133881166446677008822551122885577117788336622110011887733776600665544332266663333003344880008886474222274044
25588008822227755334455446644777766114411112244002211883311006677887733557744881133888855003300004842337705215
2770022665511441133224488668844004466220066015544335566663333883344773377776648778888225522130
30055550022552222337777334444001122113311446600443366772200333388556688662266117711118877553811641154224888284747883801076
32277223333668833445544665522112255110033113355553600887734002288222244226622005588556611115577776711441168401177804
35511007722777733446622004488442244111155003338776688000011778811665555440055882288885522557611221144443644583222360066766
3664444227766663388117777446622660022880088221100118533112244114455443300335500005577337785122200665257004717233327534
377222288225533331166338844227700551188006677336688774411552233000088111122007766664400175555002266146434885562144
388553311882200336644223333772244776655443344113888115577444466227755225511007738366111445588770011640055604
500001111660088004422334400667766113388114455224444886622551177227711557777482200554888784366665322810033112333563371868
511555577558888770022228866111122001100552233116688118822777733335500008844447766553377113366774466338833226604880144140
522223388333377443322776600336611558800114400444488228866885500553344557755117722112244206655446666330088110000216648411
5337766774455770000338855117733330077118800112244114466002277882266661166887755444433442214888848662255220066481566555586304
5664488445511337777661100223355332288772222771177883311550066770000114411220033885522442266336655444400446733447555780088882865805181116
57766001111006644778844112244336633330088661188773377113311446677440055558888550000332200225522227755115564228800421
58866887700888822665566778833771177223300555577775244880000661144446600773311116633666277621133312101518
611552288880077114422008833662277221100668877331122447788201177003388660000445533334444005566665500218855881844335544163307437645732
6334455330066777700886666111144002222444433883366885544112288442266488877881177118822115577662255665555116600773377550055880033335047200
6551122115577885555667733224411114488002200662277443344772833335533004444254400331166338848882866660011336611008811807
67777448877118866662233556655227788443311445577558888505644221111776633773388220033224022226600001122510068008700472
7001177887777335577664488662266753374554466660074004444116688118822884422447344338322552233630111050561358
7117744555588112211004444007733772244114466887766663388664433552200111133665533462222882277888855008800557772556022615541618
722002255335566440088226666338888330011337777117766778800333366881166554488770000660070445588442288555501886111023244322
73355660011113388226677447788666633004455441100558811665577006614225078444433440876227463332222328832024
7553366002233113355888855447711556611116633228833777700778811000033001177338844008800555577445522666653441188227722220488744
76622006655441133885522228833778866331155111188442266445500223322440000446611666677117777447733660444843
78888114455116633446622330088004477115533118855558866554422443333777744000077664411006677001288766606825
81155771133778866447766551111004422445588001144333322888822007755441166006666770086334482335277338262225464421303677747231
833446611112200880022881177664433226688882277115522221144553355116666005577338877778864118702448564754
87711664488883333777700772266114400331111334466228855551177667788443355330055445522332200001100665500882666860044244
044227766331144330033224477116688007744446677775511228844887788113355333366556600550066223387000022225522115555810
14400772222116633880055335511001155558866225522888855445577882266444466661188330033113333773322448877550088447777002277156
244668877225500002277882266117733771155770055883388556622880044555544448888441111333322221122006633116677665533666600330077440011008754342
3447777661177443377228844222255116622112200773333008866332233885566778811554466660066557711118888226688064411324
544001111778833884455112288006600775566118855226677443333448866882200004422331133663300335441005733771166214
644332233662266774400337766551188778855444455221177770044661155330011112244225500222200772288113311666604110478227575888868055
744113322668844333355442288336655888811446622770077771177887733008820205555006118638855356488052517657754572404744
844220000117700444466003344002266882244772233776622221144881122556677558855115555228833111100550086116644118433335533845577154363274777378
4443366440011442222558833884466112211778811887733007700448822332277220677552247685533555577786311054802888342637
444224488001133446622116688555588441100440000226633117766667788112233337700887711557777552288227744556611460
444003366553322220044666644223311228822550088338855777727005511113300002788445555441155667766881166117755287
444558833554400225500778866556611667766338844880000111177008811887722006600332222777736888100426666221122352245715531314510555
400333388883322664477111133557722776688778866662211004488001155665555336633441122882200881465225500223300558855175547470000673842207
40066335588443311336600333377002244114422005577338833226688228888008855330866611177112511877755550455248
42255227777881155772266884411223311443388550044556622887755335511000055554444007711773377666677003322221188336611664477448888634462082
42255551122001100775577885544002233663300662211115522773333446688777722660055888822884411883388666224335533770033171813204
466440011773311000088115555227777222255007755113322333388665577668877448888004477882266006666228855663366118833770022444422005534367140311
4667766883311552211332244774444005555775533336611002200001111773300886644222255882288112233888850337041680
4881166552255445588227733888800008877883366335566443344222288557755333600221188440066112200444500572237770177111107467
48800776600442255662266553377884411447700668822221111331122883344555511558887557711773055403
00088883377664422227755882233667722881111220044116600224400334444668855556655331133550011007700666633243624871
022551166448822776611770088112288001111552200771133000033885500444466005877775477331188337722114846888622224656733343266
0663322000022884400886622442255553300447755882277005511337788336606557722112223368855444411448877111188117777346
0885511004466445533336600665500773322334400335544774411663311224422000611552222662255666677668877888811772288277758418
200115533660044881166443311112244773388442277006622882233555544665577772222113377880033268883334411774455614445230055158
22266330033775533665555668822880011220022770077221144660088887744881100550044771155111133116626667615832355452643433380006
2662222338888336677776655114477005588557755002277117733556600111005552218446666337722444405442333041344368
28866882222774422551188115577332300337711666623446655554477883366000011777700775488776677210048512
60044003388000088773355778822113377554433001177227744228833445555886655002233226622006666446675661144448844705530715
62200665500555522227766660044110022332255661144663366880011228844554433558866444477442244888311557777007723000347337171611
66611886655773377551177660044116633223344336132550032652200005555880077008855345544006477444488442144615108712118182
68800664477772266112255443333441155338844448866663355118833662288773377002277445555775588830000378055204426550601667101746131411
8002244884477117700110088823344113322772211115500668544661166007766662311851127330033338777478
82288664411881144005511558833330033227700774422221122663355220088006666776600223346224777857755665500155547200
86655662244666688772211552222770000440011007777337711113333444433554455114411638844881183057473231171236
88844668833443322777711002288225577666677447733775522001188554411223388008866226611550000558811660445551111431173033368735562453132122
4113377114477666611660000882222448844227700338888663366557744558877880077362288318855112266710
4336611448811558877000066888844445555666600775577111188003300883355004411052266776622777722886633222233778822012644038
4558888668855222255557711774488224444228811880055116666003388453377333311335500777700006677823
477772211661122333366224433555577445544887766006644005566338888110022773377007322001188668822880085841111725
11100004411334400221122552266118866330077223366444488331166775566557788005588222288447142008888568873881240362
333440055773300227766555500118866335522226688887700772233777711000066441155332255445588220033112288111144880044308
555883344116677332288227711446655333377551155440077881188443351220000544488886666336644774452660066823
7775566445533773333667711224433116633441100338811335555778855008888225588005522884477000077444300223322226622704605421516561686620
0113377114466441122006677660055440088663311003355007700448811668888227733000744442255885566557722884453662266622213424
033008866005588555522220066554433666633551188333311117777114488004411668822667766221155337788881100002255734444223474540641384872812242761
0554488445533886611114422666688882277774477885588772255665511552211000011663322002244334411223366770033330044007288337602235
07755887711114411003333005533226622444466331177222233443355447788220044884455118855765500115555264
10077884444334477118888001155221144117733116644006633002288770044882277665500335511222255556622333366886260008425338755832725774
122334477333377667777114411118877222244881100006633668866550088226644005511778800444422775588555522556622884312054
1334488115555338822668888335544441122775500225522118866440077884477665511660000662244620055670033008801114747223333171
155770055554488334455884466886622667766635522550077440061773300331133224422220044112211110755116811485538023272887828856
166004444667722336622881177664400558833112222551100114477335566888855443388003377555533334488778822777702157716550267420
177118800775588774433116644668888111122006677666622556600008844551155222211003306554422441144440722334555738833537
18833224444553344002200881155448877552288555566777700116644111177880033335744661122662211000066007766642277223388225043186843736223088
2111188004477662288220088448888666655770022444422664455006608553355556633337755223361554433212
23311663355225555445566115533006600886666446688336264333377228888551111338822005588110022771177048874440411880474224845750122214
255226688440055443366441122775555334477330033880011113322882211886622006611771166770077888877772224208817400
2772233880077004411334433332266002200001111448855440811553355888877884466668755777742552222465555664
300885566221111667755227700663311557766660000554455880022336611004477332244114422001122228811883344333378884444682
31177444488770066445555000088886666772200558822776622881155112244665522330033553333225566338833443366880022116600118851340
322660088667733007722113388887766554400223333441166117744728844662222445588225555115566335500557444204436885531201
355660022333366557766885500882244775555112288338888666633000011007788114444116644220044331133773324645524887777080
36666558866111188440000770022113300888855116600333466443555356638112200554266882227117777880877352
3771144445577330088661122003322440066225588110011554433118844668800550022660000476655335566663366488833882288578877570
3888822444400665544551111447722553322774466331122883355558877556600226677773344115525007766442000110047003300578863733
50044222288667700554400774411002266447777225588883344336666551155221111333300884444887733778800006633224458223381401
511220011558888337744442255771111332244887722776666330033668866226600664455223333553311643380204055408
522660077442211225500446611666688444833330066331133558800336733223377553348551155522200224088887828614811817381110
533778833885500332277775566331152888822112233336656110011444411772200547733002224335688008866664407660166234484271134670741118
5662211886655446633667722773311334433332244245533550020114411666644406688007700004128311177110777457781552
577114400444466220088333344554488778811880066668855661133884655007755553300224100005166776638664722660122774737022211511
5887700333366665500440055335522083303881188660105771122113377884411663322331155556422227722544477776487574
61155222200111133114444663366443377667722550022332288005555330088227700678814774415626888400042421868785078303
633883355115533220044880066554444002255228844381166662277301177003855887711223077555577772222111136774422668
6551177557711441133007700115588778800336622446611228844550088886644776666335544482222331100004833334277420257216321811733738
