444772277775522663311112211000033008811771144882288664466551133774433335533220011555500557400484022338255422240607361658561834
44422002233112211117788884455661166551133006644668811550000557755441188666633660088774433447777332277224400148
44433551122552244004411558855003344663300228866665544881100008822117700667722778888773388333377668845771115336622664322055
444118866663388881100115544662244330022116655117733661122883344771112664455632277770077487788455570500
40000772266442200663322885577887733444433774466008811665511113311076848333388223355330222552212486
4000088552200223322556677441177775533110033551122111266446666337733007866104455554474334622228800665388133366027832482888487
42266882200223333777733448866776611772255775588446622778400330000110055004455553311115511221133552244464660616142822
422551100003322663300555588880077557766448833444400228844335566006688111188223311624411778867220085004333653155412
466888833003333885522443366225544447711311100442222114488227744005577550086445555665582623165370060001764102517778727307
46666223366887766115511221166774488330044006633337711778855002277225544770011443388886644557777356600552244442222880000884555881100353752682
4880066773388886644558833330011777755668155337722220000441122334444002244228666554436251105778744676111316501852
4883300441111660055114400331133442266663366881188008844445577115500012255882222886622332277224377885522167755461
000110088662222775555667777887744550055111144225522446655773344118844882200458888006688338811228853002266007766664377232703571
02244557788116611337700332255551144220000772288227755008877663344771188006677446666556644440055223333110044336543530382621111722
06655666611662288884444668833886644005555220088227755001185443344114477007711117777436677660511037
0884422002277001177776600771144445588224488881155113366225522335533332222663311221166556666880066111180555500472287334000354107574786764
20022444400665511558855222233660033446611008811883388662277554477225577778877117700555563550304111122114378088821613328431
2223344556688112211887777882277665533773311666611006622880000888866443855003555115522554422663704441144811176020
2666644882233334411447788442222888866220022557733772277445566883322115544411177113311001188116633553300555500665046124
2886677662211888844227733445566115533778800222255881177116644175522443310447777226633336655446666885500557488338820332873008
60066888866661144220011116677008877338811005577448855112222446644555548227722332211777766228333503343602
622227788885577003366668811007777337744667722448833442233118800004444111155558866001133338877553300550088221144002200665516163
66644550011112222770088447777448800554433776600220000338855775566117711446688330066332233335533173344004444162244225515886
68800112233111177558888337700555500007722446666227788110033887744220088667211551133553300444402256144333364118473216
80022220000332288446622110044335588226688663377554455001188330077444477776677888877336611116666441177114488523344033
822333344110044776644338866118800778811553355771111330066558877227700002222550011748855226671445555444462888833608
866228877337722114455774411777788116677552277665544440077118833443333558855556688003300220044770000824
88866444411445577112255111133331177887700115588156688220077448833662222665544663344785233504430008066102
411447711331122440000115566662211668877228866334466007700445544333355084422332222555522664111036678185888265808337386130
43388446611000077003377224400223366777755220088663322557744550055883311888855333355444488004477114411778115142272134306068652826626664
45544115588338822444488664477116666334400446655774433552200333066227755117722221122887788111188884022601100573
47755003300778800553311772222888855221144661133773333554422332255667777110000884400666622444437665577026681660201211
11100006677336644550022227744220011771155330877554466223333551144886655557811888822116611231133260688563848083
555007788332233552277553377660033338855668844320066540022113644222288112244882264680000488057771177470167210
7770000443366005588662255665577331122337722774400114477887766338800668888228831667488144
011664411883366771133114444007766661111777722002222885500004488443300552211558800886655553355660066274465157423754453832333447
0550022111133668866555522666622335588227700667755661188776633773344442244774433110033000544883388551166041144615
077665588441188882288001177115555775522554433664422668811667722446633334440886622227700660000337743005533556666104
1001177661122226600005511662277114455224433887788006677221188448822554444003355336688558833441111556655777753113302337644742666332
12277333355666611445522118800774411770055001155103300226633660088676822553222884400004422006488558814424715472
1332288338811110055552222772211886600115577888822441177554400880044663333006655666644334444253366712
155553322005511337788221122226633881100442255883333667733556666007700887711888844550066554477444482334577752272811
16655773377883388775500332222331111551133001144776600004455334422772288555544336611782266668800558866446633335566712201888815224
177778800335555773377115522558877220058564444511166006633446688330000441188882277542288466622224672638
188660033665588332288884400555500008855776644666633113333443122774422552266887711115511444488221100147722223700775534102246173
21111883322777733554444006666000022661122223388551144117755228877882255770077445588447626455500467
23377551155662200555577002222882266332211881166661133331100883300117744660044776800335500034444111144385528654455388124842787271735840
2555500115588334422114400775544557788886688228844336611860000553384448477112266665522776677241133337624603350417311032301611
2770077447788551188225522008800554411331166003355333344662222664433661170444455001144223322448833763308486672888811510
300337722552244774411888855443344662222773388112288336655777788440000770047116688006355332111456861715878233311310
31177660000556644885533558844775522223388002277220088224411888833443306832211554422645577316
322558811006688221177330044223377000088885544336611114411226622775533113388003335771166002200556666552222446635077722840
35555112222000033885566002255771155883333006633223311666688007733445544110088881188224477775144664430167744826
3662277556688778844224411331188334455223300772266776644881155000033337733553382001100555511117700212
3775544880044116622221155335588885577227777331188220033447788333100665522311136376600225511228844555566887744224430881644600
38822775566885500003333111155332255110022228866661166223344001177664444114422008800772211224522660055557743554833681888784
500115544336622003333778866667700660055661144226644000822225522111177118811227722888877774411631103224444884455113355553388330347558855773
511004422447744118811776688885588331166555500770016667777887733664466134444554433335533775862622282720
52244115555335588003333223377006633000011221177444400886611004477114488227777885511884422557755445503446644365
5333366668822118844885500111155117744445588113344335522447738002266386600557755554411442255628877888830406277622200771080300
5667755337744662288006644115544887733335588226600110077114477776633881133661111684444000022005500330084332233145555225513470
57722777788116611002255337711880077003355660000882233005506224422221122884488883322685511555522033364554433446404144
58800668833003366448855667766008888774433337788444411447700004400221122335555225511550111662266661344222288627
611114411227744004466886655667788115544887700883366447777552255550022444166662233882222884355820007126
6331188552200554400442288441155338822778833448866111166006655667722446666447711770000333366881144330088855583250
65544226622555522002277885500881177558888335566661133772244884433000011440033331100664466332233641111653341821
67744004444332277115588887788446600883344555566118822002211668866448855330011003311447722211177770077341124257
70011440044336644553388777711007722773300220066775588331133774488660844111155116655221122888811880553335233446632224422544
71122774411110066002244553322228844226688266655662488661166333311770011337777257755830077667733634000835387803180515
7228822443388775533221166004411337711225588111155662222335526884444778888664466557733440066114488008833110023377766645
733776655775588556644111153528822006677224466004444287711440000330011007777081166113311284
755665555445533002200448833771122885577661100552255003333113344226622777788770588882177336677418806463353884603266811615
766770011336644006622111188223355777711558855224411442266553300228877448800056633773333883322227722012254443611760688166
788117744225588665544666677661111662233227755664455772211000033650044114477334400112200882244438888331188435
8116600880044550000335522224400227766883300111188884422667755665511220077447777882233334433113322117716448666338575458
833665544555511000055773388881177226677556688660088441122447711882255006622223344446611553333770033002200776666442210148
8553344552200444466558800550033077788774488113355515888221111863322223366443333112266224601773377076677214683866611016
87711118888555522333388002211557700558811004455001133114411775544772288337788665533663322225566226666773355112277774440334202476616064
044660033667788668811882244885533117700116644111100007766665500223388332211552222880422555511227722662203558403334733775577114745461
144770088886622883377663333552211112266885555116655002233005533664433887733445544225588224400446661557843118322006
244554488113311884433661177330088551122116666335500441144000777883377444266771111555566553333222201023
344660088003333002277883377550044118888552288447766335566112266220011440077110066772234448544264435116687005587445555313775717111565
5446688776633337722000033226655118833553388112211447730116610888855225500778844440066442277770048228866760
644228855778811440044774455008833113322555533334466330066001100773805112277776677226688771177058888224488643188441155220215444
7444455000011117722335588771188880022006633665544228851660053113300441106448844333377776344078822770758681
8440011887722778833668888005511226633332222885500338077775582443311773344667744114444700066008425457566652
444553377887733006666440044777766336688443322228811335522331188660000774465550011642211220024885588041177256827083885110145415757111
4443311774400335577112222110011446622886633441155113377882266884477002255430003666618081677333388588877772277523207624
44455664477885533331166880077448888224422002277663340117777330088115522665546228877005552221122532233666611418840311
44411665544228877226666335511220088443322776644770066880077882211555566001188111144553388552255888400437777336677133312330626134
400448833008822441188001155667722113355006688664445225511774033771122777788776666116622660077333388111142336222028
4002222115500884422880011223333557711114455888811337700331100004433227788338866224466552266116677774477555544117766668066064
4225566881144775500662233227700777711557744558822117788443344888833886671220000885555333366331188022266111133041166546
4226644886600778888227755666633220022446655337711443355883333008844000055223311336811110855472211551122555502228761674
46666006622667700555566448833886688777711665511888800863344003333223311330044115544445522558144774432442200222277828
46633115533334411443377448855007722117777006600226677661110008800556655888866882288371555220032557455162222747
4880000444433112266558855221166883366338811002277008877664411330011771155111408486622335577550883772222034
48811775533668800771155883355445577338822443311667777447722866062630044222055111144113377601400244
000667755666611004488332277228888224400557711884422553366445555115588550088114477778802334411116388730
0221144337755223311110066662288333344661188005512663322554444774488887788668845665555885500777766008822772222467733020
0663366660000113333004455448855220077557700337744773344002255551155881122442288777711883355317788886611416
0885577222255226644330066220000114488881133334444668833550044221166551100228822777766607744584788775188611178012153831373632
20088110044660033666688005533115500778833221144772277111122224488555577337777663355117755667746558888428822564860113333806021816003034
26611556644772222117733446600118833331100224433886666775588004422771133551144005522550066887788407766223828581658863747077
288332266224488111166004411002277117700006688440055882211885577553333666677663355556655445511552088777744773344361
600557788775511336644662288885500776677334488112200224477117777444433331166330011110000666611554411440044265588456
62211550088448811226644440055558877116611445517227777006600337744663312338866654433330048335822085803288
6663322668888773355667700777711224400886388118844442222552277885511772288357761114488201155880060205044300
688774477338888557788007722227777550066333355443344003366441144225511228822111100115522005555330006118811331178337603262
800110088227700335555443311664444774400777722112233665566773333883377885511445500553766002222886688188844887466225266624
822335544661188445566550022886677880044440055552277117722113344331111564422000033001100888877006811222264116148337748573767707
8664411445588552277226688223311220088448000225500557711773385111222153366667755560077003300442286332244001333774433544
888666633006611557733555511005500227711882255445444772244007744226677668852113311448623338033411166460
4115577885522773388881144447755332255005555117766665588662222333355440011667744882288004466442066111185660000271087203077077
4338888335511557755330022554444116622661122005311008854000033668877886666771184222247773377007766004280165346432066333
45511112277001188778888008866117711335500006666003300223311082222555533774466772211552244332266228855444424777488183366557646856343833
477448866004411770033551111002277883300557766777755015555223311884455666688773377116655888804334466336622664533225543872
111001188772255334433778844448888556644554147557700773322227745882200228800886633660053006662124
333668844220022440066222255558822774466008833880011885577331100330004117755337777887766771155111133554233450166556666472288152
555882233662277886600887722884477775577667700001111773311871100441122444466665533774433330033440022114422226644554483220055061
777330011002255114455556655220088112277554422224488770044115588444433553333663388880077882211771188662288550033147766826063400
011557711667788330088228844118866005522556655007777006666336644551133572233222244220033444488002144711176110628785884346
033110044771188443333882266007700667733005500022277887766557777444455446644886688842281336633714166217
055550044888844551100662233666677007766552200222266330011778877447777537711881166446611333317335212843322524
0777722221144335555774400337766336675881111552233448870445166888833227100566611330000886600224466280063133
1001166554455662222777755772211112288113300003322002506331144887788442344774444064433558855115533666611776608882415286558037388333
122004400772211882277887755665511777733558888550055441100884477444000113333222233116633771266770666036688334866280
1333300441100775544558833884400334488880011661122118811778866662266776600665566442277222200224522857770850
155556644445533335500331188558844330066110055770044008800112266886600228833447761448888774422338817882202427722522
16655552266223355448855110066773388442277441177557711225588882222880082000077004433113300221533247777666614003446801
177667788112277443344668866660066447777338822444455440011333322110033007711885588775500884355553155711146116255223
18800885544770055661122332222771166004422882244887777881155335555220033330000221433663377666657334444007744164060138
2118822000066337766772255661111778811222266550011660044227700886666443333553344883388885588445555115577331133628877110477746
23300337777885577002277118866442255668822111177553344773322004466116666001133667766228877226633888811224488444455441155222055865515550087440
255117777226688007755556622006633228822223344887711110055227788114466440011237700441133116606638844333365335577430547350588588838676
27722880022337788771133336644443388667735008844551100001155221122660044774466888811440066648547770077617755357
300117711881155005566008855221166662200224466337722555533633344226744532277887733888800448864007777644
31166881122223377000055774400771111553344333366663355885566225511345522006644887777554411442211888847224277310042808
322227722881100002233445577555566001166888877003377338855883366774444320088446622112255224477865534115511117055413
355884455441133668888001122557777007711664466550055333322223311555566110066660044774444227722118877882244885144038833017
3666633441100770066882277881111447744333388005555665577113322445588772266777374888866228844660088542166118176404121503010200
3770055225555332288883388661144660000887711223355663500444477441177776644007722662200221188048822468811310
388003311220077334466000055554422224400444488114477008855667744110011776666115588332211664455223333006622663888428871886688225
500663322226600442277888866552233336622551188224444668877334457002744775488480088117766116666477711115077214
51166668877778855001133222200774400337755223366111177112266443311546633008832447700444411000066772144245844881
52288113377447722777733225533887711776677886655884400442244664488556688002211222200118822334455441155111166660055003364483
53366007711333388225544552266220066663322887744446611227766442233111177330011888855883355778844114477551100005500867
5664477884488663322115577220044002277330033112244553388111133551100550077775588555526554444666688006600008888370014374677661
577665500661188223377553333226633664444771111002222442277441133880055556622116666773300770000440018446600386
588225522112222332244888866226688774400227788116633442200443333667700553300331100113455000066554640708
6111166886600335566223311882211444422220044112244337711332288006655330077775555885577666633664488883333887700551155245
63322005522112222665588885555777722556611004488770033336622774422334477118811446677666644440844583
65577885566668866445522550088222233773355334422776611221177771188775600338800774444332200111144116700447723084464081313648888333
67788228800888866116655005566662200660000774411772277555533664400442211558855770022552261881121338833110033551455448
70077662255447788330011553366003322881177335570004488005566331111882233386644445522665511441166112200668244302
7118866337755111144220055000033226655557722225533664468006522445544116777002288448833556478558300710011712
722558866114411660055440077666622447788883322770033664455334422881188444466385511110066556682221260448500252430877740100
73377550066880011557777002244884422111133007766661144778855332233110044118822888866555588345566225522217744012
75533666688885577330033555522550044556655114433223388771155446631008822881111886622227788442244858600770000577721602
7660000884422440055554477001100662277446655334455007733033311115522558888332222664438561122063
788666688334433336611777733554488556622663222442288000011445588110077221122008820467755051111353
811668800770044885500227766117711554455664422557777888822118866334411447733551100008877222233228066552266011125558311336383730
833008877557766886655663311667700005511228811006644885522115555880044003366227711441111824444774455443344638
855771166448866337777008888004433666622778877221144001178224444110055335555000021554455813333447466542
877771177332200445588551188441111663333665555447755776644443355007700667788881144003377228822774488005566223382666612225240001083034
044884444771111440055665577885533882288331122550011887755880066441100002244660077008816663344226677661366223377420
144776600882266445500006666221166333311770022007788004488555544337744227733556671558833665533888844441133046611112233422255728241018516852
244558811887700555500117788447777223333227755221133500066226611222200443366330077311100866677665466848
344886622008822442233883300558877881100775531446638447766117711367777225566664400111155441165118555004430302
54444552211114488440066227788772233005577110088003388883355882200228866112246056677776666534
64488661133006622776655002288556677112233777788336600884444004411442211773333118888774241116388225588120
74444771188440088117722115588227755556655776666220011228833885533778866887775005522635514554468004428834410230323648313343
844224466550022115522007700117788226633335588887722555544773311880044334444114407113322330222811106112646766686062
44400448844227733445533224700006633771133005500777766660088222266888855556622331122118866738873335251581288020
44477004411116655440055552255333366226600888877883355115588557733220000668811777711222244882211331100227722830466761434542
44488226666332277880033118833552244556677330077770011000055336611550044228877665511662255888811220555733388514
4446611660011883333110044003377223300007733664411335555084477448822227755663322553348778866552281254386251155768
422003377332222772288447755330055000022440011117744882666263355554455888800444433446600661100881133118833633388687161215850714
422443311113333663344110077668855337722117738775588662236001122880088348844770055665555446644557777888022552202774444016
46677111100668855228877227788442211338888661122002255115500334433001166660077665244114444004477548
46655337700441166335566772277552222551155554488226644002200550033447777885388444422117766111188114322888832466607468
48866660022447722883311113366558800888877334422003355553388226633332211776611007700550000445544662222715511284411664400106
488881155663322885533002211668877335588660066774444223366555577220077000011008400331122662277776333443381337111817411404
02277338811112255110044115544553377887755221133117700883322668888661144440077771055772288558804774677664
06655446666110044002200771144228844332277445500336622556633116600113377226888330000558822221188111177887764433388024
0886600117744114444335522115555007733446655771166775566662255885533888833228822240066331133664488004470218843712
20066000022774455443311225566336644116666772211883322886655003355110055337711777700111144222244488877885800484
22277112266223344775500005588668888442211665511887700444411113311773377772244001100235523057767453363254563833
2665533661111335555778866664422002277443311000044668844556633882244008888772228551144115544401187173333234767570
2888800332200552266555511448822558811221177883344550066116688447766660088546677770077222000430023773333563386271643175017436
6004477003377336622661161331155444467556711886533330055110022443344000068778811228822227722117743225522338855014
622557788556655882266006688002244228883872233331133553300334400111155110055008555271177554411444487045
666770000883300550044880077662244115566116600331133336688555577334422558822114477444466440022888811222433777788445511117061052381832355453
68800886611660066774455117733002233441111003311555588557711332288884488226632001144264477550000552444604434056537612547778701872
800330088110022774411773333116622007777660000667788335588772222113377004488550344224444664455447844368
82233331188883322776666228844112222553355770077334444765511336688003300226811440044887100885588655520016
8667722117711882244440000660077778877338888557766884411442233330088335533462222665566112255228666475511316
88833111133884477222200552211225577771100226644336600003344553322886622448800114444117744035566663545870737868651815166167
4117711446622773322667777886688555500663344333388116600553355445422221188007700008822883366664477220022504
43322661144004477334444555511777788118822775577225522116644665500771100887766774488441244220000330066001288337688563356266058602803188333638
4554433337755667744112288772222446644771188550011553355170055220000660033002400888833886688278
4777722553300776677882266227844443388664455865544115571110084002222801133335555114466661125000054260681832161731343637
1110066776688222233778877007744886622554444661188338888117133220055550011553366621144704453442244126
3330077883311227700225555445577662233888844003344771155220000117755882244221166006666773377443366335866113324664486804
555007722336655775544443311668855228844004411778866005588776677735466222200226388008811000011813
777336666332255772200445588227711553377555511116611447788441133007700224488117766008855222288331100118466840000667500542
01177444411335522330022660077773322556688220003666633338888061144222211224455443346227711557755551188553677864
033113333775555224422664466883322330044006637005577660022772211888855115588111124880088778844441745666616754
0557766337788553322554422227744662233000033888866448822440011004455111144443344115500860077002555835566552311861166647727536331377731271
0778877113344665500331122556666441166338888442222330044777766001177000055775555885522448864008445411145315
1006688555533225522443333775511223300002266772222004411447788448811113311887744440644554426115577771177688805882388635
1224455557755335500220033667766000055444433448866110011338800663377888811668822772288777711770088342211885566440224751
133112233771155226666551111443366776600664466224400442277770000338822556688683300773344880055888811885555335504732211710
15566228833331144337722774400112222007700663322551111773388881133444488002244660033000844116644776665442533645575258
16666331177446677111144880033447733004411335511554422110055557788226600770011227777668852000066440022236618772866543333781
177660066330088772211118833337755114466443366882255770055001130327711220077885588441100444477442234022287773522665666762
1887711005544772200008833666688226600448811331166446622550066552233778888557755880077773344445550284413886327442353330
211223300554488332200007700338866444455113366002255334433555088884477441111778811882288504611522241668
23377331111770022660000550066887777225522001144113366285533008866558888338844557755443355110033344
25544776666338888660000664488001144228855224455112277110055773366777700772233113300440822116613337464443353441222026
277004411558866000088885555330033778844006622220011667744883366118800550022335544333322642454446811247828731173438111014
3000055443355006622223344007700116688557766553337551134110022882277220477778877367714446666348888364
31177114455664400776688443333442222778800111888103366004448558877775500005555430022008252624287473217072
3225566558877007755222288882200441100661177223355330000880033666644448811660011114466334400557744331188662244776672668844221382737
35533663344446666558811332266111166443835114400778866888800008877117700660022003577772222456622328
366555566443322551177448888660000333388228877667711330022666688445580447722221111224411444422334463557272007015253400608500554
377002288007733335533000088111166331155003366222266446655224455660044338877532233441122772211006664005888242768684747177788583
38855222244663366443311228844007722335511444411003333001166665577337700550000683322555544571111777744776200842
5005533114411007766338877226644771122558833004400118855667755115522335088443333446666173367442200602
511000055441111337700226677112200776611775522550011443355777722774403442233222288886688578873118806364
522558822777722663388775533770022883333221155113311117766884411000077880066660044001188665577442222445555662233554466744
533003333886644554488004466776655663344335500885553668811566622227788442211001111770022007741228822561188714
56633337766554477772266445555880000553344621161001133883322881111552233114444112255775510227702440865078487371434274
57700220088551166335566555522666688228885336611776600334411227755004444330077771111001133247783140000567374238484533466462
58877447700883355330077331100668866442211552222662277665577551122550044445566001177113333777722005555441111881148003346728
61122771166880000335577881100447744001188445511555500558877336666553383064444224433448413337777223322226622552216070
6336644446666116677005577331188677760607744228811334400443355553377887755003300001155110088002277111172558855420211433322624838423882212
6552222447700884433882255554466440022663347771122774288000033775577331111001166885588804066115511307566662605053
6778866003344665511004400221122556622001133331177000066330811118855447777335588222244888838076681552261627282355535750
70066005577550022337766884477440000778874552266663344443311762244111155113322004488335555333366738888658811885421610128246143080
71111448822226677664411770011008877881188330044557777552233665566224400338855113311554444332211668800774460002200673333584
733886611334455885511112277440000332244664422004444777700223355005522668811666622118888336633115877537714333300108
7555533668822006677663333772288666388774422701144000055004411113344703301224444888844621155851175254
76688557700661166550044663333881111886677337211442278000055225555115544553355883344330011222244113022666872310564020488444
7883344331144887722227733550066777700554400446688111100338822332288880011776611330000766200225555224422685538615
81144228888661133002255448877778855884411665511115566668822005577443311871122110044445033222266224270107082300
83366774400337733441122551155887711330055221100004455502222777766228851443388886688108822666644660013335488047782331204244
8558888111144880066770022337788775555443300008866004400774422882255666655227100550033553333221122244466116633668471351
8772244771166228844666688551100448866553322112277003388005555443355226644557744001155883255661177550066007777618200802222300
044222233221111336644662255887788882277114400220077006655557755661177772288663333118833443388541166881121530
144776611664466001188662211227755617722552288008833444433337744004411330071115533555544824
2446633117700552222111133008888775500665566660022001188667788333377332288110000448844443344003388226688036646115511225555772236214
34477668888336633554422441166002200557777004400885566225555061188113388223311551177337788775588026
54411775500776666332233446611556622221133774400885577110066777733005588442244402288664822768
644775533112244336677771144663377884422558866117733330055557722335544550044883322660022882200334655221133885511556811006188887800007082722
7448855661144663333225555444455338866440066221122008877002277666677228822330000110077117788411133115577552222604
84466220011112233661166777788557722113355886644007700550033775555118811445544222488333300002733487766615533804
444223355558800448866007733221155446688112266776644770011775577113302777788772244025533774333883311116188882222010
44455552277223311220000113322118844330066447700440088668822662244858733335533775511550055665547836666338033425572822171002076714
4447788775511113355334400550044330022336622225588446611777700337722112266665522886633882248885555468831056
4448866882277553333771188001100776611223355442288113386552244773344666622117777225551100082005400343
4000088886677882255773300777755441111228855227766447722001100663388018833332233558811443344553366665566224466816604215
4002266556600553355113333116622224411770000884477881144668800332200661188228877442255773377663300444888336666458866712383415501011525554
422887755776666555500008844006677004433888855661155882222337733554411225511444466336600118800381457186
422444411884433447711335522227700666644885511774455667755557788776688330033226633338800550077700088886655820022116
466338866885522220055443366224422557722777744771144007766448822888844113377001177881122116677558830887455551046123
4661100220011773377111144332255000044880055221133888866664422775566003344447744554411224400665588553333555577223366226788222288176
48822557788002266771111228811443300004466008066554455664444774422440177770333553342332206331665236
48855556688663344004477775588445522336644115533118877337722880088326677666885770011443544627711300055102
000445500772222440011005588111133661166556688443322882233554477115577883311441177660066227733337774225522002261221188885555338860387805144
02244445577000077558844776611004433778833442211553355111122003311886622887733338800113366554488555506774466440177714
066771111001188223366550055222244221155666688335544775511443344880033770022777733000077664466004866232310861633833
088661111775511224477115555442255888833116644880066884411444877220000550022885566336601052223330733276666778
200007755002222773377447722883388114411771116448844443344663333668855777766004400152215666675486625187
2227766114477115577550055223388553355443377226622000022880033330044446666884422551100773311336600881122111177778822441188745
2666677440055115500771111886622336633112211338844773355332277220088777755552255445588557655660044448811006688883288224436141032200
2887766881177882266772255662211886633665500883355331133774444114453442222448844604400115800520
60066554477442222887755882244664440003333226677210021888866663355250011661111336628007700584
622778833337722440066116655552288117711551111222255887700554488660022334433004477441144480088882211007733885577618842613
66611447788227711224466338844886644110044331115006684003355330022005566226655222233777763257755472
6884488331177113388885544008800228877774455116677558811114433778866226633334477665522007722224427000066004466664443661188215533212
800553300111188228811554433668888556644007744883311660044445511333388446377334422221122558877227777886000220064776084171707557232455502652
82233225544667733118833003333663377226611557711770011221133558855664455008866551166224488777788002288111100552277443344122444004474284
8662244664477776677338877883333113377117755441155335566330044226688440000660088002200770611882255228855551111681105034
8883388117755551166447744223311002211115522772244118844336666882711444800006633770070801055665583330533454356132606762
4111166888866662222115533884455772288337755664444661144882200885544007711003300001133117700665511224633335555880813436523276877350787774
433554455336655667766446622440022660055006633778855118888666777552200007700441155548811773388772211114422880033222258323
45555885511224422661155337711334477220088000033664466662288665544118811110044888877884447776677016686032
477335544333377448800004411884422117722775555008877660033006655222200224466112233663388226622551166667711478816801
111332277666688338877773311556600330000884466112233665500118800442217882200224400554455553355225588551886337066228644748415743344433
555220033221155001111666655110000661144772288002258883344336600771122333377662222668877008866778811884466440044117733005354548384244133163
77755223300337788333388008844443322556633557730440011222277220000660022888811005544887411446666117628647
011228811770055888800445555002266776688443377111133666100882255448244447744022424134467778353175307232
0335522118833440044664444228866665533001133663388558888005544551122227722557777332244774411448822087763115788137702371267584
0553322114444331177552244666655442277006633558844774400330088662766880011173366000025588833833
07722228811880055551111663311552266884422447733887700336666444400667744334466000087553333550177771143037
1005500111122117733008811887777006666556611337766775533886622004444222344778888558834115511464
122666600448888664411117722224400330011668844447788007777663344337744225511554455771102885466731388736
1335566884466551166115533885555003366660011117711221188108877770000667722332244334444554416440055225578222264220022733303180
155445522558844007700116666551177557711886633778822660033004477446622223366442244334410555533550204844273121
1664466884444003311448800886611117733881188228622007755804433334455442255665533550022337700005300172222478743221767177
17722337744440055110044221144111122881155775566776611882266330022224466445555447788771133443333884488336088501800386250600707388772720
18855331144774444227733771177220044113348452222660022882211225511116611550011000888081577887766668866754
211881111555511332266334400777744110011227712556644665588008855335500006244247788773377644
2336644885522446666777711882266332200886600553300227755661177447788112211116622880011007722554555883333551033488870484505731382237
2551111881166447755003311552211442277772288440066222244112233882266117733665088663377667711332200110044660053445077866
27733448855333388881100224411661133668877666677222214220033774466356622665500006822540044777717823437545447028
300882233113355002244334488338866112200778888442255667744000066885511444466222211001177115555775533336648003322660055228811118655804767077
3118844776644667722663366000077558833003377445500114411228888005566116322224422111155557777152254002277004822078853534
3227733440077447788226666883377667700888800445500220066446611225522223355558855444411116633342211775811001148665008418877772156271
35533112222443322333366448855777722661155446688444455660088666633882255228711003300007700117755004477442677634
366116622772266776655112244330011557711884455005566668833113388111144110077553333222218660066447777440000442800388
37733332266888855335500444422110011443388116636007700882222006666445566776488777788384277117742428252372187512151113
3886655007733111166880055330033663355220088227755113333772288114477441155558833223344484242554640004222662210160
5005544447744558866662211557788118877114422772233002266556677003366006688000088338888553355551122220011007522441133116178448823743324046113334
5113344443377006600225544553300336611221177446666882288440088331155885500001100776633322266486622773788881188016771411
522554411887733222233110033777755881155007722888800448844557711338344224127853355560000663366264686167650205086601
53333225544663388335588550022667722777744770000336644441122448822881111001188771177661133007788005400443341660066808
5668844335533772222118877117788112277446600880033445555888666113311557700441144002200550000110077554622506
5775544771166002255665522885555881122334455000077443333776688220066117733667700111188003300851100440057778144226666322
58844881100113344773388880022663377220044003300554455018866776666227788777466116604443311117333222244121
6115555226622777733002255007744333344111100004400112200665588447788883388118877003466008666356677668532123
633336611116688008888334422221144885533551137004400778866558822005544460022664237775577117728774811084
655554466888877443311775533660011442233337733008866225522663322006644002244550044441100056611667844781
677662288881177114466333366557744112211110022001155883388444488660044000665113377335533222425056548552808255777587707278
