444881188882244114477550022772266220044228855886644667788008847000055663341661155551122552222111177110011332233006777473377631
444773344116611554400118855111122556688442222003322778818226633886644887777550055776677446666224077104377236605255537058
444333388556688228800448866335522221166446655445500226155881111001122000077771133773363224477442177214
44422551166224411553388334455774466558811448855220033773322111188666611004333556688776640555500112222880000888847554060207717877
4001166443344666688112288002266551111555566773311772246227711882210554700737855888848600
40077446633777766554422444433223311335522115555112255334477005588448833336611445566001100330000441111666688667755773388750
422887733770033661111001122224444552277223388335588008822554488881188467766330077113311456666000066257
422111166224477446655006644551177115555333366110055448877226668112200008855225588335577330033775561888840702233228273404
4665566338844448855000011222200226622882233116644551144334477442044108
46666338888443333665577448855005588228866113377334455662266442222112200223311441111003327116750877703035
48833884466551100554455330077443322661155222211770000336633772277331188113344777711116688555822302258812200804
48800220033660055117733334411886688555588440077550000116644557788331133225562776388224422115528777711110088114040637727430
0005500662277885511113366880022001188226666031155775522577766772222447744114442112811030868487883437351633
022668844008855882255553300115577446633332277772288883344118800666622110077550000551111447788665522442200403366756643822
0884400225522007744553366887722885566111133000011003377882211663317004488855544776655035582333386443344160
222663322114411330088002233885555884455774422770044778822552288112488661111666620556600335533331100007755443377334444001835150
266007700667777881122774411722288661144552255668800442211008822000033664400111133002245005511854575835333137383234
288445522223366771144447722440088775533113388116655663355003377001155551122554411006644880057443344282044633321876
600664400443311441133220088116633551188225566884488550055887733800303444422224455227777555177112211033
6225588886600223355006677884488112222771177664433774477224455333311885522110055551155665574400011666633668833882033414
66633442288770044336644888833002233771166003388224455307738005555777755001177221122665511552222706622581111308686700611418
68800884477223344225511555588118888337788665566338855001144333311110022112222441133220033004400552284446644866601667757445616235763673777170
8001133888822227700442255662200223311666633228844885544446644772211557755551111005500007788771177774377335533630
82244331144005555221166776611554466228866668877550088884488333366442277007744113322330044447711226600117733445533777788500020603357238101811
866113377773366771177550033000011662255441188007766004422331100887744778844448888558822446222772280632202134
8882255003388116622447755774444883300114422778877111155332200221100777700086666113311776677336655118844112555445344346
411338822887788553300222244334400660011223366118811114455884477221155446655003355663333226622555517666688667733175527408830007046488
433771111007788660044447777664488118855116688001133662266122255332233335522174422445555482
4555566000022443377776622774400773388228800117700557755110088883300446611441122115522558844222203223333626187872711635474844133431
47711226677665533228811887733442277555577225544661155663311778833886688444488221166222200337700007777441111336644551144366044002232480
111666611331188880000668855552288335533337788772277005544551122336644775570760088442211441155003385663255824430217100104484046
333882288112211887700550000664400111100778833116677660044442255665544332200888855886666226611335511557722777714152222453
55511886688331144884422882222662255446655334477332211338888007711117777000011005500660022008566664377227782430
7776633440033225566887722448844116666442277008833661144335533117744555522881122665577185588680022000078882055433373806
011221133443333557711772277000078881188554488752244445533116600556655886666330066883366440044780
033667733886611441133337766224444884422002288006666883355225555117777227744005500443306558888221122332264531188115
055001166886633006600336666552200887711228855661177778822773355884455447744332253881188367722111144113077002244200
0773366000088222266664433448877001177880044114444771111227777442288445555446655775588553321556688861185010
1001177225544337755773311112222663366771155332233551133338888664466006666520000216688008877883400541700777767442
1223355330011773344556611667711002211885588133755443688887744000044220066448822665555103802225522462276663848683
13377442244118800221122332277660033883333007777556611114455000011555544006677888866884266553355882222825573420
155001133112288446622771100553388111177000066661166334455664422448866772222114411882233555522554400443333260
1660011777766553344331100556644772244551188661155004488000088770022552277442222882211114411263377113324446544088843630
177332288001111334433551188667766110044557700555588336688224466225522220000885544003644714445602878107848806
18822554433331177661144772200888877335555112288556622775533224422330055774455002100334466444066336666707040100
21133007722000011550044661122663377003322552288667733887755445577664444777711660022335566883344227744880056678181743144111
233667755448855663355553377773300774455110000883333442200666608881111550766226611224477114444086644338802827211868252216464117133231
2550055886688880044001122666622113333555511774444338833227711667762330088553311887700337733610577775544772284556222024
2776666774466336644007700113333882200334444556655228866226688110000551177330088006432425555885507778877557722216
30055776677778866335522446611881144773344556622226655550011337711668855336644443330442200006600327748883288766
31100776655777722330044338855880022112244114488663344222277884444668833337755556666005500661155225511888822881644787
3226633556622441166005555333388777700225588884488111144666677222277665500885577331122334444786611710
3553333776666005500883344554477773322111100775577440000665522764444228822225511226623115555885563638888118801630
36611113355224433220011557777221122246688775533337733442100002844445555005517667700771488006600388866564
377228888776644331100004466773355770088333322007711777755002222118855334488226685223300112255558455447786556633624
388885588001177334433112211114466661188113355447711664411006655225577882222662288445555333300442200550033775560883700002744477
500441155661133772277336688442211220022201100332711443311118888778866554444883388555577667700775588108456360006274477746
51133664400228833446622776611117777880055558844331166556600773388663355006677553322118877110088885477224488182044101
5224488884400550000668822002211445533442266447766335555118855774411222611115544443333667755804460331133871163072
53388337733224433331100884444002266448877228855550011334411774466116600442222551111223711557755214
56655440033112233006666445522778800115577443322881100771144116633883333777733550055885512447752148877222200225422686888482087600
577004488338822884466111133556644222277660033226666552244115500772633001177118811000088005511247
588882244440033221133556633660000220088661144883377662277331100441188555577884477445511553344307777554422887722226012523467170
611222233667744448811885511446655333311116666007755778888338866330022003322550000668800117722177735247
633007788554444668877226644883333112288115577666677002244775500001177445533555511332233741100462222714
67733883377442211668855446622003311008800001155118877557788227700776611223322440044448844334411445651113333022258681
700888811440077334433884477885566227766774444665500660022224455226611772211225511332200555533558833336644886188075547111157787308231
711445522225500662211555566111133224422880022003333008822664466551166004433447744888855886677887777638811884311773377023
7226622444477003355665522113300771122008811742278002233331111443322882100440066446680555580100615450576351
733338877448800885555336622002222335566001166883344221177004455000755224444114477665588882255115574081122663311332281864
75511556644338833000066555522550044770088668844560033661144222288221100112200777711772233224400262666716633334464818
766220044330000887711448888663366778855880066441111228833772255003335110011668844661177774477557735660022644
788883300558855660000114400443311222288664411338811554477444843221111772200227700777711006622667766661166857
811006644114488445555772266771188776655175522885566122200447744333322338800554422440000330077001533773344446500282
8337766553322111100336600558844666644117788663311556622002244006611448855557744447777330077227714222238770008026
8557766551166221155552200770011446644550000661122442233880033134417774444881600558833228888447755335542556822778877130
87700884411113322221122443388882277554466003333440000447766771188115511665522331100662266117777335533774422555588557208030365683502886
04477112288111144885566551155558822110000770055773344552200117744446688003302443333775533554401338833277788776677250606264
144333311555588880044551188772277000022886677111122554466440072183322005500337633024666238616068653634
24400775533337733887788558866772200331177006655776633661144771155448822774466226666001111668811004255222288412
34433337788668833226611553355222233666622770000444488118822445566338877664466773100558855003844712161714135411555751
54488001144550077667777885588882244772288444433220055337700442211331122552233034406111106441177557746227736551666860222663
6448866667733440055223333118822550077003366008855445533774422663355777722000028483308013381117711651121455
744002255332222661111773388448833115511221188882244443333550077223344145522005588555566554466886633003366228422771080001477775040660787076676664
84488110066887733338477444411225533554433446666224422771177667700336633005511664455660044000011113311550082114555702260737282058322252
4442211663333777755778888553366772233554455003322002244110044338833000055552288418800665566660155814121334516864613162
4443311775544551122336677664477881100440077774422668800555533773355666655222244111188333388771142886600182200003632108
44400881100118822000066225511112288007744223344778155776677772244333377553355554455022133663321770145666646158
44422556655440077445522443388337766006633222288662266773333666644110088001111881177113488778888261120005500377700468
4005544330077112211778888667733883355001188227722663344111166555511448877660000445577553322884466444422224588056613777663336
4007755881122776644117788773311118888665544883300663333555511557711005533880000885500336622882255223322667704337422284466847
42288661177556633888822664488112211332255771144118877001112337788551522773300007766880055003333662666006674665533144475808544002553534454304
42277880077116600334400887722664477774466114444338833117700551110667355885500448888666633665544145533330022332245652215525202228
466221144002222333322444422888866661155770044552200885588001111268833550055338877881188443300331177116600774755672
46611447766221155000088004455882277772255110077003311665566334433773300553322442126774488666688884066401833585
488555500446622111177005588776655333355115577886611001166338822334411880022442277330066664455444433214403112371360
4885566777766668822111133770077117744550000220088331155224400441144333366338866557733444422884355823322662222506616401
00088445577448866006655442244447777880022004433776666118882662255012277223344022155553311475581011165213
022335533226600441177005566336688000033442200111155444433888820886677778877666611447755774488558811345527118644062
0665588223311008855222277221166000033666622556644554477881122668800220055777744441144884463771177534
0880000667788333366005588776633775511225566665555777888662222446611552266881172110044002204223311332288554433441188244483045
20022554466331177666611335500007733337755332244440033005588662233888833660011008855557777227711112211641155114477487
22266224466660055447788665577227733777744558844002233115500116677004422110077556633443333583366441133214
2665533772255661111006644224444000088551144550033663344627733113322001177007711228811888844116830447800282864305154887
288880055445511008866446622448844226633885577112222337733668877775555881166550066000011167766103333543304772254440417031323474788283
6001188334422116633113366112222777700774400552244330044662233778888445588008855550022553355444288111102038821714
622335522887744447755334466777722000033336666443388550055668888112211110011771133222244006411880088348
6663377334400886622552211555533665511668822228844112277664422657755007777005588556788001133114433888814447544833350646
688445555662266001188004466664444888811663333002288227733775533113355007700003344111144771100883400565788777721542
8008888335577555522000066001166115588553300556644002288446622336666882244114444772211225544227711826633222333443387848
822220033773333441100447766770066112255336633113300221166448888443422445566226688000522775548171777223577450586055
866337755002266558811117711222244223344773388882288006644007784831155110011852277220000341
8884411880033883333553300557700001111006688222288552206226611554455665311446604442277332211778811664488667711266
411558822556633220033443388004477336644667755776611444400118855221122330000888833331788172222770022477742854
433226644558822000033448811772222118844446677447733113377883388663355006666228800111155551100227766052233665402414
4555522008844337755334488882277886666558800228855774477776688331144662211664447112266336670660000556612551033224503530382322
4775544111100664488001144334422557766774400551166118844663377004458183300332222333366660022007777226688273080071
111660000112200886633003388554455222277883355553377666655661133110066888807117733336677447752334433226
3336633770055003388118866556666000011551144228855552200772277445577771174758822225533554488006688330022332266224466710
555666677882211226611774400002244222255771100338833334444558888118866228877773377664477007751330044114433111200680088501233284484605363572
77700227744556633667733771111722211223355003300447578226655225533110055551066886666446612444488884588338850801073432
0118844661100774488660033553344778833111122005577550044114422117711551133777722554455552244362
033116655117755882244667744550011554444772222333388776611442288880022755522663300006600883356613344336864007481232
055226611113344338811771166332233668836227700885511444455887744660037884422000044006655667722112222554411550011007244753
0774477886655551177331133552222882255880000550011881155772277116666884444330044008482663366776611224333777755332233820
1005555223311444422776688553388774400881166773300335511883366664488663337550000112255880066226655745544320
1222200883355778844880055225511888455440000330044446666774433661133337777334622117722775642811141610
1330077003355118888556677555577661144336633442200001166662277333744552255882230660022224444684411004488140
1558833884422443333446666330022774477116655556611222200113411770077228800888866887777557766445544885500553677881144482
166557722337766770066664433887711552255002288117777551111008866114400773333624411888825448844442000180055356
1776666111133887700007755668833005522884433555588003311445544881100872200441122663377333366006644001777447785002277134422446443223535751222521
188331133884455441144668877002233555522776600557733664444222266661111663322112200007777117724006800885508656518258818853
2111122886622446600441177665555115500336611334477881100001166331188775577335544880066777722225522668822332200227888408300733
23344888833338800772222886677113311000055884400114433663355777744118022550044220066003322112266673377653307552241678
255557766662222336677553355668888220033884477002244000011550044880088110066332277228644226601337733334466514187812
27766333300777733661111002244004466222288441133220066665555221155771177005533558855660011881125116433745504480878682313438835488
3004466331111773388880055660077554455774422002222667344448822110088665522550000664436881155885532883622701
31155005522332244888800222266440033881188228144116655111177771133007700001100447744661122006677621
32200881144886644447722333366555533778855118800338888228844222266201100005500245577552686015546111177335677112633166347477767030
3555588116600664466880055003311114455777744227711004408448877223322551122228522113377633304743
366221166335544776688334444885577330088115588003377228822006600027744555522442222556611226653887777114468413101775701118
3773333007788110000661133885544005500118888226600448844222255663311112277664444555577553355883342416666770777152326251747287866880
38866331166776688337722885544118877555577114477884483001122442255870077774400444600003333666233451155302
50033448833113333000044008855224433667766441166332222006666114422112233557733770866553388881188726688051111756
5112233554444661188448822880011336677440088873322660022110077778144776633443333772200665566227033804455800
522550077113311446644221100005566333322445533006677008866558855117722320022776611115544774488444406887788880666055577541
53333772277552200110033000044008844886622113322331111661155883355660022643388551187114411773344655577776455044
5667722882244664422338844111155553344002255006622776611422266665588557777000011660077110088003300520046888871883363212
57711661133778800774444117722330088114488445533555544222211006602556655885502447777331188333366338433246666411
5881100117711553333667744441133225522227722885555446688330088223355664455007733440000447700326600666611888244802211420
61155882211883388113366335533334422887766551166447700332222441144662255004400557733777755556677444233072266684
63355005533666688662255220011337700665588110088334488887733112244118800223300775566444477443333226600440008446177771144215
6556633221100887755000077884433117733337711115577661122334488002222553300447722446604055588554188666648283
6777722006666550077118844776633887733224400221144662288222266441177883311113344553355115555443333688855881088000010304
70044221100225533887788118866115566885511331177111144112222332288005555883333660000888844027755777766772201665546424
7117700550033111122661155113355332255442244776633665522775822884433777733446666772211662222001100664411881144888800885238302
72277338811335533221166775511554422558833336622331188006611008855557744114444660000222200112244003371117822866644547
7334466006633771166227755335511441122117722881188665500880011007744556644440033000777887701338833682244742
75577331122220011776677116644333355223388221133668844661144883300225544226666556624558888778855550077406088105
76655113322228866118855887733003388884422775500115577008822667777114433111100663333446644555544005522000044180022524
78844771177225533552200881144663366887744334444110022448822116655886600113388551766228833773300332700440000554455780
811778877446644336611667777558866222200883311115544555500337700666885334422112234110022807440004250527261324180114
8557733775522006611338833008800001111888877664477884466336688225555442266774443550033221155333722881122427865158235622
87744000055113366885566444488882211775577111188112233110088338844116666558255446677773377224477007785001153004063532340233
04488221155336666556622444433118888005577883344220033886611227755113355001177773300226687447722225077664466306670800452816234041111410
1443377558888668822224477001166773388334466642277115577444333112211005540335555225511117722885530481132380
24422777711558844445500557744666611775533772266001188116633882200006655662222552233003333555544004477007766443344180028773678668854888
3445522448888441122557788660066777744337766550000442266228833007700110033223311115511771188775555885544008826102
544443388880066447788442266337722332222446688225522775588666611116677113311773300777700110033557764005511555500008211841
6446666225588883366331188111100005500335522660088557733334400448822115555112222775544114477228446871133016
7445522772222666655882244111188008888116622005566000044663344338833001144776677117777007788440066444422110035312
8442233224411444400226688663333667722201188210055443344555525337733003388777788006666007700481
44466002244883377772255775500005555662222882211552233111188773344114477007711338811003333001176116688886666332266408802720
44477882211551111330066118811004411774466665555224488662222885500880077663366014355772277775563373545820537170252326
44411118866883322553311335577774422665511224400337722330044775555663366446666116622880066001155221100008077005500222783876
44455334488337777001100006611446655441133227733335588667766888855660088005522882255002222338874336633112244018
40055228855004488111144333311007755558833886688773355336677220033446660882244113300221122774422225577888545618702326765177
422228822004477444433114488003344115533224588886647336655007766775577000055110011118855556611266606883333887788137
4662266885555114444227777880077338888665544553300224433550088448833337711331177003322800041001111857755616
46644118844226600774477331133777755444511005533004822880066881111771155552255001122116855688
48811770011447788661111007744000044667688225566335522115555112266553311333322336666222288338888558874554422780
488440011885588886644110044662266550066771122442277776600223388116688337733334477887744330177551144554442055532552281322
0002288330033114422666688007744338811110044772244550055113322558877552277336622116600884444885555446648886345678827618151217707177
02266664466558866778844774455004433668877113322331155441122225277330033444422440011483357220008838763777
066115566332211664477225544111177557700444455337733330011884433110088881144002233558877662200336600777744227718667266582
08811886677003377330022771100553366441111440244776622668822558844557755222744665555444433551133448877815177772161242323338
20077882266552277662233557721440066001100005533773311554477445555883344667755666688770033663388881188008853002133211121716
22244006677225511663344660011220088550077004488441155882288661177665555335577333366668433113305662455244
2882233001111008877002277332200777766884488335500056677880577444422116655336662447711775544555338688854681184313724012151441
6005555003366221166553333007711444433115566447777666688661188554488775588110068824400032202774422841377834
6225522666655554400338888443322001111445588515133772277116644222233663311228833573300005700778877774444880088660027667466841473433
66622111133001155334411886600557733332277770022888855004455220066887766551122284477555544880088267788338814042
688337777002255332277666600885522884477118888662266442233335511550055558805774402445544336877556811221177882203038484441104611141613
8005588776644446600883322110066113377335522665544777788223333440011445511220077227711886622225577000044338882466681530
822446644116611884400444488776633668833881122006622228866665544337777557733335533003311332265880088850011007700547
8666611664477225588333300224400443322777755774444226688776622007844113311221111551100117822860
8881133445522227755332288330033331177667788440022336655447744442244880000443211661111441155777055001855882255551644663
41122113344668877116622880088663388883322447722330055775566110011114422002277000066558400444482545
43366332222558811226688886600335577000022444488227755005522884455333300666611115511883344771177778877441144221044662
4552277443377663322004488444422885544772233558833007777551155331177334400555500225566008866668800003366222241001188111146713
4772288445511441155331188665544888855774433883333444466335500440022666643776200555522224130601818008002521
11144770044228866115511225522332200662244660077555566550022776677221133887733554444110033774433666688000344088833364
333008866332211448844440022887722334466880066664433888822005577000011112244110044225522260077775555415507316
555228800007744220044110011881177557766773322115588765500225566331111222244445544664433440855335511336611416848286833330373888
777006655221133442222771144116622440022551100115588333377556611118866003388004444331122068535772544548644763
01122110022777711886666550000776622336677440033884411446644334255887788228811775577008800555533551155632222024722611
033665500770000666644668888551111558877554488221188331166333377660011222288608844227777447713444430440022057732456525355
05544771177663355557733661188224433444488558877888744112277553311332222111155225500226677770040328000766600801
07777881188552233883300221155113311667711220044772266332655000088774433444466661144888845660055810066254
100330088662200550044222277228822668877667777085566665533111155888377552327113466117744778644557481614
122116688000088447777338877661111448888224444663322553355554433152288660066558277540077222266774643637333034
13300111144003355884433882233442277660044112244777788885555110088667755774466116622115533332200772255445500222268770000628
155557766331111448855000022446611666644554444223388883366880077006677774411882288662200884433552255860047221103771177834
16677335500888822113344227755778833117777110000223377668877226665552222553322443368115544556111441120118800538844630
177551155558888662277225522668855774455335566111166002200112233224444666655441144221188134477778877600377038822884488033315040
1883355003311116688006677110022660088885544005533662288113322333388222211556644117700114477773300772277642200046431225484544
211770044001111220066661144552277773366776600880022665577558811554433330077447722885566337711664411000033113322334422444877884
23355333322550088778811557722441144777766551166007755663344484200661111001133667266822
25577664400446611668844336633112277330033550000667722118811115555665588774411770077113344224455444862220022885533788
2778844115533665511661133334433221177556666881188224488552255444455776622337714770000880065888877774288638833101222603352002
30066887700775566774455443344111100220011881177773333884482662244003366331133222466660007665521664145312
3117744555566007766884411335500662244221155881144333344887700444466116633227724005533867655711180264
32211887722007711557766883311334422447744448800228855556622773333778824551166112700558888110044330033553366338655441111760
3550088882288444455664411661122663311440000442222103322447700553300667766007777443344666658773377148
36622888877008800337777556633224488113333884455553300557711116655006666004422225344772277361177641122110444640
37788550000668866557755660077664444774400220088338822331122224422117733662255115588441111001133553322804433334455226484614165455183027
388335511776633775533007733334400228877443234445588668844222255446611666600008822001100452277111155777702114266224647278
5002222888877331144446611555533445511880066226666774488440000113300771100883322004433660055770033886544224477811164112765272
5112277442211006600114477113322008833338844007700331166228822557722330000224411555566886644554444888877335522285533443360577781775184637
52255663388774411440022220066448866550055776688331166117788001155884433224422770033008811860077226677337711004777528666236121335113433
533332200225522664411668800776611881144667711778833444488660017003377336622227755777722335555147746330055466
5660066882211558800770055110000446633334444117744223355220011331122885533775577225547662222665501888866173
5772222446622555522330088444400336644338877007777665500667711661100111122881188333511760055880045688868253
5880011551133552244885533336655446666004400006688447711228877886622220033110077557733441177770088364444256
6116633004455442244006677114433666600338866558855668844447777446622223311228811775533550088001100551188333345226648773822515111388
633884444664422334400007788555588880066556600445511881177443311115500883377220688771162557702814
6551100444422772288770033008833335500111144118855661322557733153455880022166688886634324522007777822266254
67766665566226611228800222255445533888844003311442277110044885577223366886555001111330088333322117700007777824
70088002233117755440000441122007733557766005566777744333344771108664444662244551166558833881188882288466613026
71122008811118866110066222277334444887788446687226666335500332233660022856677664477775533774410452213857700751
7225511004488886666331133885522445588443322337733554466774427118800362611114416447755777780776065300
733555533227755445588776633002244338811228888225522226688003344118311448655115500001100444200533366221722366640608
7554477114411667733335555336611227722660033883300662200557788002211115511308888228855884455665504886644666637668427470
76600116677882200771177226688555500665566444422777733337755443344113300551122335522225311118800447744884400008888666632115100203
78800003300775588556677336600888877668866113330116655225577115544555511110044882288117722112222662277770422450
811334411117788331166007722556677338877003333004455000022336622224488442277554444337744001100666682663522851
8330055335544112200117766772211003311664477115553668800660022288866661133337733844633477751404
855665555332277008866111166337711446666220044448833441188221155001122551133660000777788772288002222667755223422440055888766474
87777444400772277554488334433224411442222882211665577884366226635888811886666110066880088552200223536003555005516467010004
044665588002222338866001111666688882211335577775500331155551177110002884477225533776677333306336411844
14433004488117733666622777766883377447711000066775500224411118866444422332222888855663355333310887788045522661577055516554846082
244552266884411775588220011555533000077336644881166550022225566660088335544006622111144337744776388004462777788512
344007733883311774466442277004441471122880066887755882222003322555500118855772606551155263377681133630
544887711778833001122661100775555333366770066663388886600550033773355880044015522774422014466443342885577772241882233221135122
644223333440022662244330066772211004466113355112200775522885566005555000033668866641188777711778888111160882277458841422705776537354
844885555224455772211115533447733228811223311776611883377558622550055660066665044663030008077774444227710140022670412022
444333377557733440022001122887788113322336688000266117766065522558888445544115511446644862244277665331101856385550354730
44488668800884455556666770033110000554411337766006633881122224466221177334477778833330011115511664711472255775530227740458522823502620
4441155228811331144663366224400888877220055557714330066667733334455660033553322668866123377000077778800284517674540438015058
4448811778877332222557777661122006600882288885500337711338844552277002233330044774466775511886622631111683588054
4006688117700555588000088335577884477554433114466661166551111221455667744182233330074224533227222026523738363450
400337744335522223322441155776611334477773366663788114466005532664422001700002288004455558855665544462218225868384
422003388331100224444557777333377117766667755551166448866222211552288882277880000558841335533663340774111256600414
466444411118811778866000044771122774455882211003344880087773333662255661133222233552200550077665555316666726634228400668245102
466118877115566442244331100770033222211337744008822552288558833886688406633667755553355777733330655116605014
48833558811112288777755113388885500001188226611667766555522332277117733337744447788443344664420336633106
4880000333377771166663366770044334422338844445555224411376611115544665588887788382200110022221122886645751175356
0004411338855553366006633223311554466114455177766886644221788881677228822225588774477557733444488403333002200152275635
02222441177555500558855771155335522777788004466774444220011662288445566883311000033221122666300825544038
06677003388883366113355227788224411226600445555880022881155777711447728554466663300007733444400116644256688665621884741017768775
0880077551144448844553355003344661133005566338822660066772222777766228877441166443188668838512111540424710178188
2001155440044774466222211444433883322888866558800333345227722460066887755117711335500555533000841112311873377876
2227733881166665544558800444466448844115522887788553366113377443333003355777700771177550088332266334188811100112511467600262
2667744666688884400118811770077223366443355665577776622444488225522112200222711554411445555113344787584203311608000637040533303832
288111166886622775577226600225511224477770066773366441155880011887788334441337711774226110000488855550088463333107
6000066776655558844662266447700777744336633115533551111442255440088228833004488001166110033220055002211223333885565222455778867337758141443487
62200110077444466886611443377664400885522115511880000447755773366331822227722883333223388855582556655066604870
6665577772277884466333311552266442200004488883344337755445555885511882255601111221172228811302240708870305061086168014
68888001133227733116633335588772255776600553344111122224477886666555522337744667777117700228822115511442266220088448644556040350060754
8003344778833228811112277001144220066444411007777443375552266882844000044554488553355113333886633666626008881846
82222110000776600117733555577448811880033002255446686778611220044224433441144552277553322336655664400844
86611663388777733667766444433448855771188226122117700225555228888113355627722442200774471445533330055400068404
88833441100118866880081221166442222835533371111443677350044446600072277552244777744062255557766556666170
411008877776644000077113333770044778800338888442266334455223355001188558866224488372255556666551155474600227202812211417221116
433881188222200332233445544887722550000665577440088331144226666335511116688884446221133337755552277778022812247604
455336644228811772200111122337744778833331166115566886633448844446600008800225544005555775511441182443101373707671
47755662244338855887733441133772255445555332288444788661100660000221166880011118811220088331155117300457656663670503
1117788770000443322227744115511221133006677775555660077337711002255335522005574668800336622663333114400886666554444888844524
333224400662266883388000033114466116644441177887766770077112233008888118822554477443655005555663200252
5556666778800553300338844116622001111223355000088333344777744442244887711770022772222114406443611888262528731075
777112255774444222200662266668811337700446633887755884488008866111155440022441177333300336600551100778855553355683313221722747
01133220033553344770088556600007788771188223377776633880066228866888255441177331111226611448503643301021152240424546443374757216
0332200445577441144662222665555224488336688442211550011228811334477556677666644443066002407251718680877770855473885853
055444455116611113377440022887777335522550077000066008806447766222266781144332211224422731188884411030
0771100118866442233550000333377666600552222553388880022662288117788440063441144774455443315777755882244804
100330077446633558855771188006611114455552233447788448880221122220000443386556666226677660402428646825277775737270
1223355775555666622442211772222552111333344885511445544665811883300338800007788887711008826886677006477776434140
133444422118833335588555544772288778800557744882266556677111177002255332233884411661100443366222455103000807010664506352606866
155771100662277222211663355008866551111224488331177556688113344336600773388884444114422661188223322887777667784552207464
16633665555225566224477666611002233331111778844554488222288550066777266000044118811334422086648335533080
1777733225500221122003366771111330088444433334488662266335566885544558888223311553384228744000011005522770077222665175
18822223333880000666644552200334477886600555511554400441133773311116622883611446677774444324486558426356685776505370711012721775
21155775588668888338800554433667788556600007744502222446633584477111144004877332266227777006611666640865101318
2338811008866222277667777006611114422448844555500412266002255228855330033556633778877100
2551122118811667722448888007788552288335533114455005588227744440066220033771755556666000022663366146684332226504
27744668877008855441155888866448822007711334400225500112222444433773388333355336633114477884455552285662654276057506323003770004
30088550055771122111177337744447788220066775522886611446666556688000033883322333344336633110022225555140
3113322336644666677448877334400665544111122771166008855004455776633338888110033558866226680777755551477825532120
3220033880044884400223344222288887766661144112244770066557722774455886633667833335533113370008011668305452255156622150
35566770055774444553388110000441177221133776688773366443322228822442266114477552270306655558888666188001110884
366001177007722004488003311882266221122330088334477558855664455553355777733368866776650644431441167446888442714081
377111144446600555566558811886688220022117777227755228888006622550033664480443333445533554422441106112224066633132
3886622772211113366446633228877442255445588883344112222440000880055002845777711776677337705116611452
500221188224411448833663311112233445522777766113388110077551155333355880011668888442222554477006677444400885044337788772661700
511773377553344006655778822338855552266001144330088772288002222776666444455005566771166331133524488332200007744111188642
5226622447777116688554455336666551122005500446633332222887700338811110077880000114444337722118822775422564418440744876
53333665522551188668888002244228855882233114411775566776666440033771166111133877745773011006600412
56644665511443366770055333311778800112277220033222211554488661133883377445522663344225500224411110044482811885550684
577663377221122770022005533225566665555117755224433336644282488114400334455885500006600110088338847115541330787774
588881144557766332233448866110033882244773377880044220066550011227744333311883355116600044846228216855525336646667777170307554
611556644660055117711002222884477008833550000442277225522338855775544532266811122118444107777801
6332244004455662288003344882200666655335544115588668877005577555508881133331111773377444478443121446184210
65588002222553311778811336688551188771166440077000055773333448888666611442200446677775555227722115560884455030
6778866557711666688338822660088551111445500662244110011552200002256448800447766333352884433442233227733670133040223712
70033661144553322778844333344886688008888554422883300551177440066221166665555225500224411557733112200004442376
7113344666655337744778822335511885555006633003333880077775522668877008811662255801111536277341144222211220044502
7225511226655002211775555664455448888334444773322884466771155776600882244336622377788770077405538000066886611601
7331111666677002244552211557755665500778855446633003333883322335511448822004477462288455580553611771122227722564
755665588442288113300006688885544774411222266223355338877111100551155001188332211777722444277008800314
76622116688553377883366667755227700007777223311333355660033880022006611114400555511888844557711558433446655401172550046332262428
78822446611114444226622886666338844006677774411885577668811558833003311333355110011223322227555645528880088750044305
811886655222211774455776644113333003355447755005533444433770000660011440022778800773366668855558888228844220044883388715561223322546
8332288220088112255006655333300551177662266661155227755880011116600222355444488886633113344337711441105664466847787255
855112288000033443377338844007711881133335533002222447744883311110088668877750011445588227655552255442213226622346666157636067206488
87700881166668866334400771133003355661122447733117755110055220022662211558888550000664455448844446677665577443333880011432
044668833005577772233667755222244558822886611332255660011550077884477111122000033110026441184006420870145438513733
14422115544337788770000888844662233113333558800555566553388227766886611112266330011664411771180222283220511040455044
24488664433775500228855113366552251544422112200888811883311660077000066227777117733001100332456776633882048014113468356633
344223377773333551155881111882266225544660077117766338866883300222277440044361122888870885522105555380575620842450
54422880055111166117711557733558888552255008866553311330011227722660077004444333366338877556677884455564407774477682463732
6447755443355333377662222007788551144665555770011338877774400884422667166332211224444888866006666125588223415604
744667755226622335566443300776611778822550055553388336633777700345588666600008800442200665511554408557722224444884411668471411101218
8442211554477330000665500558811007788557700441166443333663344002233553322225522448822044468771111777768345511280861456881813
4445522662211330066000033331122224400553355114433220088338855004488880077882666777711665577447700254466864
44433003322001155448833337733442277770022335577224477666677446622550077886600440511661144111133112811063367117844587
44411887755771122440022770077778822335588664466220066660088556633000055553322884426550177438833331111013378014
4446666776688116655445500335566447744337700775577772277331111882222663388332288000088771155886622117788884122001100506
40055446666773322331111660044110033337722007788770088447711883388551177442211463366550066226645335555225587576
40011228822221188000022553344558855554477556644442488660055008877881111331166773333777766661177114433663328446627041
422666644773333001111883311555511445500225577448811338877558888221166222200778855667766884444110088005533554400663377124866103360470773234
422443366333344558811005577554400222288880000448833118855001111444466538866113377117744770077821156006622026
466220000667777885533668833118822884455660022442433334444881155213355111144108888774477337766338866407
4666611113322333300007788118877447755337722225588226644335566331177004400112244884441665555410
48877444466443311441188662244228855668811665588820044005541555500770066332211222277225522333355330033826
48822667744775522771122336666117766001144556655772222553311338866228855883333003344442200002211008842463180415
00088228855446622335522774400220055777755886600778844881166770033887100666633668471333322665552221122511183714
0227722224411225500116644448877553377330088331111556688880077774455770033440055228866663366558822078855554477614433218
066448822338877551155662222553333661100886677774477613311443355220077337722641188834440427711778577002211224555005585400
08800445588443322555577117733001155447777661144887722226677551122886644446655668888500666216607882344038833337633613353111
20066663344775555881100115511221188443377227788886600223366222266885566553355000088228322446644448033141
2220022776611444488225511117777446633558811662233001155664433773344552288008888553388665555005548332241336600666267510033318
26600665511440055770000228888773366332255883377667174445566227800331133548811886611234
288774433117722006655666600335577775544225522251155885533338888110023444477111130778844886688208044114466116620118767300507055
60088558800223388446622883300443366771155224486112200775533441111777700557744773644554401368661410181655505651
6220077663388881133111166554400557788001144667700003322774411775500885533448844771355552255666600664687222283623022104
6661133332266440011227711556688773344225500663355770038111144374455444242118855220077888842386600880000277721782
688770022111100334400557744225511666600447733881144445566226611880067555533552222772244115508554843117788230327112367633
80077114411223366116633442218662288774433557788885516444455332244665566883300804477554400127700333385550055848025206
822115555004455223377222266111122446644771144334422880011778855881166663366227766777200733314148
86644220066223344557722554400001177338833002266114411550055331133335522111877008800332277148822888855881444743
888775566227766446688440000226666777711221188001177841100447744220086005511443333444482335533124455225577332226154555850653738366330
411002222332277338844337722554422663366112288778866448888113300331166774455775588205566555510446440770088553355277710106
433110033774422772288555588882233446611117788000022551122667777336622220011332244556655444066668866018877550166481767170525753
455661188330011007700666622880088224488773333557766558866447788440044114466775544336688820005551266327777160
4773366664455118822888800221100881177007744116600338877115577553311442266886611185555444433446655667766335522558777837722440044820000127
111775511666644888833225544773355226622770066001133440088555566336688443377114444220022221100772288223300338811224411887777461158000057876
33344556666114477220022773366221133771100667788775522663322338888443355444488664422546000482288015
55588662244884477003388222211223333554455336666334444114400661166771177776600774422668800220088881188711150405
7778888668844553366337755115544666611667722664477334422113388330066220055776658222277111122860011770077441144348021000041803
0110077553300333322337744665555224444118888227777335500881133660066220000558844338800226688661111667788771122557722883566304452185226442667076404748
03333112277334422446600117722221111661100662266447788777744414077555588885577667710456655484377086638050835152
055665533445500668833667711886644887722001166228822113311775555443322551155223333003377004444774467773388881111424
07755226666447722774400668822554466555566003388336611557700224411667768110055118800888844331111221133558857333348637
10044447788331111330077112255441166127700886633334433665588885512887744550066226677222244223384664480337023235686005660100
1226633552222776622440055550033334444666688208833775577004421888877286655881111661177880011441100771133115323830456067484364
133886611223355440033778800555577224411001155220044331177776655114477116666774422111188222256333300008833284444885644645
1555511006600776688553344448822005544113322557711666644337788002222330033112244775588446655228877226630883771411
1665522115500111188112200227777662233778866773312226613882755330044664455770088000544158877443333663324448844088
177772233774411887711336666333311553355667522440022888866885555882200884488114444222215446044334458330033825
188556611778888770055114422223322777766774455337711335500001100448822112200773344443311554466440666225522884833665555760
2116622554477667744661133880077006688334433775522005566000044445500331155882266448811442233211103635333041717872
23388336633002244668855333355771144115566221188220055888866004477227733770077776677887755008800664445552541661131110
2551177665555221155662288773300883344226688880055778844332277444488671111333311000077745548118855882011602
2772255440000664422880011443333666611886677770033002211115511223388555506883322441222053315884268871787574
300116622224411225577883333226688444422334466443366772211118800227744885511777766550088114455552288882866000877556637310131558617153705466
311771166448800666688660077773377667700330044334411222255335555223322001133883611440000221111554455844
322114411002266001111778877662244442288884466667711668855661133880033440077227755006655336048112581854
3555511226633223333114433880044664444115537118811320011661111008855777755007766882214228866772277006666222244088847452
3667711552277888844883300557744332233775566441133338800112255007766118877224455558855440088110044714
37733336655007788330055885577660000662222777700221100884411888822003322335522668877553344224444774466772288001133886644856666304
388114400225588221166772233557744118877888833332288446622001122444455660044770000663344337777111177664488661133622
5003311776633887744446644005566002211668855441144770044330011110088653322880067222277112254533377335833484
511005500001155885555771166664422775566553388333344554466774433770022663366007733003322008844112222447488004288611188714
52277223366550033000022555544448855882266884422001144666611117777112511663377667733338866406
53388557766332266772255116611336600552211002277883333550033773866665555448800882222384422007777562244664450444410601
56622555522005500444466663377113322226677888866884455775533558877007777330088006311772288543188221111424
57777881144552277550000332288222200884411661155553344006688880077443366444488558877225566770733554422330661221133331111083
58833440088885544666655552200336622113300004477118844222066443377331177441144880166333355332766170
611335577116644554477774422008811770055551111226677880044614488707311001155884411882244425533228855223388333373602
633334433554455666688000044448822667766007700338888553311008844113366552222772233220011221166442244074
6553355885555000011771155110033113322336677770088222211225522661188666600773300442244774444114406883333888722037751646
677004433442200663377226600777766444477448888555511005533661166554455668877882288338841225522227000330081558111413333518
7007711006644557777330033884466778877220088332222113378000011114400225500444488824433441122362286115522760
711551100660000442211440033776644774444555577558877031166552244667788668822885533556411118811333388332222012238084
7225511555544226666552211330077773322004433550022441100884451114477886600116611887700663377664466881172880001223388336674885404488622227
733334411776666446677558811886611448800113300888833112244555544772211004444227711552222807777002200674403532
75577664477883388003366226655554455006677774466000044220055663377330088661144882233224688407722770011118811028888731
76644663333227711225577550022334455331188110044447700008822228833885588442266556680555522448406774433551144115546117777220626066
788773322224400445522880022774477770011772211007755337666246655115500660033008844331166111144112811888866748
811112277226622228844223366888855773377776644778877115544332255550066553344001100004444114466002244574488661133330673538213120
8337744558811338888448822770077226666557733661122118877554477664422440035004411110011771146222200605
85555443377224444226677331166661133553344114488000033332255112277660066228888338822001155223455881111884711005577778500270077456
8773355330077772244002288227744662233220011445511778888660044113388447755226644885555444155665580011126761
0448822777755665511110077440055884433778800008811333344403322221188668888772266660555225506431122883166724
1445577555522882200667766554422336611113355662254117788583333001152444433440044660033110000773377116633277700208
24455884477337700223355000077772277117122660088228866113344443333114400441166846666555566242
34422335555227700226600330077776677113377883311008866333388444488557722880055114455888822556611775044666652441182120
5445511556600881133666633442200117711447700668866226644684400444255774777885522223322488833882188711161231000507023337
644001166887722773333883366226666775500884477770066335533111177113377441100444455118888552244220000222288115466112800778823432
744338866663344007722001100335555442233332255112266115538217766444466881188887755885500660001667738371111480
8442255777788221188660033004466440000772277008800111100553311222244550833223333773355226622043346771135116655463
444555533551133664433111100005588550088667733222277003388884422556666557722663377440044777755221144112244615541682
4448877886633221100555533446611447733337711557777000044118833116622772222330033550022552200885588024433664426551133884455412
44422112266224400115566446633111166632233682288881144885500653300334433804411807722777740573751070202576227871
444880066667755228822668833771122223322778866336622550055333311556651110088118888446600001144777722002211330074116244004454285
4005533661100447755222288114455000088558833001155448844666633331177226622006600776677773377116655778233851
4006633772266550011774433664466002211557755225588113300778844227488224411886666223333556670331100044473812
4220088883366772211225588666633551144117777665566440055006577444488007711018844531153778877034
422773344445511110022554400886655880011557722228888114466333311661177884477007766005555664488553355026677774433768822338201241
4668800114422336644116666228822443388115577665522558566771100550077775511770000330022004400637783226271221112233353134
46644885588887755227733330044114455778822807711110011660366665544034477772211776677037745115553561136224
488008877338833661188442233006688116600110000447711554455770022777766225522113355331122220855886288224444334411117744046145072568851787555
4888844550000667711555522001111008822225533551144446666337733447788665544007700221177776626118811231133338833068877456
0004422116655443333220088884400224444771188115522887777667733557755663377845533803300770066661133455511012
022445522003388775555117788331144447700884433558822334466330000667733307766448866668888026611665111071182825
0661100118811776622555566665577444411552266880055887722440022223300770088443366448833553331667711114866012755054738578827788
08800221144661188776655553300444488883388113322884477337722223355006622442255775566336600041111771106831161534
20044880066775566000033883322663300881177771166884422114444772244557744335544666188778822334411036888658853111153740121333
222333388000033667733554411114455112266331177771100550088553322772288221188334466006622440015248814776617464656807660402
266002233225500003366887711773300880044111155228844334422005588335544770011007722445511886611337777446677881122114488588822231166264
288338844006655222277001188110077663355887755778888223300334433667733115555660088668544661144111166664477224422025
60022116633005544556622666388557744777768332200003355004422228811880088224400117755551155248061007787111124346441314
6225500006688224400331122885533883377884444551111336677226655663166441144888811887711570022001100780
66644883311337711220055006600004433225544663333001188003388440022428822117733558811116611436677668233472267522
68822227755550033008811776644663333774444556655880044332233441100552266662200111188887700002211331122440077338833671844272
8003333882211112244335511777722002266446655330077001100881144115555005522334422863311332222571
8228811772244227788663377112211556600558888446622551188335522004433330033665544007733114411334444880000664477001533226666745573868232261020855
866446633881133776622228800003300443322001188448885771166111100807722336666552255331155551122117755842277773355044
888441144885522442288005511770022668877881113338866223377774477335577666677120077250000664400846633003324553346104
411881166777744555577554400553344330066884488773377801122442200222211000033850046007700856611776666426
4338888224422333355222266117722774411663366660055773300228877886644008843225555115500112211110040770066220766514
455113344000066004422446688667755227722558877880033110011444811222233226655777700773377663333554366221188330022088828415
477550077446600445544441166336666224433220066777722226611228855882233338833003355225555114055300027001766486688778887357
111442277447766448844330000110066886611882244556622338855880088337722115500777700465522225577116601228322036345131
33322004433445522666600336644116622115588551144773311227766557744430055000022882222470066118888313
55566221155330000222277661177773344667788223355004444225877570066337744771144111644338844003888586
77711000033114422113366775577334411226688338822337766555522006611663333222277224455330088887788662255002444318800556600747
0118800665577440044113377221100002200551155446644222033116666333366883344486617667757078847185
0333388115511880022226611228866227714330000884413224466555533442200668888557788775588335566773377005500776666445544740
055665533221100440022777700113300663366884455774466222266661111773333555500883388552255112233444437103075458202860672464
0773377665500002255443344116688331111004422662288221144001122338800888864885588778844555533557755630032005247006187774
1003300881177441155334433113355004455222244665588885566668822112277771166776627883388000055557188740
12200445566440022118866660077333366771155003344111144775522553300661177001164887744224444632277778800888823772133583310584
133442288335500880066227711116611556633222233660022666677664477338864443377887777557700774461772411218888253588154
155882288334400552200776600667711668877557722773355117744443311114475445500332211226655666644888866138846225535501088163048580
1663377554444772288226688558866117733335566005511883310003344336644666655338844552277448877667788124412004422330256222
17722660066553322446666116622881188227788880044443344554400203377447755557777335580551083831
18855773344336622661111553300006666551166777700227766445544463350882222332288881177110077221146004242520
2110011446655338855887733666622660077884455113311886644000088228811115500557777222277663355441120661800333300268433744
233005588773344778811227722888855443366221100667766552200116600222266333324445555775500880000448866840077003411115511346
255668844114466667777880066558822888766224433226633771166008422001177331100330077000044002233334445350541352
27755441122113344442266552200223322881188443311448888001100004466003300662244056677778877666688664177411
31144775544668866333322884444551155556622001122772211118800778811003355888000550044226600824655330026474767077
32200440011773377006633662211113333116666550077778844448888668822227744554422334522853575812265624511855141015
35555116644331133666611228844446655220011118833880077003300004477558888117777114400223322221488226633773346087788586767274
36622330000448866660033444422226655888800554433887731772255668811350077882288541111221154001100667711427777402087075
3777755882244665544772222776622883388884400885500551155556666110033336600443311334422117711225522067702668444118454814116463
38800226611444433440000337744882200775533332288116655445584662277776633667722221122466600664681005500818
500557744228833330044664445223311422246886611113388000022115588777700778822662255434033663370666678460856517811610121888
5115566331188772200008833441100226677111133555533886688112222884422776600773322330011775522116668557788882255880444624404374
522224422002233665588226666338855114488660077331155662211118833778877227755446678005500003322533344001166441100481
533886622663366441155445566882277118800447766660077220068334422443300221111440000112055557755103
56677224488776688882233553377117733118800441166228844227700338866663333660081332266550022220053006000110071225151445434047464411
58844447777888866440022881100882233811122552266114433554466005566667744116633668244517
61166554444551177558844777700885533227766222244110055000033446677221155556644001133778800220066004433338866336688211144842
63377005588448877665533112277334466114475440000221155116622444431882200881101113855556644552255767688360
65588554477881100222200443344550052771122441133221154003300001177337766667722331188777744462266111166007700888866468848363
67788884400112288668822442200448877202033665583553377113333115511117733006633841166118466660477662433444455775555064525670543277
70077332200337766338800553366551133447755660022226611887777114400445544115588555500664444888822327744628810124217225087800
7111166776666552277883311228811775566880000773366334433005511333622225500882211002244115877220422348888445444640
72255113344882277117744223300885588333366445546661155776622000011884046775681114733126222128
7337700227722882244886666114422223388005522551111220033004433664466221177774477688844554440885588134
7551155223300116677336611117788771144113388118822446633112288886600007744776664440088002255557777205533554455033375642
76644113333220000335500884444004422226622774188885522881177887711115511283377336677756611663345338545857683166
7885533008822440055443344225566887744666644771111332222007777228888662277335577002266117755084444115511660555883333780
8113355001188004444338866220066005555225588887722775566330088446655776682110000332244777711778400223677415511264
83300220044772222666633776611558888110077111188443355336677770000668855665555445522551133440644442244687572738164817411228143332213123
85533663322662233556666007788776655004477445088334488884444227711772288221188661111664222401140500
877661144667777444400881100116688224422775522888855778866222200332233113377225533334600226155884300021505654835580
044118866228877775511116688337700774466113300667722557733664455442244002200001144335522331128084555885533338825681
144773322881100448800664422555522662244116655771188770033772277550055885514435533336633477788266
24466776666336644770066007755886688000088778822773344335500117774226811220033004411110055444408883388421133728
344884411444422223355887700555544330088113377668866445522774477115566773322665400778800002246001366362618582758372668804030677
5444411225588886677775566440000222200885522116688446611445500115555331133228800447744842233330067124
64488551111444422007755667788777733776611224400116655770055550000221177222288226600446688445588335533662277115522554188023343031
74400558800441166222266118844448877330088336666552233775533110008557777220822778811333322112255668888664466724421534
8442244774455331144661100882233444488555511557788330000113377660066770077772255003546668566358
4445544888866447777443366776600008833223377220011331122882266663333881111556622225511702244221108053345016142718
44466448855665588881100886622770066115544338833112255117788002244557766336600003333007733777711335233282
4441188335500665522114422557744880000332244664433888877770011228855333300778866661155116677555588111177222261002275447314540
4442200330011774477551100777700448833771144338888661122113333118800227155558811116644006655662288226685023355336255424
400882244664422887766221133448800771177333366772255552277443300557777554448331111661100337700004533288855884655150605668
400668877775555114433228833338822554488117766220000337722115577111566180044446600770055001244252
4224466441155886611000011778811660077114433665522668800666677220022775555776633554455604477728844888833885188721
422776611772244448800881111660000443311332200335577115511222288777700226622333300552633446644110475083366682
4663333666655116644884455440055777711442255338888555500115566773311882266881122223347880022887722111133552247683300786
4665566111166663366885511331100555533447777662222775544224488337744118800003333004455881142887733888842006677007722332255771640802
48822550077331133554422662222008800114444003388884477110000556611115555885044667777666633660177043333486658723372124
488007733881133330088556600114400550033225577664444662277770066553366118844112222111155552233554422004455888833443244772285178
00044880077443333115588775533003366557700225511338888667777668833771144118822112222772266442288552200117736224477860466661166311105640
022880011553344888855116677773333000066004433887788224444222255884411227722118206447715776615556627066
066446688004400117733227766778888335511442255444488115522110088557777503366111188772222882264770077434
0881166554411000055550033338866442200117755773366004433552288006688558888224488444466334401337777667788331147011
2008855221144446644776611660011112266554488222733005555888833880000334455007744002844115511775577778877163
2220055880011112233114455554488557711887755008811521133773333884466330033447744000022444422662250441606761
288333366223388778811444488661100335500551177115566447700776600885555880044332222552244553311334022000061227722618161101377477753073
6003322000066445588885522772233666611331155337766333388118822221177887744448844114422404022555500886355701
6226666113311116600663377550044656422772211443355880000776744553333883300332244410088112707773848885518682548755
66600221177110055556644772233006655222277448877332244335500444428337700778811333311663544500011114800382
6886644336655444400773322225555338811001111442211331177000022887766112233003355663333778800883455775500552277224855184746260586766
80066332222444433771188226666778866004488776644223300775555335511770011556655774466883366220411661111221133110472558285014
822550022000044886611773366772266881133551100116666008888330077663333880655775555445588447777111122114411564422332244670
86644223322113333553377882200558855443344775522777722663388380011441178784466228115144455668244004480322616760
8882233886666227722000044225511778833557744880077775555228855887766446611884440556655330022663366006672224122110033213341550086814
4114477118811000088337788558877331177446688225544004488006666335566221122442222338722007755770011665533661155113333443325244
4337755773355558822225533007711667722000033331111221100668888114466442288444477004488774400550011334662376777817080226242752515456
45511446611777733225577448844443355222266550022772288001100660000440077003300587766667711664111337753118811263388515
477553300882200667744888800004444226688338811661133446600336655114788772211555522550022223311110011224628517860737843235053318
11166661188883355773366225511002266443300331155445533338800778811222212008844470066332233476688228855224672700
3335511338888331100003377557700225555005544880011226688776606777733445588552211118811761144442244140
5551133224488222211112200557722330022884433667755227700881144447766338866880000666077333311554455334422617461083
777117766774455770077331188666611665522441000554488008816885513228833555500627782637723338033643307542
011550033446611883333663300887700558866444477228811666688557755117777884488006622007881226672338533756
03344331144222266228811667722446633330011335544771155778822774488451100770000668800550045552776556606461111266
0556688665588778833880088551111882244332211770011002200776600004444112233335522884422240577553545062616667777263
0777755332233555577886600550088228811118888002244334411446611331106221122225511554444576
100007755116600884488226611440011772211335566880066662277332233115577771188112222442255888833002433885457076747837343633
12255888855118866444466663300337788336611007777223311335566887711170022000044005500167622880655553322627452221474841
13311665522442266111155112200880077448855773377887722777711776688110066333366667755662211882233553308446605550455847704025544338282232444134
1558877110011660033113344773322442266185566446655441810550000883333775555228822278866880027445776362666743480706044440
166007755338866774466448833118800550022332244440044114422113333552255551155778855887777000088881100330066882633772346171736562016676
177001122773355338833774455556655004400007777664444330022005588662244880033110066336677111166113333451185421153226606823661428
188226666881144558844115577551100337722885566552277778866771133002244000044443344663355420011117700774600833311625061221362338223205
211006600773377554422884444111155003344664455668855224488661188333300226677423355336633222200008822713311225620504656680878117148816
233888833116611002266443333000088114455447755111122115500772255224466240033668800663347886666013
255778822223355556633774488117766441166113311558877005511112200224444338800114455006666773344665533336688330044003777586622126
27733661133555522224444551122332211557700447777114466448841888833880022008866662255003300660333175547628
30044115522224400772200555544442233338888553344775500228800665566887711001111448844362211227744500
311668844882233552222005500888866003322665544662211551111330066117722847777844422775022443344004333810666364
3225544552211330044771188335588443366224411223388550033778877000022660077220066448811056666555166768404222281444466115
35555442266225500001111558833443336661100220044440077882222447744551122887711777644884466785520557188881148006
366002266335500668844882222110088664455556666770055772200441122880033225533442277665117430077888833133
3771155001188445522770077885577558833336644666633886600555122111100002288882200444433440033223311330066776611665266280
38855113366778844112266663344661144556622004433335500330022110000880055337777117766887744057755228831855542423
500331177885522112244336688774455881111440022338866555888448822004411000077330066662266770422728606463
5114444886611662222660044663377008844771122003333667722888822110055002277773388774455778811885588068834265546466
5226644220011881133667733884488221177447766111122771166335511004400005566558833008855553333444755003322557722278888702
53311770066222277776600333388550055221188220077443300110044041122666611444422555566558888336688663355773322334488145
56611001144228855440022220000777744884411115588882266667700886633660066224377833311330033250045212
5772277111133226677883366338844337777552233556666553344222255554488887744751144118811664466220011221822880022450033330060486853105
5887744557733110022223377004411446622666655220011207788444488116633883355118888254433440644742
6117766886633660044110055550077442222662200884400116644772277771188558888223344552211448322567
63377885544331166551133440055553333552255007711888800884466115577336622000022886666882266441100330044447755883388777722223175621
6554444112222883300332233118800662277000511557766886135314477443508117711646522542218226722048888778854540
677668811555544552255004444005577887711885588006600332277442266113344665533777566224411663311110011447238400
7001122335500555588663377113311884466660088338800003300221166867755664444853344226622772222576611007777317781504
71133887744221155881177778855667755553344330044665577001122332222005511447255224488444400206666337366445544100080761686203313560
72211556633661166002244113322338822006677886622551100774461118844775544008877012222671883442283753572758
733118855220000225511334466007722881155004411447788664488445544333366883388887766337777442244422266553276103570123218267626680080658055556
755112200005533660066444466114477337744113343007800224500886688222211110011881173115522555588885543223840426162728
76611224433000077442222662200227777004411116633880011887788225555885500666644553355440088113366728863446441084318332
788551100007711334444660022228833667700881122775544772244880044116688886611555566553311126633552013264625037663038573358
8110044778822443300556666557766114444111133227711883377770088884455220011668800222255074422885544887676338866226605333346417585535151221312336
8338888117744555544116677228800775566225500331188447783336655221122332200224444334400442600551111001140861
85555886600002244115577772233775544550077888800887700664488116622228844001177665733521111331100333344774466771300463388220
8777711223366663355334422226644337700117733330055885522447788661144660000220033118822554444110066888077557744556044828
04444773344553300660011661111777711005544225511552200881144668855558822887755002233883322226622112277888866665377440077076723533363118804313418448
144887722225577770055110011227733662244554411665133002211588844446644337788663333883344776677126688003312332282008747504610660070066
24488118888554400004444331133883300661166662255220022223333663322111155117711046677665566084
3440066337744665588668822667711118888551155001144113333003355553322224444887700225566447777660044331100007733608234575121642781772
54466443355773322552266550000884488221100774477778877116677666633111155337722223300333388883366880022001174086611312
644881100333388004466111177115577887700773377774455442277666633225588221188665500001144731122336888330080224
74488550077333366220088223311334455551100228811114444005533770000665522446601558866668888343414257766447777167788772635461847580
844441111661188556666774488224433550044664400888700221122223322663333110066225522001366553377668033805517534307771727873
4445566770044001122334466331155008866118888776644111100775555885533554488220377772266557788338844751133336666052
444334455005533774477222211116655113300008866227711003366004466770066112244002200755522338800142258441858328872682818848
44433440077773300008855113388882288336688001111552211663311447755884411886622227766660022667722005500332233557700617745310
4447733002233114433222255226644221100113366111166227755885555007700883344556688777788400066551033776600504
40088881133884488664477660066333366772222110022003344330011442288777755557711774455115544111122550075218
40044110033111122882222336611668800114433772266335522777766218888550000666677884455883333444423270055557740881155660071738875113540253
422446677330066662288220025668855331155770088116655117763336744554411444433550055880044775848687328838181210343713
4228811008866882200557700114444117733440000661166226666554477778877558844664511112211822233224722563
4666622333388005555331155226655773366445588776600002277006633775244330033444211117711001128113841404
466337788773366221188880033226611002244777755552288333300111133558866006677225500445544331155338122000056508666844422248
488447722111133557788771188664466000055007733117777661155443300116622663366775588882277002200868144441122224422853333765
488550066005511224444667755552256884411002222113388883311582277771177007733778433330033661166332477462
00011118811228888221166770088002266555522774455447766443387337783441133336635666600668500557755304444815584203
022667755773300441133884477663311222200777711778855444366111188774233551142880000881100666600332245221566825
0668833880077337755333344885500442211228822666655886622227788114477446611667722556600111133664055552700003100851155471
08800440055552277663322221144445500006611772244226622885588118833335544886677337711336666888842003388225646015702331107874751112163034
200441133001111446644227755007788447777002233440000885533117722116611226633332244403511005577668837456666006675218655862155455
222332211774444224433558844660033118855663377000077115500551122778888116644111144008800668833882288772255220488626
266556600442200774444558844772255553333003366224433223355771111441188250055446633113377666644083347770877317758586
2887755442255336611882277443322447711004400114411117722665577003377660055552233884455662222112866773333551855044833088806664817834316877
600558833552266668800442233118888115511332255006611110022776633444455337711447700885555665544177750772288664222001847424
6222211110088886600007700448833555533115566443366112200657733441133771168442255001177444405118855227774554811423322430
6665588008822338888772222557711550011006677441177003355447366220022118866330000553344214466443511116611284444504
6888855886622550000551155444477660044555577883352887700114400330077443344110088442244881133773311117711822611264166506
8004455001155228866771177007744220055775533002244338855444777222211665511112255556611883333223366335588410066488822714
8227777117722008811333344661188441155888833887733552244880033116633002230001111440066845555007766222255775514328040578657470216026666764
8668833778855227777330077667572441144002211112233553311001173884455444488882266556622880088142222000033225585004513436330605
8887711775566660011335511228844667733882211663333778866444477005533114455880077776622552266881188550088330033440044374207224
411661133885555223300114400668833553377775511007788666622115544665566442222558800227733226677220003150606324432845474844
433220011773311335511887788552288446622336688882211447700774400554422283344116677663377771566445588006655586664408
45588225566550022885577662266663322224411114488880088117744447700110044334400771122772211551184664777555522336
477880000558866775566333355002233888855332257441166221122660066518877117778446666110011440044443811308822228834542
111227700773311884488774433445577110011446617552222440022555588223366226688550055335566665288104300008377772200621
3334477666622006688336600886644442244556655000055118877223322880044335533113387441144061
555660000773366882233880088558833001166228811557711220044551177226644667766118844447744006277733344124
77700447722440088225544222233883355114455665588441188002011773333775577887711663366888854666677664430774444861
01188664444334422665555661166330055117733110077882288006622775544885500337777222244667766668888112211441130884455325584000020460
033557744117711885533114477338822110066225588334447227766336666555510084866080
077447711221155770044220055006600223300008811118866222244116677882266445555117755440443113333773366110848553355888
100558811882244116677220066664477117766883300112267443344223355336800444133332222555500227755108
1224488668833443311666633660077882255773388118800335580006677223377664477445544004411444621775511555560801
133008855446677552211884477003377882200553344441144333322442255116655777711772277448833886688004455001100664400776666112230255
155001188007722337788336622224433338877771166885522114400882200334466555511112255886022775533557760554041774811084705613
166664466556600440066774422445577668822775500110077112255331111333322220022337776115521443300088855887488147
177440088332288224455446666448855667788772211115555222277553355888800550033884444336633330044223311337411447255765510668866200
18833334422886655556633881100550011773355885511221166777788224400880077553377000066664455774466887766115522771117223302220844736264143484425
211776644886622227788000066771111226611002200113322337755116666557777334455668877447720446633335533883360331088830055007555444405852
2333388440022448800775522770000118888772200553311445566228866551126663355550088334433773366111177116677668811304411547854260
2557744338833332288556633667733116644115544880088221122004422330022278844550077000011005511118611777755558465340
277444400553355772255223344555566883377117788228800224488113311114466661166001155821122667730447777603
300886622777722226633778844111133666600770066774455112255333388552288887755883144882104773445776688165566164
31111660044553300772200558800002255117777554411006666118811332222773377115555226677443333550088442233444406224655768888756
322773344667722116666112244881133887744225555226633337766001144553355118888008855884622228830223041556200778777554060371700500
35522556688005544008811443333775888444466006666583388770077776677885288222488663300331133245644771111773011204
