44433442244778811887733002266667711557755008844114488551122221166552288338866446622332255556011117722000047776077406377033355480
4441100667744773388778800552211662277770033445577224400771122223377664433661144884422666688882288111138660044651172001155650
444553322770022556677557722226644000088003377441166001144221111336655228866230066663337888877348811882100446474383070550518485545855
44400338855336600225566662277221133337766554433005522664466777711887788884411555100007700117733111122006688334422224800481147432
40011778844446655118833337777441133885566662211660033553322005555008633443311552242557755823300007733627762226122870045472
4003388226688775544114433664444666677445533228866223311113344880088883300661155885555778840772255170022404
4220077553344888844446611554477112277660043770055113388333322116677330022226655662233668877778855774811118015266636450
4227722660055003355667755224433774488883300882220212188115555447733663326110066446666557766204411333311444533451111785
4664411443311110066003333447744224400885577222211228833880000113300445588778888117733775511550055226666332233662200227444886618225846865
48855226666774444555500331122114400007777004466338866553344224433001166118800668888227766008811117755883477351
4881100224422336677117755331188440033880088850011661000666644663333773355668044332266025217665277772202834477444454178706230
00011886688115544447744224433003355227733222200661122887700555533885566366655882488004400867777557781776644516
0223333550055772244331155227777558833773366008866553344001177004411447788556622118888222255111122881100006644554466880032687
066663377003388883333444466221188775500447766113366005566885588441111222200225522772244000011448866553355557733007777480081664786710
088445555333377224488118877886655117733447744338880221111332285227711444400331166336600005500666627007466742
2000088660066444400777788882255336677557700115500555511448844554477118244117766663300331166113322773266804422228122321
222885522008866880066003355001144662211557726113327776677884400283333447700443377330633866
2667722555533886611331122884411883344337777882277448811666644776600446688001100003300551155002211445544008222042233336621773355811
28822005500778855557744665566448833111177663388667711440022554411337700888844334455222244400066004155110211861
60000336666880055008855552222776633442244553311883333558877775544888811001111338822112233007733220022871167026
6227777558855442211440011551133660066116822008800444460002244887700338833337733553311228888643321876745271
666443300771155110066222211880055663366773333554455228888550088441166882266112258113311114400444488634477446233227727001177803380275
688667733660044881144443344662266337755665533221188774411772222882255884422777711115511308855778888300
80000447733550077003311110022557711776644553322333344221144660055558888662200665522748855118843001133763360838
8227711115511005522002211884400004411228800164466225566334488555500335533145544223377477722466700688817633
86622660022116677555500440088883322558855228800113333112200666633446644554477441144330077661111772234881188744
888556611554422447777223311334466663333887700116677880088662211806644117755337766804455100022225555203
411336666118877667700446644774488115555338833330088558888005500110000225522220067337777223322412288203357871
4330033335555775533225566337788550066884455447744400088662200113340423311777700772241660055882266665522776677318811551100221126414
455225566115577886655330000774444660088337777114400443355558888405511112211667766423388554222720022436
4775533223355881166333311772222440055448855777744112200446655664455114444225522115033888822887788430
1115500117777220088118877338866006666771100445511334400778844222211444433554411227746116633336645330555762266823
333448877004444228811224466440022337766110066226677885566883322553366555522011733558822272755088867174
5557733334411003377885588774466447700556651660022536674000011114488424076880088118833115238866
7770033331177336622772288441144226677444400225555883388880066660088775511330044661166886635001100752
01188558811334466888800223333220033112222882266005566224444336611778844886644111100447755115577665500771162114877770088306
033224411770022884477116677552255665533334466443388663311881122006688885500773300022628210424580781448154044131160616672767477
05555443300118833664411661155667755777711007788665500668888553322887722551133734400222200003388221122662244280044881144744
07744550011116688447722444488220044333344667755552211332255665577773355115533117788666622883388887233014406441266180
100441155228855003311776666886655775588777700223388113300771122772200888822555054667744224488440066116633336622247733544643432
122773344001188447766551144663300552266883377881111557700887755004444110066007777117744221166113366662222031
1334422118844005588330033117744110044666622336601667733555522448855333288665566882222554448880788172277157
1557733447744555533222244333366221144887755444600771122776688666633006655116700885588882255002233883371880000528811117042620108413
16644888811002222882244442255007700337777226600554477441111227788662233221155551133117766556666885588006633883300418
177445544334477332211000011223388444466777766550066442222886633113333551155771166111188770077888200226600830054114400348
188886611337777660055333388222277885583116677444411004422006687000011221111554455224433003355002711740074663366214
211553322663366224477334444664455008800551122774488660026888811118833557755556777117708778404110433331727630373842
2331100115566777711117755118811443322663355558833773366224466113388222530385525006644116600444488665844778881207
25533445544227788116622664444773355883322220044005555771111556688776668551177774488884411001133118377007752114033000060828
277005511337755881122883355223311445500001155333300885544007777664411771100667744778844226633887433246611888806886666062566534
3007733115522114477003322556611335511663377667744664400118877553366227711222244885555778888443388205500668000260043466
31188001111552222116600770044446633775503441122332255554488777788335588667766884477442277226622888811771133664433840
3221122001188227733334488336633880077550000447766228811331177444433551111003371445544002244222255223644165
35500885533777788222233661155224466887722557733114400662277443388883022111130364422660077117766551188116800001555845564448755447410504
366334411116611882277330077221177443355884422005517002244004455667713344466888855008800660004757226248646665
37777226633442288441122118877880033555511444477662277115533881111333077448837550066660055665544668866110081640434517
3887711884455334422006666335544001177550055667788223300770044776600003366441144331166555522448855888833325510886462777732822267421025772
500225533113344777744445511118844227766883355771177337788552211661100556666226600667700003466555544004437564888222208772288186
51188770044442277220000882244338855666644667788112233448844001100773333771147558802883366857
522442266220088666688331166006633443355338855554466112211550000773377667700225588003300544188882288714
5333388881133664466335511554444884455008822116622225555773322000044227722883377465866661111226677110011480077002180305067817777576
56600882255552244441144551111662288115500775544887711774400665322261188443344778888333377330044600
5887755554422883322662222778800004455118811556666888855777733776600550033006677012244448866338841665333113348264
611660044003355338866446677007711552288884433225500555564551134775577227744222238777768114418554444883
63388772200774466440066110044224488886655775533330000116666008844773377111188226622776177885555881700550033552255643
65577887722004477337766770000222266116666442288553388221155880055003300110066334444333355445511441133284408331111748
677333300662255778800772233775500555544000044888822661144663355334455668866552211117711224411001188113700887777616
7004400888811005511445500773333660066444422003311883300113322221166172266885588000022886715335555443344148
711555544002266662211444466448822442225330077778888003324775577000088773377465511118811331100663355017
7222266005500115533551188113344777755225555880022337744554444333311114466110066441166336677666688773300338844220000770088882288340
7338822336688006633118844007722226677771133334488660088775566664433774444658811221155111100220055000011614
75555225544006644660044441166662288447733003377118888335566880077881111777700221133112277222233220488724
766223355337700550088444488007777887755447744116611226633440066664455117733332200443366001188885588128832127255686242257825552
78833225533330022220011112288777711444400005566006633667766882244665588557744770077534488661166241
81100553344771122338866000088445588002244882255556666333377443355006611885544441177226677776688701166446653111154083322720
83388882255228844117700886655553355662277333322220033772233666611331111443300226644001100444477118811654488007744524
85588000022884477220011662266882244446677440044110066551188330033332233553388117777111122115522557762775548773888656135055781470
8772288008855777766441155550066665544888811000077553300446600337733551122771111770233113322116611440472662222025522458
0443355778822007744881111664444663300223333118800334400550088773366114477224666777700006255551155221177638888527
144551111331188446633558855221177110055507722332244336677886666882222660022880066225877661166444811530011270033337777408733475
24455226688772222001155447744443333221188225577114466110066337755117700227733003366000088005504116644886666540
544223388118877440022883311447700884488886633336600444566664800668855117711552255557755335586777782772211337111224202622
6448822337733006655886622001144226666778833112288445577110077770000221133661155450033425533335555224633272161856745176
74422220033444455118811114466550055888822880077335555443322777766110044886633887711557688324211223606467622566
84477446622110011665577886600336611553355550000880044556633885588825544006677331133337777543306668266420222723322824
44477000088005522332266883366446655881122001133337766330077778877110034888841774188611165002577255568214
44488665511117733112211445533776611005500662200335577885588441755668833881300222233332277225522643348007777404
44455664433666611441166555588887700226622447777557744004466338848227788112233552255005533330033220000173
44400226633557755661177660044116622554422110000115522774477338833008800734588222241118811288855166
4005588446611662255441111883366778877445500002211443300335522773377555577006666331133226644481122220511086688023
40044558844223388776677228855331100771122444466882277770088114433226655664411883344774866663366222200221055554255161525057888060
422008833882233556666222244114455331166773322771100112255103366337744668800770022888877884488150000557764452265804
422008811000066663333223300554477338855112277665566778800226611335526441177118825001155855533770033443316807724404747762366057
46600112277441166221111773388113366884488556666333377002266444477772233550060443311551144222288775577883300776525880000354
46611774411118855773322772222662288007788337711331122008888444488663300316666882244270000445588101
4888822003333117733880022772244332255004477555511553377113366556677446600663355777766116641110011881142100302885588726
4885522337777550044118844332222553366662244664422112288338544772266006611445555774400215583330733517701076781613347111
00066331122881100777744880011334411118822227766668877336655778855884466116600556644330022333322683355444477008860440535114527150
022881100775522336677224422661188227777111177446655884444550066338833005533556666880033113377000044776644116605443344086
0665533774455225577772244330000228833551155660088554444001100448811118877884477555588223344217711338866331127336677007766250
08822115500337722777788551122660011666644336633880000445577441133225533558885220022442233334444773300771144668486210
20000660077110055883300331122884477885522551111661133770088886655335504555566777722776644333322448822268801887755446177314
22244002200665544556622332266114466668864333377117777331133883300335533421
2667744113366558888337766115544660055008822001111880033112288666633006644223322225555117755335522114488443344440044507788773386870477172247727
28800773300001122227744223366664433332266224466882255118888338844445500220055556633557711553311117777552211004477887706160
600338877113377331177222288004466223355550055448866115533668822118844777700785566381111224422552266665580002270816644544
6223355448877886600112288550000222255775555227722111177443322007733115533771188338844776613334455880033606
66677223333552266443366117755557711114477002222118871663322553300337315146600550044228888662244883388444402058814145
688447788225577776644334466773388663300554422662233222244112288555522770033110011113355114455004488333366558155361166660067556177218717402080700
80066550088446600113355662277886688552267007733336322330033114422553822221122440000541100447711777744445811572
822551100448888336666006655445522118844227722003344337766446622332244441144774688771111555588000755777705012
8664444222288881155334466552233117711661111225511007766221144770033772266883366773300555588774400885500220044113355618
8882222117755447722662244661122884411666655331111556600448811443366444400338800555577000077142233552255006677332277808
4114400778844775544661166663366006655226688667722110055682233881111883333777710444200157738770000308
43344008855557744118866110000664444660022778833663322112288224488115588005500447700188877553688477766254
4555522003322446677114422331188774445776666226688882211227777880000775533336633770066116655411100113300886603438
477001166114422886688774411222244427755882255223366337725178833880033334300006600756666404
111226655447777221166222233227788448833118877113366110088002244660055553355666633330688881177050
3334411552222772233221144004422486641226677555566663300771133660066888800887788358
55588661100667733770000445566662211777744228833332255001155334488552266887766002222336655444402443144711
777550088338844333300770033112211114411004477667788885555115586863355442233444400117644565
01100228888336622007755004477111177444466112214003344337733338855331788005522666688663485664517225555458
03322446655116600770066227766337711880044225555331133335544111155883366885500881122114488228877888614552222338733026432044
05566553377003344338811778866118822444488555522666600115500008800442211336622554466333304083222777766771166420687372
077774466226655443311448855008877882244111100660444555533057702117355225588442288886683440362747373820332322
100553377445577113322112244778822007766661166336600003333444466222777555511443355440088004488664733183300106818784850288
1223355771144332288776688552211556655110066111188224488445588002200553366662255447788334422775550881722622700174
1333300551166445522777755008866535377888858225111770077114477667872223344110044331122446666006633662833280
15566118822114433335533225511113311771122007766334488667733881100884411664400358877002288000066005522227722665554668444247
16622775500445577330066770000555522551188778858880022226611008833228811444466336688666654331077664822337722084
177004433777766444477111133554466116622668866665511003333663311888844112255773388774400002200778800550064223300183328252565358850881
188114466555577226622447733550055444422220022330088441100448827553333207711336633883311666688661788556600176740677033700
21155008800556688337711002288885511331166223366003300444400167733887766554466107700664422552267555588220788153322474
2336688118866005555880000228822225544887722117711220011330033778844004433250077776677331111661144115884666643334633570
255774488447700550066880022338888336622441100776666001122882266778855664400333355222211132200442276555584551616330314337344654
2772211224455882833773366662166446677557711553300888877778811006655114433332044774488444188555566105500003346854
300008822886688772233885588444422220033552277556644332244550077006603441144774406777711778255315541110611862
311771111334455336677661155227744447700114414338888558822886622226688333355556633003320887788006600457
322441177663300445566775533558888223366550077773311668800118812002288444488664466608855447744300
3551144661122001111555577884477334488556644445500330066771188005522774400888833336688663317002266228533775583266
366338811444433554488772255221111333311884422447755110044115588550022334466445066117744071166582677776666260
3778866118822557766333311771111446600113388116644183344555588880066223322443355444477440044802
3885511662211556611770011005522006655003300771111228833227788442251886600444410880022447744666633667766823
50088776600447711005522001188227744667788116644442266338888334400773377557776885555880033335533225544556155114431713281224211123
5118800338822660055777788772288334477006666336655885566442244550000884411004433001144688755552233335533774400773311332255444
5223366441133008800776600661166772277111177338833110055445577550000118864003355553333442200224444670044348855888844774288222268721255651
53300007733115544221100552200332244441177665588881144666644004488222700885511880011168866102
56688664422887788821100550080662266332222000077111133003311440011223410227722552245358577667777454
57733771111663366553388884488552288225511220077661188117722770022205566447777440033330000660088662877868423444463235504143584555
588007777115566111133337766228833225500008866816655554411821122772233843344667784803311447744440022473300560
61177445577110055333355442233770077225511662278667688220000224433114488003300444222883366008888558871226655266646311
633775500115511883344441144338877221133336677660044664422553322335588222244778844002200765555445570003111228800605
65544667711338800225522447755556622337744117766888811558828770044000033007733334433110088551166611183212503657143553
6770044112277226688336644771177550000774433440033337766006633557788222244445522118800111108116614665533177
700008844111166114466663366773322444477226644338811227764882255113311002220154425774555635533730
71100881166664400660033113388551177001111441122442288667755000744552233337733663322683304887722578
722000033004411338888221111886611225522440022774422881177880077333366335588555066887777110666276653475
7337722886655226644440066221188114466617711335500447768880033002277448833336344557755441111222255115011607
75500551166008811002277662211770011883388225555443377774488446644220033441155222677331144557878000066661111336633504
7662288772244775511006677007788665544223311443322664411771155883374000044556666001133448855005538003252721466144220263088481688288
78866448855556688772200883344331133225577336611005500001188442288116677007764117777551155880044002222371122644455446111447278206885303
811225566445577772277885511776655553300228877114488221133554422005588661111001155006677552233446666888844770077444413880044340
83366443355776600667755117711224488221144774455332277222200115588662233002288885555668800446666333377334444116611884422570
85500115522442266221166448888446600554433332200440000665577553377770022234455118833113300771100861767341787244
877773366445522444488223355331144225500778833447744116666000055884433771155111130440035446611775577068
0444422333366888844557766330033222211440011887722006644885511550000228866773388226655666600880077881177112277770522454161013343511833137
1442277334433116688552200004455007755772288337777882222363644447700660035886677117766621122555022641104087748084
244883333778855882233887766222277004433554466553344440022118811445555220077226677771177447733116644111100666600008844288866163
3444455664400335588446688772255222211006655777755336666778855111155554411888866005500448833881133117766112288062242023
54477664466558866001122227722445533775511332288223333443388336677884411663300335550442211117711807733106622002440561
6440055551133770022661122220044331155001177880033444411885566008888228877668866558844227722367755777744606
7441133003388552266551111775566664433332255331166227733558811888800886632887711445544776677222844005577778600770024446044200
844880022883311117755660077113333225511662266338877334477776644337744006655552222001100350004221122341
4448833007733113355334411442200110000440088665577668811770022551111555588777722116633227755222233771122662248554666478888260
44433441111448855001177227733881100442244008800062233022202666677776688778866457705888837415555412
44488884400008833441111333322112244661188774477662266660011003355004455882233116644337788557722770055554422552222002285351
4440011443322557777221166776633448800551133775555223333887733006688117700226668220000835544224411222285658155310181150
40077004422880022337744771144331111884488844455873300877782557666441122003322221166001100663500555565124
40066663344778800332277110011445522223388446655886611336688557766224411882200442255005544333311226111677744828
422335588445522886655660055002211668888337744887711881122006677227766333366662266443388222244446611114411554400880011713042503
42211447744884444000011228866443333557788772255666622337711882266330044660088005555885522475533115541003388881111632
4666688116633114433447711221155220022441188226612258866555533778844240088557700330055035566475517774327672738088875483
4665511776633335577555566003388550055883322334422661188443311552211225533007722227777002200111100008405471136428241468
4882200774400887777665555442255881177337755001166113344447276224466723355333300551111552266338888000046003688666188312
4887722883300226655445566221166338844335500778822223377004466774400006644771122557755227777336688666611442511115555358
00044223333884488774455557766441177881122111144330066002244044466556666335533667755410722515182761686222202826
022447755333322220011448833440066337733661133558800551122885500888844330034552232771177666600777744664411667700004444226658682111015811878
066446666336655551177114444777766221166770000331155332244222288882266880011007733008877883333775577204355438848681
088441111556644555511776622886600001133661144887777447722221122744666330048110266854333116673452
200006633447788660077005522558800332233001177668888336677228422244466116625771183331044008544351
2220088557744666688773344005566445500448811888833886611110077775511225544330008462283771166558366017761332211431157835
266660088117788440066338833551133774444558888664488001122227766221100552255550077228322015533330711657777024
2882255116600668855881100224444776677223388664411440044330122013344222777557788883188463626617115255565054
6006677226633331100221177556688664400776555335500524488447733223344442288222200445258777701888831316
622115511336655771111775544222266774444668863112277602255550044006811447722882244552204888877884777333322334
66688775522880000663388226622002255777788444477448833661133770033335566008855440044114433007722771100111152146
68866558800007755002233330033663311883377772200557766667744004455553355442266227711110011441155113322444433447855225562228888287483846
800887711444411556611778855772222551188111533227700335588223366331677666644886622445500220077330055552288800014004600626
8227788772222667744228811773344337766886622116644884400444700005555001155111133110033338655330322024563552545758
8661177331122008877884488555511002288330033770077553366442266227777266677111577447763554444333344606
8884477441177881166008822883377666688772244000044554422223344335511444648612211332255220022601
411223333887755446611445588550044448822117788447722225555115566777711880000330066664422773322453347470077610088611
4330044772233888822667700774455665544411122221177558866224511553355227788401183332066164050803
4555566332266220055772244881111665522338833551188221144228888558877778800661177007733330000227766008866884400441222566646734
4778877444455222288551100448833331188001177554422334700225577227711116648666611330033221155005555660066324
11133006666887777116600440033118855667700220011773377222244123388886633225555883333550077554444882455274464342
333773322668877004477555511885500113388884433117722556622774455881122223344111155224444003355778466660055330000263366108
555880088886633664466115500333377001177224411221166225577445522223300771133443311110066000025114444004477776677384
7775533337788227722886655885555440011441177445500557700447733668872334488443300002222444466115511003351113316220084225322666673863642160
0112288227722558877002266330044777766008866114488811177446680662211332233666655224455667533118333444401610
033220088440022880077441100558811115522114433445557778877335233112244446677662277000016004688564
055885577111166662211447755336644002255550088228811338844888866774466333377880036000077220044412222777611015511718
07711880044667755887733883311441122776611668815222233777788444433336600882200145577448866440288553355556633425
1000055007788887777004433883344885566884444661111662200115588666655113366002222553355774422664408228522154302724233732553133
1228866442255227733663300113322004488005588555722226628775466884400774411000033111833338433547453765443408020666616760
1334422228833774433662266448844112233332211776638552255118888667788777022000055001100660088227400344
155440022223377775533008844442200448888776666447700331144111122667788558833555511873320556655072626152686360717457
166008888666655225500661177337755668800553333882200003355774422440022227833663344441111551100721144664485558455443
177333388553311334477776655004400772200112233008800005544884422446611668877111155888833664455660033775577886677441144382255222274462
18866001122227700448833443300885588224455444477117766880033887744115534221166662055550101311146477757361727884816567
21122004422775522660055115566772220002388117777116611333311888844114400887788335577337746885588266
233116666444422441188222255333300332277665522885577440046326060775541217788008888405555111155000027201145686135883108781
255114488447722440033002266112233446688882211113377333311662200887700005577885588335533227766664366356672850525554
2778877334400664466335544885577114444117755113300337722007777445588665566888822881122225555224477661152666672104433336844208833200
30033558877441177884488331111443388886633770000557711551100223366227733332200777666554400446640881165552255022288518
3112222771144555588000066554444668822557744887755333355226600883388117777663322447722111100113611851166778044003700741
3221166330033664422006688110000770055556611337777551177334477446677880011884455008866224400227766004444182235222584348
35511886622113344885544668800115577772200008811223311441111663388224400558877660066774444225566661100226654530362722321737338384474388
3667711220077887766223377003322114400441100006666883355884466113311880088228866334437325555115522664531116540117500256
3771155223344220044778811226644885511445533887700335544666622772222116600661800888822886255550055784
3886611776655778855553333220044660011440000880055888877551188331166337711336688443300772222552211554422445500228824881476764
500113366662211771111003300228877778822776688000533220344772255224444884455441144065
5115577220022443300113355445466333377771188773311003366117700006674111122886688114488442800588
5228822003377665544224477772233338866331144118877332211550055335566775711001277444433448858804466660066200
5330000880033772233554433228811555733118833336688886622004477114457442266661166006677663388222277887700111177548854112644644
56600110077006688778800551122224477116611113333884422554455227777553355883322888855776620443344446177248407350411455741815
5770000772211556655553322227755117788885500883377445588223344441188443355220044002255442266224066773311336666338877661166010
5887733006611447766552255332277112233556644663377226677775555002211880011778844331111551166888200554400062666057704838363433
611112244775544115533225500222211446633771177884455883300005511668800667744886655777733338877666644440088118888228852770233520266231607242433436
63311112222666655881133008800228877555511882233778477116611000055773322446622007744221155448400333344550044443777060676468
655330011778877443333116688660088883388003344854455004400557766226644114422335511332211222246663366773377125
67777004400771122550000226644882200660477881144223311663344666655557755115588554411776804432377230133538101811367333
7005533110044663300667722001155884400336644225577771188555566000022666653337788776622112288223388880088116681117411444482707
7110033775555330000111177334444668888115511667788333311222255448800882200666622332277441133552211445506118244764426563406043
7225588114433882211006600880077848466445522773311834477555677117766224411115266112222833322335422016404477741370
7334466440077113322558800444422224411445566660055774433116653886622661100002288887788337777008811220842785
7554411661144002211220077442277152266001288663355884444553388882255667722248033336655100
766888800662233551166770077773388444400554488553333660011221155225566447744118822666618337722003320887718100043102
7880077118844222233003344776600554455337755772211227433555100113311665400668833326666444488520044167020888818600
8111100335533228866668833441144880011337777226677338888552233000022007766333311225577008877860055115500661166221187124444774462722
833665511222233775522556644335533887788006666770033226633448866220044668888557777660001558844445544214188117733330167172745082
8774488008811551100113311885588225522334455660066555500004466116622824424447733337777117755335577605544336033040
04411223300008833337744336688550032226677351155771177555588111188442270556611388866228820660021640804448525346544547
1445522004477776666334444888844665544333311664422338866006677337722661100332288556622227788118800117700221111225511550077508822435683600051330
2447755881177448855553355007777884411113333443322880044668866008877001100003300664711221155118733656722552222676545727
34477557766223311226611774433770011110077116600558822225511555544553333006688444466335566441132778855000088772288003655266670288
5446600440088551100112244227788114455552222116666886626550023884410558888336633330777076677434
64400116677117777221100443377666688000066223300888811448866007744113322224422552200226633445555335511227871550311836385657585428
84444227722888833771166552244111133222266443355445588668855007788110033882400667777001177661184663300431
444770033223377550000551144002222448866220077445577778844228811555533661100663355668833441188882211226674665588538
44400116644553366667722442255885544880088338811112233114433004477776600771155665577003326334411005744687788482
4443377110088115555776633226688002277886655112255003366007777445522884400001133006664111177558833114467004483542
44477662211883322226655777755882288112277000055001100885511338884666644871144220077337722555533552600330046333343174
40000775566221133228844118811005544663388557711116677443300220044553344222644447766006655283366117777248800888
4004411226688117744885522554433445566660022228844224646773352770077111188880088777788237756333311661100305
42200112244771177660066662277332288336655330044663344337722223311007788221166884400887744448866777500002266111188005522555588554
422225566883322664477334488440077665588771144330088882277881166338366118577224411777700550033552200002211223466006622801100411
46633883344886666443355442200445522667744772211440011881133007777556611605577003331227788887762441588482238000022522
46666118811224488443366883355226622228866770000775588778744001100221155551133114422333322553307227777665577344
488111177223300224433335533778888331133442255886600665511226677008877771100550000776666345566420017352570354
48833222200664411660055115522777722446633443300008866880011444400331177442266667700776625002100471133665566118
00022110011442277883300556677665522007777337722881188446633223366448877443355557755445533444400441600333386668266106
0224466770088776600448811117722882266664455337755007777447788005555771100115511663322113388883300085522236
0664422447722778877334488883333884433660000444455117766331122220011881111553377116611005577775555441134667700226684066
0880022777722662222558855774477668844666633883333444422888811552244330044118876445533554400331133682
2001111333377550044772233884422551100226655332277441144008877003355664466777711224488000066117288168888263
22211440033220022336611553388000066881122778888770088443311001133446622550045666603337711117731626
26666118855664411228800113300558811775533555544222233110033225511663344448888224477337722115522777744667766220077865500804
288668888111155331122118800336677225500555588334411335522223377448844443322446633338855442566660066116628777733001100204
600334477446633884455448866117777330055775511112211331100115522333355000022008822555588118833788856880666728876227246564
62255002200004400111122771177330077770444116655886677557744718808224422334488551133338833115555335548110688432
66600885511117766553311664477556688444411336677334400005588777722118888114422227711225522330011555577002200333355404
6887788332266223388117700007722886644440088884455336655448822555588551122227744111144775577771155604433334420113350206037305
80055885533777733331111552211338811448888778822225544112244334466661177447700660000226655667500110044416622703
8227777446611778833775566336622220044554477006676558844338878116600888866880072885511118233114480335555333300044402557415042325234
866332233445555112266775500442277664433006622116666554444007722005588777733778833888855770088003355241188110011113560002158214
888552277002255882244116622883344887722667755557744335511771144554400111155666611006600007766447777881188444377338800431133632
43366551166880077000022662211441122004466332222334488330055887777886600881337445500661444784408255574254
4550088116633110033660011118855667700005588007711778888225511330044662244772222820644443333553344114655552233821276137686626575432
477006688774488332211118811007755663344001177223333884433551155225577661166665555002200005534667777112277822240408
11188887722336644110022556600883300553377000011776677333344716655557611446688148855886244550033552400744
33355884411880066886633442233227700887777885566002211557766550011775522555366774400007722004311112222881146226666116642430
77766880022667788111144221155886622774477004400663355007722887733331133884411001166554433445713766
01122883322224455442266002200774466441188005522113388881100333311550088447700048855887788268
0336677881177004433114444551111227733006655001188886666220088448855447722116688775588222254002233224740777713776263528343833
055440044448833118888558866225577772233776688002287003381222211333366556611771111007784226666345
077550044551155220000557777663377444477111166556611440033443322335555888877006622112255338855446666772266886600882288127
100668800440000118833335555445577220033117733667755887777443300224466551166226666008866427788228850771222521
1226600880055558811443322886655444422001166668833885577778877330066110077222244551188231177115500002477567766348
1338844552244772255002266880011770000771166115511114411221188110044335533223333777755556622778877665822086633666644844
1555588443311448855001100886666006622111133770077228818774477883366338800556655330000333344664266827
16688111177442277662266556700332244118822553333554433000063771788555522334444002200445844786
17722771166444411005555338888220011330000332222884477552244008833777788557700225500446655115566335544558800642211481113331868736342623
18888448800773388335511667777887755664411332222376655225500005866221144503422666611228041117711527741001
211445577775511334466224422220000443377225500338888664400552233226688556633558811884788771155453
23322661122004433331111334477442244008877118888228866881155445588336677002255666622777466430066316602110522251148450
25533550033663311662266114422882225443388446688337744000026447766777711886600557755888877881177333344885088011
2777711000011776600441166330033220077556644887722662244443333440355228866554788237748513
300772200883377884477663344550055442277112255114488667744000033552211001133662288226600666611668800222233888877544
3110000443322556611771111551188007744887766660011338833006622220088444477775544558855778888664466773344037
32244770011552200665533337766111188662288887755002400883300331177114488446688558827774077305566300
3558866663311668888334455111122226644114444005533662233778877600022118855220088117777557733884433046
36611440011773311006666226677881133443377660022557777553855554455887744888822883002718844441244620
377223344778866667733882200335500448844222277443366440022880077555588115544552266008888725566557188568830111166317
388118800660088773333116688446633448755865522555722664444001144337766777711774422441111221100447611500
5115588775566664422112200447766553344667711335577224433885544462266886288252011117777337700006300880031007811684
52288556666110011227788221177111166334433550066222255776655337733884400331144447700446644886600777722426
566112211002233338833226666220000118866775555778822227766884444115511158888553344330044774480773355442255228466350
577774422881155441144555566886611332277335533664466660051888822443388534400663333110022000033776677583300116622665877221122580
5884422331144553366880066444433338811335522115544882288776677226666000011662200222277410075004552563371712186105036508
6110044447744113355777788551111776622005566886666001144224466416633888822665500883300334588772288402
63333551133226688330022228811664477336611118822556655558888554444115500442200887777666622112233440010552277557728437788680
6556666002255001122447744227700662288115511445577771133554411778888776644440033337722226633448800775528668858316848218100005040811
6775555110077448844005544552200662244118833115588771133336655663344778866660088553322330022668811117777227738880288222255776144321
7001155778855888800556600227722334433661188444400337755554455225211000071220088222266330066233384846
7228800888855774444114433771155338844881177331166777522006622224471283333007115440000336600250015166633234
73300005511770033446600884477776644006688775544337711220041555533883311116636227788558811888822880022224677414527257866665505661
7558866554411660088222200112277445555118811446666334422550066115577003377100077880044883388884022423333668852164623531303267
766003322665577330000555511002211114488331155228811885588880013663333554466182222337777008477443344220506772444041666278754571686438
788775500662233005511335555888866774444661122111166556633117700772244333366883388445574748822885522553371003322226422700028104
8112277008822224400116611556622005544886600223300445588551133552288006688338888776644226653117711118844332211000722534411444336367756677787374
833886688882244222266116677660088773366663377558522115500113311872200002255110044005566446622854444774411445307017351232
8552222336611770022886622007733443311333322448833778844225500338888772266446655335566006666882211227766330084445166774404118471014
8773311223300661111338811004477221188558800334444668866224422666677557700225500882200001177660075336644048833756655116635488842755
0448800330011440066553333668844667722220077663377883311882233226611115511005555441177557700008811262711377744543
144112255116611558833228877771100227722234444770044555577442844880088263355330055003311375546556640778855206
24477550066556600333388118855448877444422667788225522888077770011000083773344336633557766227722221122366684661166451
344447744226644333388885533660088005511337722552211222233557766301100002288348877881188445555071177356
544885577771133884455552200332211880066227733007722551155000011116688333311004444117755661122858644774422223022467
644440011115500338833110000881177337766557777220055882211330044660022885566112233224411666622226633442800770065253357487843686
74466667755221166884455000077001177771155442255882277330055760044334476118855111122223355556622881144113388336644826
8447711113355885555668866112222666600118833330088004444667733654488220077770033117755337744005500225522443344521100016
44488447733881188551166441100112288886677223366555522225544333355666688334466006611487700007766330082474785021267120
44488333322225566116677223366443388882211112200551100330022773844117700001155550077113800447744677765228577553781814
4443377227744226644661133884455888811666688554488221144775500776673115522887300223333551111703362220000632250401122405
444776655882277000022888855330044111155226644551144007733118844883377771133335577843326662036005544250
400332277223333008811668833444411006633778844665522005511338877554455776677174488555588882288002222550044226627073647760
400008833005544446633774411338800776677335522332244778811443311882277770033336655002255115588556644888611666600111124268531055
422552288000066661100551122772266336677553344116620118833881155003333244400888855660047664777035555471
42277662266114488660022008833116100640000447722118888146777885555335588005577554877337712550288422
466662288663344775566005577004444118877337788811166825500008233801155117744007777114433331677654484552265842245372
4666611660022110088448855550055667711554477222288770000111133003355880066420043224888333388126
4882211664466662244772200332266881133111155557766778855661188442255112288333361000055002233001700440087335533741
0002277774444663377668800443300888855882211005566557722660077006666225544550788111166113355224484036674147423238343331
02255000066777755117722773300333366882288446633113377445588004433440655557711552222111122466268778833885543214
0664411442255221122337700008855774400771111778866775533115566330033554488880655882222661166227733228466844
0885588220044662277007766331133335500666688332255773344338844442244554486465522111155112222860
20000447744557788556644887722330011006622440088880033336633884433446655225511117711558811886355553055475500702
2224466007788775588550022883311116677444400335577771100554433221177225644114420113300888846663366886650438
2660077223344225533006688667744665500220033888835441155114488118800887700110005227711662222847401112211361174543
2884411000033777788558888225566776600223300662211773355774433440077114477226655224488115544222200118833113388061126445511644
6003333551122882277773322441111770022661188336655885500445566888077254400663300542711666677662466443
6228888770066663366115555441111220055338844448833118866558811002255117722443344223333771144660077664820001500356087352577775747804
666113311447777888833337733440044441122007744884035887755325522476622226600555566550022770066300011551100882211716
68888116644772255771144113311226600775511555562445533550000337733608844002200185544222277778877038
8002222778855224411550033000044335555336644554488226611888833112255666633334477337744668866228844005587560066742
82288331133335500775566003322662255778811440011558877773377443388445555110066552222330044448800220188661122117344736
866663388330055885566002277664444117755228811882233115500887733446611110000665511226800442244074722078
8885522338800440011441177551166005533227711220022111666886677336655663355444488228816445555007744334477778244625
41100555544664422333366113344883355880066776655224400115888112266887711660000338844330022004722228703111147337171832
433228877668822116644886622227722550055660011884400226655270033558855333311330077337755551155445577114444704423441111263
455112200111100336655662211553333117755554466444400661144227710222288335577337777887766774477226666888800881488205525800
4777766005566332255000022221166551188440044330077114455775533520066881133885488770088336611228888667733334466203646615011080821117
11177006644448833662288002277551166667744113377333311881144223322005588554400110005777788771122661555047722445302122434682768486
33344554422771144004477664433116600557700662244448811223366668800777755550033018877428888558847883202551155322
5557744668877224444881177330033225566554455115311118800112288886666226611007788227766770088440000620
77711117766006688662200552233115500113333556666772288553366440077444433726322446455884475110000441144221188116222738871225308034
01111553366771166008833777733112200005522663333551188886611441215772233207700448855447766665566882466244455830
033224488886677665500007777337700880044723355338822058855226666887544551166441188112255663466015
05533006655220000885566660044888833668800775544770022115511043344662226444455557744114408442777117768772355081111632
07777333355221100330044227700001133882266555500663344771188443832002221556666441177554468005538116088776858688
100551133448833008844662255007722111177002222443333223366665577886600663388773377444477771188054411445566776611553355552406842
12200558877776600667755337744115566668811117700114455554466331160338822227788885511000844442255071188333322335488621
1334488556677222277662233665500881166333322115522005588668844225533882288880077114457770044330024447733774466660406131
155774466006677885533111133222288444477112200440022110033443333662255117766472233552276118816555500556688366630126245854080700
16666337711117777558877668888550000880055441122667700774466448844552200662222778866114400225555336600165563557244283333081825132383431
177776677334400774422448888332211003366558866661122338822553311554411446688445555663333557722226622001111337754764060400
1884400330088883322660000223366882211224411116677115511776622773344222255881144555500556655385667770077448444643
2114433774400334444222288000077220011885577553388448877117777660055665520446633336666447733558888115541116
23388117744336644778833334466885588007722440022665533771122000033118888228877005500886622225522116611555566001147551101176737757275484
2551188446655005555332288338877222266331133777766445522330044114433662200117730354444888855886688211
277008855338888332255554433444400118877665511114477112200778866336666772266228066113311664411003355204
30044223322002222884411338811558888227711775566337766887777840086772266003333550000110055551111866
31111552255007744775544665588883377008877667788001100002233332200338866663300440644551177112277772222882213442264348814455577356
3225588336611888822114466222244777788442233448811775511112288553377335521002388663566667700664448774800304555701080700
355440000662244118877442233663322004455227711778822116644775555180088884488558833446666556687222255777733844
3665522557788553311447722115500884466220077006600445566338888222288664400227711224488337733555511661133226684111104330667634335854237574
3774433002277556600663322666677776655223366888822004422228844551155770088116611771188778833164400773244772800005500144
3888822557700665588664466333300002233110088774477118455441144844422660077720033667566152
5008833442233777755117744881144552277338800118888220055556655884400225544666611110066443315336600770044430006332266776688535
5116611773388553344335500886600110022554444774466226144558811337755684422004400331111583300048
52233117744661111444411005533665588771166000077770044557722220088881155666633555511333344338833025504226644886688524
533111155554444885566226666558833446633330077770011000033884477114430227722224422552236440744517788775888118821360
5662288660022111155113377005500774488224444773322334466114400880066336655558855335544225522226666888833881755778843330033100010476
577665533771166223366002255558800550044332288551177884488338244774444114466440066770033018
588333377330000110066007711334411666688664464442277674433631111770044047755335555748811225511556211885542220822480
6110000667711446600442288555522008811224444116688776655884433773388288800330077002500154
63333774488336677111177886655773388443522228800440022664422445511885500005587007755520066116666021107662157214771268
6552255444422000055886633335566224411110022116611884455008877883388880851776677336666446682660377774477523
677770044773311771133662233441166114445111100337766430066882255008855224722663333220022886665880000755
7005522442233001100887788447711441177556611557777333311335533886677668833663344665500660000226662548
71100551144223388333344558811667777335555006655444488887766882255666311557788007700884377228222021111724
7222266112277665555881144771100004433550011880022336600666633334411556688221116225522444455448033274403777783138
733550000115511336644442255224400441100777741666600886688222266778811887755771177606111221143223333484555827203038545637315328
75566667700220044448800113366441144668833445555228822112277331166110033777711118866335544226600778888117744732222524
766003355772244333322770011447788221177331100661166330088112266446677111377553388558844555522556488883022305
7880000331144552288335588110044661166444411227755140077330055554422226677770088885533887766556688448823663373257626066
811774488552222770055550033001122115544551100443377666611882255880022667711668866335577331133334400888844228622036644624
8331111555522887755002222556644553300662200008888223377007777116655441104332211776688118866667788026604227722448
85544666644335566771155117700441111336611005555223322663300660033888866227758447788118877772288334488008820112680265070044404542
87711885500668800882244221155773388330011117788443366113377226644555522831144476622777700002233551200422256532
044442200772266440011443355117777330022334411003388775588331166008811227788662222550003228822447766888805421
244552222550000117744332200446633110033666611882266880077886644116622772288444424065555335563776
3445500772244115555887733665544338844447777448866223322881122118888008822006600003755225566663466840
54400557744225566777700660011113377661166550000880022338877882200441100336622228888552266668866330071221355558312724516432343353
64488003322337788224444550088443366115533557777662200446688334400665555886677112266002222772286663111014511774525654
7446622111188884488333377003366553300117711334411447733558811002200777555112244557400666644222255660040586611668800008856727156331263828
8444422881111550044330033885566002211334411440011005522332266886622778877776655775588880061882555431167235
444668800552255331122667722116655110000337700777788884433556644557733666622338866002244222011555500881188771177654
44433448855222255882244555533775500007700117766333322661111884400666627110033667733112044774418338877886688865
4441100001133111177662266115500336600556633884455116666777755447733558811885433442244668866532277221143008888202066407
4443311114422776688440044116655446633771133883366445566223355551177887744772266000055882288885500333300880011002611267
400332244223355007755445566880011660055552200002222886611008888770066667766441188111133004388333343136
422118811770077665500661122440000331155220017554415662233778800882222660022886666883322584333604733474
422225511554400772277334411330066770055775388777788662241220000223322660033336633783311881166668841114611001173504
46655556633334444884411114422558866220033113366006644553355775668338851004477440022221152773377771177681168778244326
4663366441133774488332200226600442244551155552255330033556688661122776677778822884011771183334500557700854
4883333446644771122117733007722336677884822557700114566660066118877662222002288000088111105115588555522454
4881122228855115533770077773344661100552233666677441111664444554477225566001177118888006688221133335422778240331262008320002383004
00055115555884433557700440033445508112288882266113377776633667744442255666622227722117788771111886604775384831102024
0228855557722443366110088886622003322668822227733000055812233113334774444665544111255004647553677866
066338855440033776622333300777755004411445522221133227711224466002266115577225588770011664488228833110055551188444422000088111474334805356656667688688
2005533666611334422667700118844668855625555221122273377881100777711774477687723550033000044031144888828032
22200660022666677661144440077338833001166334411775544364477111100342211223588118888008822887788646722470055552255084
2660000881155446688556677882255775588886655114455003366447777004400662222771167332211002288774411113311883333553378443384855524244
2887722550077667733114400110055220033000066664411116688660088885565447755112244684444555533443333774488002788118824204833817703236
60000887788554466338866444400334477115533222266556688445511662244336611117755881188004411330055552277442202112707673728882
62255003377110066887788661133882222772266773355332230001166346644556655557777447765444411442244884400881188504
66622442233338822664400775533228833447722551127770066336600111155778877117733776488885588443355550055600031008455241144644
688225588666644661133778833662277004444887744008844557777224411112200771155443333222233006600005566321100116022885555242
8007755882233221111668888661177003355227744333377338833005533663311334444665555445500442222441144847644060
822774488338855117766336644116666887722118866223300228817004422225533147716005522000088006655888466744
8664466332266662200550077004422221133773300661155668855774411884441116600228822478888338800003333110085817
88866557766333311006622885566443377116611226677550077447700111444666688220044225522332244553355551417334833684
4113388002233332266443355337788331111225511667700886600442277661155777455005522220000330066228186334444701100746664048362124
43322553344772200554444224466557755540022228833000066007711778800888866331151338811884488223376221100468676426611666121114
455116600001122447722883355330088771144225577004433774466775555220066332277888822241688007866244020556655803
47733113366555500883388777766114455225544881155111188228888446633330011003322337787000056004642006622724
11177775500778822116600114411224433115577442255113355440088155522663366773377668800422233228855888846220333466655664
3335577330000661122776677552255880077770044001188228877886600338811008722116622665557113366447744602054348
55533666600113388661100222288221111888833116644223377776677447722663300048805881122446688552205756625450513334653532
77766557733775544110066772266116666224488444433228888555500007700446688663333553311227788336600117711113300338400534
011880044885533007722666633660066554422557755227766224444333877884411447022886642208811555500300
0337722225577448844665566228888331122776677778877553355550044551155443344002233220011000803330133663384111144461182468
055116677556655223322776633668877770088226622228866114455444477112255774466448855333355558833881022120
077771111775544331100445522221155002255660033226688224443330066114633557788551122008833666677337766427700187748081348672888438
100551155007700661122881166888833113377887722773344554477444488226666000011117711880087555536552670346644041
12222553355663300113366115577884466226644775544117733338888668822442233440000445511444481116677450055810
133115566117700332255336644333377116622887788550088224444007733442224118888668840666635477755776677200045201
1552277663300118811004411666688000077335533660033226644222211228888331144778822334455554488550022444460887700556200684757125743877
16622887711776677554455770022774488550011881111551133335588336644221100880066000522668888438822225322061
177335500772277448822446600111144776688885533887266444400337833667155556622880088666633220000661166541180221122504
188117777337700772244776666556611005533335500004400334433662233225544111166330717555522668866078808445588331822287678542886446444838
21166441155663300666677117788227722888800773355448833444400442266111100114477775577608877038811884311232588552535055
2335577667788338855111188225522002211774433224411666655310077006611440088442222664444554467115585013565528277212777375
255221177448888440033883344333311330044446633227766441166007788667755447733777100881122000576222233555511558801887244556652666688285
277005544884466221100226600118800664433337766117733555588553344445522886655003388778811441166331111332233666822220077447777225044024
3005511220077445566776688882244887700332211331155558844443366550000222088664477775577117783441144060
3118822551166775588333355338844886600870044117786113322002277443300557711001155226644668422221122844400003722445500614561123555407
3222244114422777700006611888833007722553344331100226666336677665522882236221122008877885588111177115511364
355446633117733006611441122667700007755336622442233887788440011664553418833228800888866002222174
36666552200448855776633331155886644003344337777550067888800772233887733222264770000111133553304117711042
3771166662211557722441188551144550022336600005533556677555522558866443300661133340014228888222266884766574
3885544883355228866003333008822550066553377005577884466440077117777551111887744222266221122332274336688015
5000088773355110055557700443322225522333344665566882266774455338855440077115788006611664411775200337833113304221111284
51188557777112266773355224455331111550011663344114488662288336618440077006688882200887744776644332666000044402
5223366228800001166331100772222113377008877888844776666555500225588224444334466111177112200664411440044586
5330066665500880044338811446677556600115511882266883333221166335522224400228847337722558877117777661112778866254
56688331166442266004488002211441100112222445500554444000066777712881588227722332200776613830
577226688555588114422224444336600333322883355006644667744551177553344778822556611362211118844112200110000887
5886633117777660022221166554411003366442264556511448800007748557788882288112200115300532
611117722666644330033775577662211883355442222771100441133667744881155887700556688882288444477885403814
633661122335555118800553311007755440011146622888822448844778277220000330022221655004686660083426
655551155776666884400330011661177772277110088556677883377002211114433118544660066224333223367338222000077428
677554444660033002255110055557788664433338854112200111177226622114422880088224477440133448844515811887733776666188
70000448833778877226611118866551166333344114455442233885588002200773311332577771177667744775844003300664433666606288
71100440022887733774488555511664433554411888811222200665522442477775533338826334444668611445111367626066
722665555664422331188446677778822115544557766002244440055335522887758116666113333447700110044111177112277430000737
7335555223388220088330011884477661166554444115533442222117722556666226633224400007711114433664488002288113311045377486688512
755225588117711000066662222882211664422007766338844114444888877332266003344333355331133002233601155604477205555108
7660011220022770088333300551111773388550066225533661100004477115577886588223322445568113311448888003377774433442222672284441072140
78855003322227777000022444477441133666611114433765570115533558800745555662211008822333300552255446633116688881188440044228833886263412
811007722334444551133336677443311221166558800002222447700884422777711553388830033550044114466448544056616668625232
83366227733770022226666887777881155885511005544228844880044001122550077557766772133553344338866556644774466014
8556655227766113300667777221188773355336622331177554444888800442200001144111822226633225077147
8771144006655333322558866004466773366335511007744111166447788883311772233008844354488002200112266222244228666170000344
044667700558888662266008811118877443366884444554488338855225500220066112211778800116077115511441105557755335567772277622244028
1448822008877004477773344555577223366224400554433774422550066113388885533117788001100228866556644446666335511558833275528441111803077112167600
244555566776611551166448844222200006855333300431100221122880088227777887711770325772548118147374
344333300662255663388446600440055118855553355775544114444228833773366624457008477221122220011002262374111376711677
5448822001122550000884444223322226611007700336655221188887777260055662400264677885533771177668811116633886661514
644331188336655006611774400114444770044887777663333552200330022668802555588662244221113441733775533884855781288222
7446611337777222255775555330077114433558800441155668833220055117700662211003333112266776644224445227738550822388
84488665533888800660000447777225588223311883333005511112266110033773366442200113322887755221144440022227700776677443344641
44422668822441144884477227755000033118833476642228888115533770077330055777711774800116633336666704
44477220033337711557733223366552277551144881188002222663388335588778855664422113300666611776688886677774400770088416602882251012
4443333228811447744116644222244667788663377227733556600776611882233008800221100553380445500665544000012003344852
4447788114400776611886688774433006644885522662200224422215577245588003388855544660044111133335533275500001713605083134
40033884444557744221122005500887755883322666655337777007733004411116677114488222811333355246633118866888544706600010
400335500001166445555774433117766114411556677118866330055224466668800226622006655882222881111007700888877883388432
4227700881100113355888800222255330044005544661188221144112200336688557755556655006677774444776644583377333311116633886666200
42277331188553355225544774444664455116600337777550066662233330000772222448888470055665555882211001111226611471173436680438
46622773388777744334444884411880077550033223333000044558855756666335548664600222211331122001100553366524142881372625888283
46666883344887777661188440011772233771155556633226655441144225522886677443311005533882200221700335333000066004888136622422
4880066663355332266770011116688557744223377225555881100778833660055664400004466115511888822884411222244554477552277773333444622165507138
4880011008866220066776633112233004411661188447711114466003333222211338855225566881177007777887722773366554377500022434
000338844557777001166887755666611110022337744771188883344885588117722553366764444665555112211552222728
