4442233338877447700773344554400884411227711663322446677776600225500664433557866553311336611551144882261117211881105620
4445511883366114411226666777733552233220000553377443300110088660033884477550044224400222211113644882288881166227074665566885585457552506
4441111220066883377556600226644884477113300007744225577772211558866555522770033118811661144662288553333880088778822466511750043634352223320501
4445588554433001144772211115522660077333311220066224466778833227755008888668844882044018
40022228822668833000055880088114433111177335566448187116655553333666677663344774455444277550066207720401
40022553344552200662288221100887711666600003388880055664411886677663300111122777788550044226655117722461147354
42266227744885511667777001133884466445555776633111144002288224477334411558888330033225522305566107728108
42277331166332244882266774466222255337755881133665566661188000011778700330044005544552233555516443344472
466443344115588112288886655444422330011882211117766885577226600336633113355551144775522550066662277770022220077104
4665555445511668822220088115588442211006611880011771111226600007777557744773344443333553366441255028
488005588664400223366334455550044118844661155773388227722113322220066775533556666226688116652442446011177112303137777876707433
488444422664455335588110055550022336666116677446711554433337755227700772211778877638888228864001111400040673180312081377
00033002277114488774455223322550066228888226655112200886611338800778811777733447722442211667766884444046636022
022443322888855777766441133771122551188446677003344880044558833331166660011553300073355556655086622338811778877440111421103622
06600885566557755550033115544882255884477667777005466442244587722228811840077117744332200221133336633444622766
0888822006677662288444488778800113355336655773377222277111100003322550077447811445511555544661166331172118333405526002646866
2220077117700115555445533447777668822440088552255772274883300665501223388886633332288442266667188741
2660022553366442233882200880033331166227733224477446611112288777766554488663300551100001133557711770066772211885842266
288777711333377447766888844330000444422778822446633441188666655558855445522553355115566226647222211220060203
6002222000066442277226666554411336611224466888877663355004488338855228820884433337733444405331166777755771177415511110811814586256557078
622002288770055221100337733111122556644447722330066001133226664880088554400004422227711777744114433638844635811682
666775566224400771100551155442233887788003355558844446688665522116644113300472222553322660000883311761111885500602
6887755551155667711880077330044332288662233112266663333664411335544557700334477446611777722778833888811116600882488410
8000044001100334422445577333377446622228844336644476677226611663311113322335566555522551155882211227055481
8662233551144880011116600882277884455007733338877661133774400331100005567004464742222888833226444334410285520653545557
8880000226600338811771133006677668833331122885588666622551100777733775500442200554455553344114444001111552277887722448844735570882211816
411668877776677443355330022883366005522445500338811006611888800444155775555665511337711772255486636420000811141227700162222378736607
43311330055888800003322447722115522336677662222665566887755441122770011660044007788110088445511448866664466333377334200206618555507482
4554400666633885555777744334477662200882244228844883322336644114466551122225533552211550033372261116000207700104
477007711331166223300664466338822558833551122445544334488444577776677410000337733660011772800485811587
11144336611885522771155001122882266773355666633440088441133000033880028776655337777557708331166810
3330066221144338844777711888833774400773311666611115577556600442288776722000022553344555522441177886461023222726485444501358
555118866221111338877447766442222558822446655331166117755008855666600668833223355444488000050773377227777888033330417120
77755004433554455774466338888336611441133330033117733221155116655552255334444005588223378662266660066400072008800222678701128485111018
011114488556633220000330055008800776688884466117777002222667711662255118833336655335555443344772277874444224402141
033884411007733118888553366661166337755005555660044770744551111558833334466221177667488228866880422557266522242712
05544220022883388112244332277336666775588553300446611337744551111668888226622118800008866552234456641450
077113311000088885533551111778833446677664444225544115588447722462233306611887777001168155577556050402
1000044225522330088667700332222668833778844005533445544777744448811662288220122111655558888556666435513880246350576061
1224455442266002233666655110044771133227777552200778800668888772222116644882300118866338811114318400345037355857563355
13333554455114444008822117755550044770022224488880066776600774411661155777722773322337718166622663366530
155881144447700553322441188886644008855226622007711221133778844335577330066602222333344887744554423111177775511656044600
1666633226611220055886644551144003355774488331288772244660044775555442255221066556622770077773377685533330088222388002500184
177778877338844112233554466551133330000116611448800220066334455550044774444228888553277222266221822543677064
1885511662255337700772266660022331144557744777766336655227788008822448844441125664433001133554400446320555111587718606
21177447711554411002200114455335522663344337733885577006600032288883311664422286677551133666625665555880333011184840
233772211553344778844338866556677117777668822440077444488770055000088557733002222551188336666445544112888158800663333255524201
2552266550066117766885555667711662288774444223377336644335544666400224477770044553344114488111133888843112011880077283
277771177446644441155660000221100555511223333881166773300443377557788883355008822885588776611884406662266863344222247025203211143113
30000448800887766333322118822773388336644117711335500553066778855556600222244228844447700111100740038815266661166225231420
311552233446633330044777766226611008888668877112244337755441144883588221137445511880055772200770000322444285500273400665538184786701605666
3226688887766778866221155222288551122770000448800884400774455550033005544337733441144777611660066553333557244456
3558855115566331177111188664444225533778833336677665544660055228888007744881133440033001122332200662266110088222277338047072242157755055
366220000442222112244440033117766445555447733002255118822887711556655777744886677558888335533778855006633381111368800701
377446644113333883355666633448866002277222233003366554477353422662200440011114455244430777756118811688877885088400
38811224455557744116611000011550088662266770077771111443322885588448833113355221400666600553333002255665514223366334466447755444206878377376277222
500006688228877551133117722115588881188666600555544556622225522334488537711003300444433336633226611227777667784220241464
51111006633446644114422332244456600555548007700885588336677665577778877337751774888225266622151612811884863133303538
533666622330077115588774400664444225566550022447777228833880044888866861133773351443344667780127762120
5664477771100775544118800446655112200881111552288442277000633024456117788337733887744044888233311667
57711556633227788447722001100330022111122335511770055007744000888113311444455338877665555446666226644116677328
588118877888844556688663311447700885500222244883300113322773344337722007777660066221100555522551166554466661400344
6118822665544553388333355004433774400663344448877772222773300336644220022885555886677551155760000110073221111666688117411431
6333366772222005522770011553377338844340077775544771144446611321488882288668800885588178500006600226666204
655883366888822000022447788443388551177221100333322666611667733552277004466440088118877771111555577556055030
67755220044337711333388334455116644224411002266336622306611114477448855558888778822550077227760001122118811580
70033002200771177888855551100005533115577772277336611448866334411112244004455006600883333221166446666776655662266881138442255443744744
71133442211224444556677880088881100441111668877447766665533228844007755000033770022005555225588551155746622660011714
72244443333001166332255441100552222776677773366883355881111771155551133448877000066118844007600820033114211266
73366332200771177774477006622228844115511667766445544665500882277888833885522113333112433003344448000253355504
7556688446644551177663388334477886655885544002277441188773322116666000033004488222266733355331133623378001111555502512
766221177113355664455448888553322008811887700552233886611116666336600227722442262250077337777444400441555733300651
788335522558866331100226600887722776677771188115511337733334488224433884477003366112233000066664466553328555018088
8118866220066004433558855224422221122887766661133883344882266553333002155775544556644778888444400332744673310572
8337777888822772255332244223333002266006666774466334411443355440055112211331111001155000044445555881177118877580077328162247764870
855551188336655005533224400887711002255663311773388882288111166227757220000774444661133337766770066660033443300445800184
87733118822553300551177881111443366555588668833557755226633884400002233227722110066001122008500746666222244445566748
04444776611555566448888333377331144668811774411882211660000330088665577228855338800552255002266662233663455887122024
1448822444477883322225500338855336622666633557766005566884422004411777755887700001166110077446644508811886344030
2445511221100666677337744661166882200338833335500884444227755330055558800011855748886440655441633260
3446677772244555500881111441188444400665522338800112288551100778866222266332200002258336688776666443333504747330708831616037
5446611338866882244777700228800441177553333444488407733116642110066330011557743722206225522312271118811458855126
644443355333311336600778877337744226677554411755588330000227188550011006611221111684472004400334484625452224280805
74422448822881188668844336600551133776644112211677733001100333455550000427700252141575720671
844661177335544003322111144115566444477443300771133442233170012004488778888668833885588036666552255553332660222724
4440022330055007766773333221177220000441155553388556611008811662266003311886666336655225588006688335544334477884488774462477702822
444003311000044552288661111222277224433664411332255887766884466665566778884220011550077002211771143006607453
444885500667766225522883333886600772225446644273300117777555577408888436611551166337711114877081188010
444886600222277773355661155112200441111885544770055881133008844226622883377443333445533110077887715776063236753888807282
4006666884422557700004444335544775500338833667766448888552288005566330011007744111133112233337733420086117711477786524
4006633551155775533118844443366001144773333771111221133442266445566117766552255005588555222887777220000224411003238116700888800704
42288447722221133554444007755774433882244558866333311551111223322667711773377776611662277001100330022005533460
42277665544446688662288440044770011771122675577224433110055111144550022555561880033000788333355334488882233221133681
46622003366773377554477443388111133223333448833004455331166887722110022226655776144440060008888558820115568612
46655330011554455778844003366111133880044442233110022663377447711775511666677668882007772221122441180662252700
488111177113377551144666677331155776644774418332288886688003355000066005544330077720044002233442222425
488777733112222770011661100005555007766338855228811337711557755886622118800667744778833666600444422334400351111772255345562046
00022338833447766337777226644222211667733114455440077441188005588662244336688446600110044885555115533557757887711770663330288825133212
022005555337700001133225566008855016666775356114411580822448866526644776633662277772233331887444404221433868287846453422307371
06633550000557733884400448866774466881122002266001188003333662244332277551111558855423311337611064
08800665511004488771133660011558866228844112244446688227733220077883300334433774455335500014408554427775555272177038763118571656471133
20055557733660088775522226688446666333355880033443377774477667711770077881133111144110011661152330066444482442250004456532
222888833005566776666004433440077226644887733662277550033352244668864111155774422114455112555344811084
26644662255884411440055111100116688112211555522775533332233557788224477330077770033776633442655417746660000888800438
2882233446622221177553377332244338844880088777744554422772266113333555500558857667788330022520633118811110711464688866
60055332211330033440077775511443333663311772244442222552277001188778888448855006664555577115588000088610045611
62288224466113388558800222277666644442255552266000077115577223311665544001111770033006677773377551122086633668844334488310
666556644337755002211771111667788880000884466228866112255558822445533113333223355115522663366001144442200330067338484772777640417457703454
688552200114466004411228866445577774400008811665544443333667722456666111188880066331177662713778833407
8001188441144661166882266556666331155111177007722338833003366222214225544776644887777888813775500006442773200555577104
8222288443388336677111177668888118877552244770066226633772255805511444411220022773566665544661166000035008485301130407102357552115
8666655664466112277882244006688776600111144550033110088883344880055884444175533332233555577330007443255226637072
888004477778877227700222288333355111155001188221144886633446677553300336655558122552233220055666600662266410
411888877885544883300882255331111442211336600224444665566110011223388663377333322667766647722777755770077480033481845828512220060405525000
433445522771188773355115500777700558800003322002222113311772244440066755166668866564488338844228822662233337042581
455221166884422880055882233441155666622667711881111227777335577007788330033772244006652286011332333808040275767400101417
4771144887722113377663355115533007733227744331188225566555577770055440011744466888833336622880033885500886666441112245426761346000060204
111880022774411004433667766552266332211337755882288114444887700773355716644005566003388384455185548806622223000861200168
33377770011115577445500666633886655330000778844775555110022446611222200335544026644442133668877667731662488341141718
555006666774422334444661144115544558811664400225433221122886600337777117700113388000088330077220053331888222244827
777228844660088556688116655887755335555110033336622338833440000552200445544442244332222112277331133774486330641778761815117071
01166778822118855665500773300003333224455553366115577668833112255106622887700222807775524888866660477444414364546358
0336611555522334444777788007744551188664400668833772277110000117733882222888844333311330055348755704266008111666655402
0558888332222338844556611007722885500224400333300882266337733665577667755552204777788774433553344666608664155481166213
077338800332222558822666655552200005566772288550044557751330088114444664433440622333311221111874
100116655885533886600228800444411223322777766667744555500881112224477103355662200557466883333663314337422552216448405126
12277008833885511882233111155775522447744556677884400110077668533665555004422226664441144871133772211773344632
133003388002211663377112266008866772244776611448811775522883355111100004422334466227777882255006655666643374705855537368542018572215
1552255771133446633111177227744447700443388221166002244008888401122223355665533666855118555405580030323350737876
16611336677117766334422228877551111447733112244881155772266886666552200884411882033330066444433774400777700550018555533888800004560283
177223377665555113388882288550055446622114455331154442277534477441222664400886666880066002200477736370
18888448811004433002277445566224411117722225555116600163322007733187788228855444422364477557777066
2112233114444336633445577226655447788001100448866887777550077337706771188111155884466117422225522485511362
2336688114411884444335522447755661166004466550011005544885514225588008866220000227788770077773300338833374
25544776688334422330055007777338811557744118888446622003366333355331177113322112274552266660066155588548
277554400222200660011224455884488885500553388773366886644228566777766331177113344770033330044111144332233561184621100725
30066336688333388887711110011662200777700334400444422880488558822413355553377465566664155781181714
31155551188776622444422228833003344773355772200116655258844554433777700006666002866111138256681053
322447755446688666622667744337711888800445522334422003388777733116611002288335533008811558844882277005511117727660011233366478570655565000
3551155336655004466223388116611333344337722667755664400221100668855457777887710774310558888227760886018400032224732852205570
36644447722006688112244557711551133221144660077442233888877558855002255222277337777001177882283004103556343116761853115554
3773388441133228800774422225522771177885500334477668888330022320000555577746611445566558244866672662166306641504
388885544335555118877668822772233114477115533770011666633664466221122440032880022660044881440005500857747377
50077332233111188222277113366551155442288660055335577570011000044003344884411661177221122662200230064737384345144644
5115577331188444466662277111122221177558888334477440000778855228800337700225555005544841100113600863
5222288443366668866223388334411660044880022776677558888114444005511224455003377447777113311772266333322118822073357042
5334455667744112200225522223377661188664466333366885577005500332288240000447788771177775511115555444426581138880148373841072
566226688773322446644221122885555771166004455113377623355336333886277558833115524334400330077278800001100602111405087017741877
57777442288660044664400223311000088558833335555006688448877007766332277336622552244334444554471441133881111266305617801888
58800550000772266446666115533883344117788556688663366770044440011114452774422006311603377330333528247771133221122322
6115577668866228844222266445500556600337755444433227726330000880011007700248833888811887788211166631173336533455
63333660033557722556677778877665555006644885522883322662233773344224400114466888844111188117700002222786611666200853
6557711440044553388001166110022446633550055227766668822332255442628441111777700006644447744886600778888555511583
6774422331188558833335533662255006644552244337722008822775511441177771122888844773344803381116611501137004026807786566
7001100336666007711556622448855887755333344225577668800552288661122773372330066443311444411332044088831650
71111337777227755551122665566446677660033663355331166117744440078224455220022550011000044221144115300880054784333223342286
722880000777700224488115555114477110066664422111122330033227600113311665522554455333348222266335833888866184
73366552200661166222211330055001155110000224422668800777761243377554444774455556844683344885144004411118811787
7553377110066552233224444222277440088226622001111228811888800338844886633441177000022550077668044773311343465445511657
76666227788334488771100331188000066773300556644226655775588116688552255113333686022445555008888220044777722140464144
78888662277665588228855001155772222667733007700003333881188440066660044774411117688331122110055114488755522554455642241632
81111776622331144115588884455228800118877338822110066442277116687444466554433005533550000222200432246670087526250307727877
833550066114466886644447722221122771111332200551188556655330000442266224366667700777788008877660021774311581101634
855335555665577660066116622220077114400884444628833337733115582543341332121817777010
8772288331133221122448888007755003355442277000055222200118866006611004411555566778844777744662233443377108
0446622228800550011666633000033444455552233664411888844773322112265111177115811348822442277778877540
144220033774433448855225511882222668844445577004466223333006633666600773311001166440000555588881155661111778833887777665324112137571
244440066338822886655003311221188004411668888554466114477336677770002771177553333776664330455772833256
344778855114400555566776633338833771100336666220000223411880044408877775577227706558888225522881155064
5441133330066448811887766771166556622007700885511558833447744557755552244446611117788443377335233614402510387232423177
6440077775588004466553300336600666611005577337700008833224488226633372222112277644424550011888811115555643
74477554488004466883300777722776655223322666677338866442222118633444622557711224022806
84466008833776633007755220066887788885544551155556644441111442211065577447777117722550344831
4447744884400888855775511777733555522737233225500221188000066883388666644663344330044226672801
44455556633777700001177222266112244778811553355884400334411338800776600220055775500664466682255111100443311652233608
4445533880033113333778833224400556600001155550022886677117766662277007777447722116688110066114488775300442222641188246
444886622556644666611222244221144553300332266001177880055550000888877333377007777513311002232771111884400665630443
400008844226622224433778866444466880066556666002255003388558833555511115533221177112288114411663822772237773011007755220764557744787
4007722228877115588221122004455441177008855000066056666555533663388661188444433334422664463225313023812480832788
4221155110077336677666611331177885500223322445533774444663355222255556655887755447722662200330000111122760064114811686848082188334883338
422004411667711336666333355552211002255776611114400668844448888550055330088334466447777551177226622331150332377473700078
4668800008877553355776666550077001122002233334455440033005566777722778851884411331144442266336600447888617158332828148373843
46600771144776677445588334422224400881111005566331133778866888800662266643722777700002200457735225555412211618
488555533440044110011556655446611888800558833881166447777330033660022427755223331778866882288476670863252220662126
488550033555566880044667788441166443322553388770022228833666344771111842200110077672277774444514401773242326
0003333553311115588667700777788118800448833225522442200550066227711773344008844556611337722223850110166476608774121482886375686665
022111155113388553311662277118877660088222233337788332266880077773366448844555588114422003300006617440055004433557633446655666670147
06644007755114455330033666677447777338844118833778811556622220000558800225555008866552266112211004422335544334466071133124
088005555771144000044332200667722664466112288887744558833666655002233448822556622447733777703331133011168110411886224244
20011330044442222663355887777552244661144772211000055556666881155007711225511665544111177440088448822773311886605337766778888336644580
2223311664466886622666333221133002277774422000055444455551100118877115588557755237788881177634
2663322008888668833662244116666006611778844337700338800774487771183554422773344550000558022864311114125553333015521375567276
288220011004433558833336622551144008877005544118855332277337788444488002211222033007777557711772655068888111155242
600333344777755558855226666557722006611556633111144118800887766881133221177001100442244884444330001222288882253883714540
6220044881100002211330077223388222244661122883377775544557711770033118844208866447744416677665555333366885566663355888877332066080
6663366884444558822332244772200554422775555337788665566221133440000441155002255226144346
68844443366110066220033330055337722887733556644550022770000113311667788663388332233440088222255226655558888554488046608142214175767174
800002200888844665588666633117755112277110044001144334411103366445577333377662255554477772244223388550077887744882706752536044615668
822771188884477668811112222554455666655224422885588660088007722001155332266773355148877778833775577406633664023861040500
8664411885533888833667733444488116666335588002244221144337744007711222277662840115577775500654311000053208
8886677440000552222664477775544443322772244550033668811773388441100115588002211666611113311856633337766053
4111122448844664477552222003388550042335511661100117711883366667766880000660088630022634077287708281318832
4332244663311665577003355336611555566008833778877330000551144445544007711362288220011886688111177776644774488510027584
4555588777744117733116600553377556666225500770000443355221155444466448800336688532277226653882222886244220477114403330103412138483881811
4775500442266555533222233664488552277662211002244558848111166338822886677773333778011556600330000551131808
11155777722882244110000558833442233112200778877004400662555273388113333667766880033553324716655664466644
33377222233221144887700662244443344116666886600115500005511003311220088228855442266771188002274004355764848188
5558844773300118800008877448822226644552244332211334400554466007711004200338811770066111166250026663677557777265
7771122775500006677663355886644660044443300773333228888555544225577001177222311881111551144778800552611302
01144775511335555776677771155663377331466148822880000336688550044332233338833445588662266642222778888108
03344331144004411116644555577880055444422112277337755665588553366668866776622887741771188333322223388226888435512024
05577330000332288007755117722446622004422114488227766774400265500885555883355333344336644481166318
0776677004433003366444411331166880000223322228844221100124488666655556622006544557777447755885507335524046
100116655661188882222112288447700772277551155777766444455554466333311448833440022443355338855200377442807871
1228833220066775577663388662255113344666611774455880022110011143366882266007788555522223377008877773355000053004444884422427643133
133003344227744778800554444115577008822000066885500228888660044662222112233224433114455552255111166110488433383765
155113366116600220011886633442233228877550055665555441177004400662211222255226722478822753358885303137388184338083
1664477778800006677113355440022007755772277003322333311553300886633744422555522445511441100550048336600162215661266885842887826588
1774455880077110088883300552266118811338877334466660000223377668822884477220011667700662277778855111155003333225555648864221122475
188885555777711115522667733335566330044007744558800337788112288665411661177660066224422332250001820846666444474836343138
2113311115555887711001122664433006666125533774422008833662233440044103355463388550000227733322866880788167758270848865777276
2330000226600338822442200115500884488118877846677662255664433334477441144554440557722228555277701012
2555577888855886644111188777700336666553311222266772244881100556622330000663322882277554444660088447766117731468010204747107
27711117744225533228866115522226644334400447733001133112200224444555511881166005500884466556622335548221753763
30066883366665522000044443333112277662244003355884477332233885511557755337788774462622211334255628
31166556611337711112222551155557744776633664466770088117788785500003333554400553300114444568822441188442232004488002286006272621
3220033558877774400662222334433007700227711556688557755552288336611882244663377333311338840554011117766000041008166578
355664444886666005588552277880011661111003377668877225577577700221144220066224477331188881174113344500403312468283154384
3664477446600331144115544557755002255333344007722338888555511667788001133000044226688777733771177628833227702220211118811024
377118833335555117700003366557722661133882200786633004455223322553311005544222244111128001144448626467346015686616
388224477557788114400777766554411773355110000446688772255331113722266158866662200334422880022748888456636401
5001188553311333355774411447733444466448811775566000022228800662200882266886388887322112255227300454
5117700776666220022228811001188775544774466773355223322550066008866336611221166888833885488211
522882244881100447744556677003355117766442233332266668800554555775588338877888866221122225166508850027201318
5337766664433332200225555116655005522662222335566880033660011774477773388554411110088881188444211478822404
5668822223322883388664455772200552266778877113300008811558800225077001111443344662244440123717333118601016613536636566
5770055664411443388225533440011117733006688778844224444551122777711550088118855222288666655558888007766046622054637521
58844446677556633668855447700334433000088661144118800442288774455773356440022338811662244888600565266610122015722225712177
61100555577112266446633118877883366662288222244008844777755114422004444117700772255006688665566715588553355423
6330011447777551188556644448833338877112233111100335588665533666622668811778888228800776370557411304422116460624434500
655003300668800116644338855114400777744773322223311770000886677557711225566663366026614448822888833558812446622120
677443344882277771122225522441100331133226655117700115566220066661110888866335588333377336644447722338800257044584408185
70044552233222255663333554400668888226622008877553300110055771133114433441177286666002644700844448855881188015511636
7118855441155008844443344880044775588773355220011222233005550774466662266442244003388886688316677660144525
722557788443366888855556655008822444455113333002233114400771155337777001222667733887766448866006622774422003800561
7336655551133220077882277440088006666083377663355888844222211441177711246434543130563887335352508586
755225500553355881144556657883377117744004433880022220000112211663313224422667777664477366688772077060
76644004422007711112255775544114133005588778888553366223388481100663311773355661166667777001188668833334500337650008150226272124222832
788665500557755667777118877002244008811446644445544116633443377228800001177448833110077660032006666826612755530458526251
8111144446600554455557700115566338855223322443300774400667766662266112200482211331177118877773377227755116355883333478
83388775522334477331155444488886633337711770088005500113355662222778811665577226666884466002200007741004300332255336141858122111552406
855887755338866114433001188007711334422006600331100228833225566227777222244555577884444882213550088854463640
877227766668811446633115588556677008822557758660077337777110033662211118844774400006644228444534412448233330027838433205350401
0448800113355446655778866882244552277331155556633443388777722516611884400003300888766006666770077411122362
14444111122221100223377445566336677661166227700664400772255553355220088558888228800550000332264883300413
2447755553300003333661133117788006633443322665544442277441144550044002288882222552211223377220155777716886644662766773706066488781845183855658
3445544881144667733003355777788770055001133886655551122662200004444007711880088558888222288337722775422115688436633106
544113311884400663300880033882200227755557733553377778855111100116622548888336657223322668466143333447044445426667076064
64488333311666655004477773366330011115566220000626467445511775522225555442211227844118858224400786
74400441122886611885555775566222233006655115588771144888822668811776644331133332200883388005544225522473366335533470
84466773333556600332255338833665555443311777788228866880055221144116661551111222244550044771100770000227722008307557442318582613
444225500770055775522664466774400660022441188448811662211772288668855553355111133773311003388332200887777666614530000471
444557788008866556600663388114411331122771100776644882255330055004477222200333322884422666688355581667744661152101
4445555446655661144222255770000333344001177443377338855006622777766771122452211660077881100558877530041883111366647268
4448877115522772288110033446622331144336644221188661133224477417700888787553333551166330000550066555543857
400001133337733444466665577661144336644551100552288550044227700887788886677553388448811841555422242021232674722571
400441155550011772288114455113322778833443355221111660022557744888866558800007711006633112233884466885533666648226222475562076
42211114488441166664400113311773300423377115522660066333388003355334255887755770088555511881100550000777788624
42233664444332211667700440055885511778800115522887766555500777711110088881188441122226622002277224466114483774000660033534
46611220000227755886600774455772222117711006688777788555566443322331144113300442244448811880016782264708
46677001177448822225533444433224411555577550044008888772200662266445544777766630002118811114422883352336122785848086381637311033
4885577444466440022333377227733228811553355662255551100771133665522443311284411118866888800887788234477006666350000583016103046760
488110088336688770033223355888800228866227766775511556644557788224411774422111133112222666540116007118722552203430
000336633552255445500221133006677446611553333885511223311442277332200448844772288224601117711881166288877886688064
0228877776633773311118888227722221122446644550088113388662266604444000011005544334511480077003068455565374
066000055334411887777338888550022880088222211446611007755667766663377447711772233662258664444333308440133111166512
08800663388881177000011332200333366772266551111887711554433445577442277773377660022223300441166114403112211035246462
200007744330055336677335555668877006644446622550044112211771100332277666633331166111133440188660822228856581151424
2223333774444884422116677778855001144117711551100552200226644730000660044555588118888331111335566886655332242880276134
266552211668822887700333388441122220044001188551155771111445533224433446666776600777788664133062885654555058107317757472
28822221111555544885533447744336622332277665577225520117711003333006611881144660055004755667777888866668848064
600003377440022771177221166556666447766880066781144661111225500553300444422008833224458886488584388201350787343136
62266445533002233114477008855886611884466881166554422007711003355666600005555048888038877882222772213777752534
66600338855116688442211334466223300883322556655331177550022664443772222773122000041114711501100506
688118822555544774411117777008833662211553300557722003355002222771144880044551122333344224441332166338103752675666
800665577552233883366771188777733444422224477445588551155440033778811350022556622007766111144112266448866668844660044355536316170882058810
82222552200443344554411223377881166772277002244775566118873111174460066668866388800883100113650064
86622440066002222885500117788880000773366663377770055881144771166441155775511333322338833556655446688776610444434227672520
888557733004488113366001166770000221144003344666622005566115555880067110088447722775511112255228877778822333322431
411550055881100223322003355551144007700888805226622886611331122773304774488777788444426771177211
433775544664422444711551177222266777742886655885555225533220088333366331166660000668847335566118820338111376621407
455776611335522226677558866448833447711444411555565118844338800678888553322554122111177227700777740008811630033136
47755006600552277663344445566771166221144110044668822335544331188666655558800336617000088881733226644220022440077428
11122554466002211001188440077665577114433152200550088000066883377223300336614226666332222886622448888558827881455664477404
333775577447722553344445511118855887733006666888811554411005500783366223322224422882266003350013381448653120214363466140676427
55544442233007722777788771133664433774477334400661188556677662200222288881155770000551111775588663311001144666600448500316680821
77755334455007700884466665522660011667766447711338855558800332255448888335634442222772200221122343
0116600334444331155557788883355338811773322884422665544118866882200664477772222112255885500770022776800523
0330044557722006688665555226633223344000055335505441144442288118888771122227766778833880511773311113611047701543166260647466
055885533226644117777883344555544886600221100882288887700115566662200444400771144775577224433000033880677337746881188423
077220055115522556600003377334444667777002222775544008800665177662288886633668833331133543306118124814643210386611
10000227766778800330044115500774444884455222255888833228866661188226600111144268467773355333377113311605555606
1220088116666113344446644771177668888554455227700774433001188442211448833115577337622225555005530228822386
133884455778888223311115500227711001166005566772214003344335555442266224418120044448855222477776688775466637
15577334488332277668844002244336600888855114477772233774422552677116644554466558800444411210033007700005555001111875566235313863617866
166662233221111446600447777884400333311227733774433665555441177553300008822668800742200222288883522558860550155657182410
1773388774477668866770022883355114433331188116622126666552255557710775562330055880044000088444482001377227777832
18822002233112211662222773388111177886600887722440055777744143300003333663355337766550066880016661466444474288846785555483525856
21111665544115566882233660000113388118866663311226644683355888800330055220044557711774477808333244424834
2337777555522111100778833114422444477000044886600117722774416661088738800550022558822043322228844062263051468133363556348553885457
255668800111100442288775555335577008822447722227733116633000433338888665511446644883322118847417
277885544556611222288444466440088665500226600662255553377773344330055224477221188776688338888220144215577113166775581110744863661741
3115544113300445522443388885555003344886655661100881122558877568830500466073266772277776622220211117708082844078144271181644
35577002233001166224488668844778888110000444433667722221188225511446644006666334422774415445533355077565087303057660717761
36644881111663322008888775544551144661188447722224422338855771133583311221100007700668822660433744623467303365866680
3774466444477004422457766660055334100662222112288885566882277771177331111887725113811658847886755200085402
38855117700224455448866660044774411881155884400663366556677662266112233335533228888355577550277772222025
50011775533888855443322221111551144223355228844445577776677225566110033778811662244113344773366555744004466333300664488600
51188112222116677552233668855006611331144225577227788333377005555886655332200887777441111554400226633880033000011004288462
522220022556600553311224444880000662288550088116644555577440733338833775511777711336677663344772233526611114411565
53311222200774455665588778855770033336677573358663388883322116644441111334422561100224488000052884777223012627040806
5665544115533662244220000447788005511110022775588118822337711444177663388333355557733128855003346888866664266770523287603061
57733114422446677444411226622880066552255330011338844550044334477223377111100777788118835886666115566375554840
58800776688555577000088227788332211113355225300110033445722333388663244447744887777506677317711664466660144015
6116644668855002244338877880066332277662255330055223333117722112288226666771155442222008811883355557755113377336488845
63322883311552244118866558844442222550011116677008811003366880000554488773355338022351144664437440781760
655112244660055550088775544111144447711664433113344221188556633223360448844558811772200333377330077770011000022776833506822686
6778800003388447733553311112200226622118822775500661100115511448877117777660322885522442223444467230
71166004422227744002288223311772211333300551111557700886633880077664411881100335533773322466626155588552655468
72233332255886677660088111177443366335500703388337611440044110066442222662288882211551188552200112688765576600
733882244004411552200662288331133778844554466770022334422774488666611221111005511444255550011660000785588722
755448888446600557766886611116633225533112222664422881144338877006655804444555511552033556077773344113333640011747080200
766887755770088553377880022005503440866332244227744333366118811772211551111264411444488245566755588335
788118877444466221100883344000077115566770066885511713366004474223333225522226611112288224488665533116666330022701148050888464542058
81166114444552211227733332222003366001177664433884411113355558833770077772288775500440066334466774100556655125572331622468
