00022666688882255773355115555660033777755331122445588113333442211118877117788554488405522776622880011661146504
011557711337755332222770044448800772266338844555544116666446606885588881111223311887355667611443286210
02266557777113333662288880077661155551144445522337700885500111100448833887722006600005822227666332244334466741166864
033775533115577116666550044448800556622881111222211334477774411773388668888772254233308336633543326778844645
0444422880077551177337766662233553333115555772266002244558811884411338833668888770000116611112211006655667711440080377784774466348546427
055777755113333118888222233776666008811552255006677444433662266441111771144778800110044884400007211628853045864220
0666655117755337711332222888800555577774444776633111188660022662200881166443333667733552255661108223344645584227482124
0775555771133331188886666002222770088224444664433558833772211556633661166710050448844100
08888666655113355775522223333444400556677773300771155880033111122668844770011004411774433221144518822420
100888866665511557733554444002222553333771133442211226622006677007722778855228800447744558837764466114411856630103056800
111555533337777888822662200660088774444771133556688114466665522334455112222554430440055775500317706772288021188363
122666655551155770000333377338822771111881100448877442222116633660055885500888800113355332288444400777762447755241
13355118888666633773311775522220088224444334400338800558811662288777766446677007710227745778842661682330000104
14444886666555533112222880000556633773355003333226688115577551188774466006644777722770077124022338822008855888833001522134
1553311666688885577551177330000663333778844445544880022776622552233558833886600777711332244336011110055608
1666688000088553333771155556622223311777722550022883344776655774422113355112266336611118866005544888844558822007733006444332877001788141
1773355778800338866550022226611551133334444662288775555336600552211447777007744330044008836442270666688445566700
188886666553311557777330000222233771166003344447744883388006644224411221111445511775566304465226277855582820
200668800557777551133331188116677664444222233558833008855221177882244002288886633666600003322665555304477445544325
2113333777755778800006666228833115511886611008888553355556677224444554422007711227733001166887744111055225588148
222666600888800115577113311112233775533444466773333881177000066114433227722005500330074068825118878485588354
23377773311555511666600008888226688771133224444112277228866443333880066117788336655667755005577662355203344554467440044284
2444466008888006622771133775533111177773355550000552266441144332233334400222205883366116688774476581128510
255113377775566661100003322888811557788444466773311447766441122774400442233554088555533334877222211852243870
26666220088880033775533113333551155771144445544883300555500668855663322221111223366002288224411777788773388147
27733337755111155666688882200007777665577001177448844440044114422887788335555223388553316332255005546771266103
288883377773311110000666622333388551144441155552277004488001188667744664400225533222214226633665508775577145
3008888001155771133775511662222665555886644442200777733882233110044550744663366660433553346881188712
3111177553377778800005566222266338855554444116600442277333366665522558833443350112211448844774400776677128877006688203
32222880000887711117733112266665555335566777744441155110066881144224400336600286633334166418888557766158840104
333117777555511226666228888000055771111444466553355447744113348116611002211882222508856824646763231560
3444488222277771133666688000077221155117700111166228833778855774455330033550066447766002266118811225522086675443311024
35511117733770000222288886655550066447766331122666688441155221100442244887744338822336611333344660322777711614
36622227777337755111100005577444488881166115500887711772211333311447766770066332200778844118808230555885544566604668436540
37711332222888877551166667733110000557700334444336633881111442211227722440066448844668821880011550044117777861077455565802
3888822227711337755551100006666335522111144446655886644333322445566005577667777004166208877331177881155330033485540784835080
40000775511773311553388886666222277884455557766001111332233335566330044116677771122118877228834774446880588226655225618564
411337711555533222288881100007777446666550011112200221177551144773311883333556644886633668874043388242
42222880000886666443311553377333300775577772211117744555511226677006688550466227766116604882243220588883355418
433115533775511770000666655554488882222336688002211114477220077887711881133883333558855226633001466440766224256128866084327334677774
44466660000555577771111331155338888112266770022554488003300886688332200117766114477336622221633565044064
4551133557777118888336622226600004477223333775500778822001177331111555566776666441144663388112433244428448855253
4666622000077553377113355118888224488001155443388778866777733226655774400442233331177225500845522112277663344411100364
47755117733115533888866661111442222000088337766770022445544448855556622557600663344001100333304112288418811621272682
4888800666655111177222211553377004433112255557711003344552288220088116644440006887855884411883611356602763
5000066662277771155228888113311118877337766332244445533008866002255775511770011003333447744004422007566446671661224105
51177553377113366660000222288887733331111442244880077774455776688226644008855665555447788115522110033001187225586220044332
5226666000022888811117711664444335577333311887700336677225588008855113388334488445555661144006633068822332222441155020
5331111775577226600006622558811228877113377007733336633441155666644443322268888447744885555445511882657886011008800542
54444006666111177552222008888116677118866331122333377770055007722555511000044665576880011334488445622115144224470302
55577771133116666880000333322118822665511004444886622778888773355220055446644222288402258537700601
566220066117777113333550088882277665577005511116644443311224400223300446688775588115544226677286633407783773366660011400
577115500007733886666112222337777444488882266775511117700662211003355558833668855665522554422772288032203331633043344546
58800006666115511337777881144442222335577110022554488772266775500118822445555665524338833334406336626888866047733041857446847670
60088880011555577331177553377662222116644443355887722663366111133224411223333446677778866556688118832771400666254770022800
61155557733117722220000338888665522667711337700444488223344118800554400776600664433002466333355111166668833681144701
6222200888800667755551133771155331111226611773344443388777722440055770000776600118855002255446333223307441288448812747868382
63311553388881111222266773377000011887766003344447777114488006666110044330022884455557722007755008422552217440055146
644442222008800553333557711002288330066111166551177770044887733113322552211227722447788118855001155445677488866314
6551111557733337788883311222200006622444455558866442255335566113366775500776688777744770022660044110083446211627144823
666222200888800337755331133335577117777332288111144555544665511552244770077661166330066885588650833848
6775511773355772266000033221155444488882233331166881188001111220077770055662222555533776655002277447784558244666633842
6882200883311113355557777226677110055337755222211228866223322440033336600666644334444880002778888556633881455061
7000022666622888833337755111155331177334444008855776677772255221122441166118822336688005566004477884455554488663380143
711333355775566660000111188222233008877772266444477883311558855004488002200554466334411443377084422440888665511012
722223333775511115566660000888833884444113366773300661177665533555577442211220011005522550033116688118800228868707044814
7331155337700006622226688111133558833880011444411771100775555666611660088448863336722882274388855447875750
74444002222666600888833335533227733007755557711116644336688551177005500667777882255628155841144704011800
75555333377112222880000886666552277774444115500663311332211116622446644207700558888778843004811776388235
76622226600005511557733554444885588331177770033334455552288447711221111661100113300772277843372456666350
77733555533111122228888333344446611550066007711885522663377443366776666886655664477008844100033004800123322738
78800005555775511333366661155444422223355334488116622441122111188771177772200110066888866714470884438502
8000022666622887733331111771188663355551166888844550044777788553344442255220055448815822217224300667766127
81133331155777755222200006666883355118844446600111177112233774488555566116644336622554411003388665211442244002260428888232
8222233771133551177556666000088333344442255777733115533661144550022772266776655552288668888554433240033006644662700180044707
83311113355775566220066444422777788007711226611008811665588553333888844555522337733225544887744336674063301714
84444886622226633111133555577110000660022775511553333777700445588552288117733883366556611888877667788068826664424647411243544050
8551133557777111100882200666655227766332211770044888800558877224433334455440033002233664466228861447422601180750
86600006622228811113333775555115577665544441144227733553344778877007744666611748842664822421800583
8773311553377000066111133228866227755554444663300221122225577114477223333556677778855884400445500551244888414336666808
8880000226666225511335577771177550088773333776688116611005533448844555522004422444400660014664437865582767
