444888822226666000055771155331177333377775555111133554477003300118877664422880088446633661166820046714322338622465
4446600888800115555777711333355116622112277226666447700228866337733661188338877556688558844876670305
4446688000088662222333311553355551111771166003377775577882255447722006611332267338833034411440277670844324
4446622880000882266771155773355111133331177558866552200332233888877778855661166668411447722448277002222140
44400002266662288883311773355771155113322005588555566111144667777553377443300445522447088064488668822333344241
4448888662222660000551177553377113311556688333300116666777766550077880044223344111144621122773322006022584
4440022666622557777333355111177550088558833880000441188668877113322774422882233663348460011222611653300706
44422008888002266663377773355557700662222441155111133116655336611000055228855883333881188771177556688445544003300476641214
4442200888800115555337733113333661111667755772255228866660077882233443355110033005500002222112278745582440044663381706
4442266662200888800337755331133335577117777332288663388555544772211550000222277881188441122551111665588245566852
44488886622226600005511775533771133115566883333001166667777665500778800442233441111446288221122773322425811002
4448888662222660000551111557777553333773366335588221100113300774411220088118855666644223322506680331164046
444006622226600888811115533775555002255668877333355884422117711003311227777880000770011336633441166118055114233076655428
44422008888002266665555773311775533777711333355111188770011222277663366443388330033445568550055881142115047882
44488666611555533331177778800222200887711113355006633773388884455883322770000442288557766012236775511425522426
444660088880011555577771133335511662211227722666644332288338822553300337733668855887788118844770055000060441144011105224201722
44422000088882266661133775533115511228866777733336633224433557711662255554458111100227722334400660057446644148
444002266662211337711557733550088881188006655112277775522443311774466334600330011005555333360438855614
4448822666622113333775511773355778800550033111155227700885555330077110000445544228888461188660633881166777766487722224203668233425
4448866662222337755331133000088117711660022555522882277443322118800551122447777006677661155007788883366556688745544057
00055777755331111338888222266661155554444003377886677330022112233225522774422008811001188333355885511663344556644884411443288046
011557711335555336622227777002288333344448877338866776666880007225511661188556644554411442211226111781108884588232
0222277773333555511550088886666771177884477664411331166224466553377448800001100660077228833223344552255775588263388742
033775511773311555577880066668811663333882288883300004444665566005533554433447722332201336144224458677744076
044448822666622880077775511335577115522550088337744333344663322112200660000330022440058886111623311722
05511775533776622226600888833113322330077886644447777111122774488557700661155445522446655880666825555640
06666551133557755888800222211556633334444117711442277772255550055440033116644886688118844660088228011112624773377443300745
077551155773355444422002288772244776633113377008888556622334411881111221177116611000055227777880045882266006668374
08888226666220033777755113355771155553333444411773322114400558877004422778866822246116633112287256
1008888333311337722225555775566007711116611224466774400001188666633664488003388773300447777882207051155332277681145023
1115555333377778888226622006600887744441133117700118866665522225500005566440022336682110033551166334424746
122666622888855115577333377554444000077770033553388776655552255883366001111008844113300221188117611663314556228242
1335511888833773311775555226666220088007777006611557722884444550055333322110033846644222277665566704470111144324
14444888866662222000055333377773355551111338800226677117722557755883344668844228811885544116644306630882077060
1557733551133772222888866000066552277550088331111880077116611445533443382447766663366446687770211044412658563254405542
166668888222200005577555533550033777733226622338844441144881177447700445544206611551188667766007716440024301
17755553333771188882222000077774444666600115588112244331133225566447700662211110022773355048808778833036845272
18888662222660000555577773311771111558822113333774444553344667766665566330022772233228877008800668833884422004477881144303
20000557777553333778888662266111155113355444455556600883344117711664488002211225522228477227703110246332687338766774306566
2115577333311666655008888007722336677551177881122444488556633555533776600227711441133005588770000320064001288622254542264384478346
222006666773355771155331188880055554444228877774400001100775500883322445511116633002255881133338855284411446611756
233777733115555116666000022888833336611338800886622774444771144007700448322226122557755220055006011776355411107818
2444466008888006622777755111155557733330000556633552288222266664433887711772255883377004400334688678181316
25577331177556666883333770022880055111144448866001100447722223366338822662211665500661188885522446677442555440088107
26666008888002255773355115555881133331144441177661100440066223366332222772244221111665533443377118877778844882855068837064
277333377551111556666888800002266003355778822444477005555443311223388336644004488621182007711476255352
2888833117733557711550000666622333377774444775511118800770022008855884422114455552255660011663300553344003134326655404
3008888002222777733551155771133334466442266331188660033774433882255440011221111004488770000556655550066116682814477858
3111177553377772222000066558866662288330011338811555511661144112244336633332255002233552266078888044454273344648744071
32222888877111155337755000066665555444488113311445522008844335587330010224400333344660077663386268677770786164
3331177771155558888662266002200885544445533773344112211118800550066110011667722882222442277007754776646566
