000775555773311113388886666551177222233667788225544448877114466885477664433004400661633560022003344526
0115555117733776633886622221188007777557788224444333355334411665566667722888877442233226644885500558833003312554466104
02288883311773355771155226666007755113388225566444477448800881100442200001111443344550055553333003366223322761
0337755117733888866555577220066221133116688000544447777111144334466112244223333227708118848226666076643528
044440088666655551177222288113311553377557733667711668822007700662255441122114422334464332268084472748
05577775511333311888822226666008811552255007744664433773366771111440000663306112233221102885622480
0666655117755337711332222888800111155557777336688220033334400554444227700776644660044116611447638162266700
0775511335577331188886666556622227722115500333344440088224433778855553300005588338844668800114455248811112166117044710
08888222277333377115511116666555500336688117777444466440055221133112288338800225588553355663322330611447788660752067
100888800666655551177337755331111442244668811335577115544443322777700447744882222883333886613001622102
111335555777733662222668888000077553333444422771177445511554433114833008866338872882033706
1226666228888333311557777555511330000332200444400885544337711110022338822221166336677660077006684227722546
133335577556666000088222211773366225588330055553388003322777744441111446655002266884400448811007244742
1444466668888335511337733110000222277555577003322884400558877776655006622553333885544882644243188661111217
155331177335577888800002222666633775511664444332288113388662255440055550088261111446685660044270067774477141
1666688883333115555777722220000337711335522886600117755880055447744111100223322663344446611448511840644256657067786212
1773333551155000066667777228888336622552233008855331133771111001166554455668877884488007744440033824433227764102
18888660000662222555511337777335577115544442233880077448822110011116688117755661144330033132200887788553288345677064
2008888006666227777333311337711555511663344445500335533660000447788338877221177552233002222441100554466440144318827058
211337711557733550000666622888811887755444433110022663388440077227700885555222255883344551122048826446604286655368
22200888800666655773355115522444411771111337777550033886633660002774488332211885555881104556261642
233777733115555116666888833000033557711338800226600114444665522770077222244333366334455441111008844886622882256447328704
244442266000088886677551177337777885533331111335555772233441166880055006611001188115566520044540022112288222252748
25577773333113300888866228855332228215566558077667744006600001144110044772666111177864424671181612
266660000228888777733555577551100554444113311442233224488445533776622006688663366116677880033438645271111256
277333377551111556666888833112244440000665577110011335544114477772266776633664022886047887348403810708
288000088773311775533776633552211556666001188664444550022448882003333668222770077771111006477226255442577441144013
3008888002222777733551155771133334466442288331177553322665555444066224866774000418146003666816630511
31177338888222211551133776666005522444400335555333322550000661166770011887744228866227755777722665566447784607712343
322228800008877111177331122666655553355667777444411551100661144550022118855223388333366888822443377227788113300334166270
3337711557788000088112222555511336666775544668877221144770033001111661188882288665022662238441176320
344442222880077881177331155550066667700335522661122000044005588883366221166886644118855411143884777113377410
3551177556622116600002288887777333344440088111133227711005522336666555577222255082208563377667784226687038
366222266888811113355775511773333440044880033772288225533006633115544443388776655550000885524666644556600116677778835886611202
377113322228888775577331100006655884444663355553333882266001111661122007744004455442211441500348800256666481
3888822000077771133551155772255444466663366558877001122117766447755556622774400880033223311002288111144116600667483404
400008866661155331177335577222288446677556622003377111133334411001166883300770055882264776422336800288
4113377115577335500002222666611884488110055116677553333114422332200668877664455554466556620338833685528886111770821258
422220088886644006611557711331166335588445511005544337777223322776677552211774411448822555500224466566688562441204
43311553377771166665588000088556677338811332277550077222211776688224444554400662288336264246477001100341144887748486
444880000882222666611335511775533777733331111555577114477665500663322887722334455885566001077004400227422188
455113377775500882222880011664466112200553311557711443300778866338877444488335566000066226655885555442233221688104
4666600888822440011553311773377555577226622333300774488004422028866885511227411116611443366332814754
4775511773333556666110088880011663377005577223311883322555533886677662266441111444455442244002222777711220077806
488880022227755337733117722666655776633445511333355558822114444330066778866003366110011668833887777118855647700774464000040820
5000066668888222277113377551155773366440088777722114433330011117744225566555544446633445522441122660022003388648800418811607
5113377115577332222008888001177774444666655882266331111221144775566223333881166885555000022883366778866110033006644118522445277048
52266662200007777553311337711555544884400885511668822557744550066772222112233447700227788776011442244441100504
53311557711666600005555444488882222337777226677880033335566884433661133002200776655001111741124251104558404662473264
544440066661111775522220088881166771188663311223333777733447766225555772266000055885500330011338833621150228822441144304
555117777113366668800008822221155337700665544441188333355773322556622334466007722661144005500442288887755220011076788616
566660088117755111166220055228833331188444488007733006611000044667711337777227766557744003355026688221122338888643364555531514
57711113355000066668888222277337700886644446600775511225522333344887744063311045555443415885804783
58800007777557733222211113311668833555566552244448888553366445500666611772233337744228877001188662266004433841102520
60000555577771111331166222288885566444433776633221177883355330022773333448877001188112244772201446677558826880655436
6115555113377773322220000668888111122331188008855444455335566228866005500774477221177114422776677883333664466330876548
622228800773311115577883300555511337766660044441177114422667755663388770088664433447722553355003322345522140
633115533775511770000556644442266550088227777111133887733332211222200778811006244184477448888336344635
6444422008888002266337755331133336600777711772211555511666622227733557766778833001144006655661188228874558855224488603388104
65511337711557733222288881188000055003366221166772200444455447755556644111144661103552333087766331688277744048
66600888811115533775555002244442233113300556677776611773322771106887744884477222211226822880388635
67755117700005555222266333311553300887788111144448844660033661133883344771122116666885577225588662200227422445566482231804
688881133551177553377000022226611115555444455887733332288660088006622330077771144225577885528447744643388331485640
700002222553377551111336666557788881155444400662233334466887722447711884411001122007777330055003355227746008633126
711553311008855002222883333777744446666335511886677001144332200004477888800334488227766226688111166117566005555406655225582423
722220000555533337711116688886655003311775566444455223344228844115511881100113355885544777700778822112277467736006666325616208
73333551155000066668888227711336622114488442266445588775555444433880022886600770044001463020777223322422
744442200008888226666553333113377334488115555221166880055111188662255885577554411772222447700227777884466004450361
7555533337711112222888800006666556622114411773344447744885511331155220044003388118866332826001166843300850
766222233331155557788000077551166332288444477774455225588330011770088771111267724361188114666488866804
77755553311332222888866117711667700558800002244664433337766330066662277221155111100440411447744481128487738556655082
7880000555577551166663333113322881177772277664422114488887700667711554400334455335588443306552266825566124
800008822226666113311553333771144441166225555440066776655777755110077336633558833885566888844220017004433445460530
811333311775577226666220000555588337788880033444455442211114488665566776633660066115500770012777743552255130088428
822223377113355117755666600008833334444225577773311662200774411110033880011888855004433006644663322881155368844740
8331111337755557700002266662211553366880055444455881177333388227744888877110011223300667722220088440033551188556610443344124
84444880022223333771111775555336666225577221100113300881188661166888855115566777788220000742274652262454
8551111333377336622226688882277557788777700003355664444331100550088114400225588661166084462876344847304232
8662266111177337755557744442277001133331100334455116600006666880088223355002222887777224411553366338844778888558836446522548
877331155337700006611113322886622557755660088824422223333555522663366551144558444117744004433871187866055407721602
88811333311557777550000222266661166778822110033773355111122334433006644446633660044555588665533220011885547662877405088414
