00022665577335511552277558844447711770066883388228855553311333377774433440011003300811144112633261186007455462
0115577335511337722228888006655331188663333662211771122004444777766443388355500554455274466668400008144111485807
02288882266660077555577117777444400662255113333553388003300115544110055227722443366118877881166776655663422150
033775533115577116666008888223388772255661133330000555500662222777766773344668844774422443366441111881144544488328
04444886622226688005555113355333311115577117777660088220077337744772211881122552233224466664424330000663366754
0557777553311332266668811008888223333556644330044555511117711558877441144880011221166007700337733444422820
0666655117755337711332222888800555544446633111155772266778877773355003388114400004422002277668833008826062333645585648
0775555771133116622226688883300887733332233661155111100445544443355886600005522114411772277774477002255667783442284063181264
08888662222660011555577771177002255333377220000443388006655114422332244446644885588445544713356882106331166712
1008888006666555511773377553311114422446688113355444822115588777700772277883300552255000022884600163388633322604
111333355557766660000228888223322551177336688774444771100446611558811448800885522226655667755006622005543883370721862784
122666622888833331177557733551111440044880011556600221133441188663322225522774433885533005544223375550038224444746
13333557755666600001100444488222233668833117711885555888811667733880077778863227722552210551200626544240084602
1444466668800008855333311773355557755111122113322224411554433002200110033660066118888228866227700772264577748784
155773355113377222288883311666600002266118855005522444477667711008866448800778877443388221777003366546688440066320
1666688885533335511000077773300883322111122776633660011447755774411550055554400445522444422556588118870623288622
177333355557711666600008888222277774444225511337700330011114400550066445533220077552211554477661104112677246633665433183388548
18888662222663355113333005555773377003311553388004444112211664422036666883324661144776677887775885566554488210
2000077553377113355118888666622777733334444330011555566002288008822665500441100558811440033664455442688338877006845272
2113377118888333366662255557733558800777744440088441177220033110055226655334466006677664422228866347700002235661155111122404
22277333377115555116666888800005577774444003366554477226633008811331144228877662244884433445042120
23377773311555511000066668888227711332288444433553300775544117744003366001111446644524472661188662222008800204
244446666880000882233331177557777111188335511663322227733774433885555334455442255228880558300448655006600102
255773355113377118888332244446666223388000022115500555588111144116688770033110066007722886612777744882044775533336644056634342457884
266668800008855331111335577775511555566337788227733441144443333223366001122006611662222118888447744228815883244503
277333377551111556666888800003311778822665577114444005544332200442244663366776622335222508866402211001188177727460
288883311117777335555000066661188552277004444337766222255440022663366442244882211220655115577881103223333453308638
3008888111155773311223322660066117755664400441188550033552277776622555533770055883344663333665544448822007006766
3115577113377550000222277336666888811662288444433225555220055111100887744776644667708660544521
3222288886600006677557733117744445555111155330088118822114411320055007700140036447777884438004487254
333111177775555222288000088663377116655112200664433445566667744446600550022661144225822110622788816840
3444422888800002266667711337777557733555511776600883300441155225500662277222366440111461188110688778863832
35577771133116666882222880055556600444488442211003377664411773300770011112277226611447755333320885500665588778866700
36622228888660000777711772200115577885511333355338822444433116688440088337766550055558800225522112266442275441144663611067
37755117733115566668888113300002222776655772288003333882255443344445555336600447700552066241166111144663400110
3880022887711117733226666001155557755118866777722331133004444888844112255665544664477661100881200003700568
40000886666551111553377331177555577663344112255880011333388114422332288448877226622777700224445004642205543506
41133771155773355000088222277556666006622001188883333447777443366778855553322552233887700721111445588110446384
42222660088005555331133338833775511557788661100220044552233662588111177118877447777288854884633564033000011265
433775533115577110000888866665555442222332266884455111122003355883366338800552244006611667777447766441144825
44422880000886666223377773311333388115511117755553355007744112255220033665566332266116688221100227055883344330644046678748
455113355777711888833666622223322007700887755886600224400552211003388001177881111441122556611667744664444882266304
46666008888002222445511335577556611550077331177118822336677663377778866443333221144006622553300334444111168770044881544255587447013800
4773311775555338888116622226611114400005500887777223333778866443355885522006600336666782211580044613344548
48888006666551177553377113322220044663311662288338855550011557777443300334477227788112255882266000055221111007184114422340
5000066227711557777661177333388882233772211440044225511886677441100556666444488113355553366558855228834775241112688003088416
511775566661133773311002222888800662211660011447744441188554400335555005522004433448833338822667422730
522666622000077773311553377113355114444880011887744556655558822111166886633336600228811008055003300447722775677641177812233870
533777711551188886666000022335577662211227788331177004444885566774466336655006688111133887755224411047722042
544446666008811775511110077001188228855883388443322005522223333113300003366112211663344550022772266465577114622468045306
555117777113366668888000077662222337700115522440066553344663311660088338822884422002211078877557733335588554433027744164
5666611115577333377222288880000775511335544441144008822774455552211660011226633665500667311738844885044330033268
577771111333355666688882200002277337766224444770044553311551177887755554433448866007722880066374422118811225500384402623225246
588000088666611115533773311775555442244662255771144403355116600622233221122882277220077884300113342602
6000055771155331177338888222266555544440033777755118800112211113355663344110044776611667744224488445522550648720
61155551133777733222200006688881111223311880088226644443355440055003344860077553300241166557744247700401143862
622220000557777553311333388881111665555444466335511003344778877226666002234004411884434880455664426717
6331155338888111122226600007777555500118877335511337744441144225566110033005577885522884400667766462233224800470
64444222200005577115533113377773333448877001166228822661122117755225555888855118844554400224466774472304411443111006666508
655111155773333772222888800006622001177556644447766116600224433118855553355883388625500554455223324877744142
6662222008888003377553311333366115577114444225511118833550000223344116688117788556600770068221107338277632264640
67755117733115533888822226600771133006633225577770088005544001144776666111188116622774417833344335022864466548
68888115555113333777700002222661100331122778855448877664455884433442288667755771177444400553111856655241
7000022223333775555111177888866661166221155444433440088220066771188556655777733553311338055064482674411012
7115555333311772222888866661111444400005588330088551133663355221166777733223344112277660033880066447744337244287844562
7222200005555337788333311118866664444115500112255663344338888440033004488228133561106773367532
733557722000055331111226666558888337766332244441188662255228822770011550088002388555566884433334466742
744440022223333557700888833663322553311337711772288555511114466880000334455661188115544147588765524882014362
755113355773311888822223377666600005588115500226677772200114477444411116644884455554426112711062855633344336833846
766222266000055557711331155337777448844008877335544421177550022088855881188668833882233664122551148024
77755333355110000666622223300888811555544442266771133774411118800557733660077886611770011447722002274882288740
788000088222233337711775555666677664444225533118833558877750022001166114433663344665866084411226622740
8000066222266885511115533331133777788223355557744661144770044442288338844330033220022154410771600801
811333311557777550000222288666611110055116622663366008833445544884433555588014467441177327
822006622773333771155111166550055221133888833448800881100440011770033114444336633228022667766872222446666447744142
833111133775555770000666688221155332277330011444455886633336644117777224488550055222288856677660033543384220022371
84444002266662200883333115511337711117733555566775577770077668855228822225533445500554422346600663122710
8551133557733117722220000886666337755882233444411110011440033330055336611556677112266880044221188332277887777447768124433845544802
86666115533117733557722220000881111444466775555113377112233447700665566885588226644002288778800554411884430445077674168325278801
877333377115511226666550022557700884444223355331133445555221100776644305546222277224048000188886788577818382
888000022226666551133557755550066773333444411117722332277882255331155228844003388330044260011007850563
