000226666228888331155337733330088771111332255667755777722224444110055552277665501220744554434886688140
011557733551133772222888800665533118866444466221166883333660000220077550055552277110033004433825582445544011177774477848
022666622888800775511773377772233113344445577885544882200111100550044000088118866006611446644756674116688743834284525553655803
03377553322227777888800113366661166444422882211005555771122667733117700774411118855225588330044334472446688614
044448866662222880033115533773333227755777711117744551133006688110008446644226605550855882255220672383
05577775533111133888822220066667711555544440033774422661188330044551100008811663366001144333346425848524022786218087
066222266888800555511777755773355333344440033776611228855447711666677000022110011114433882200772253008866063316546
0775555771133116622886644442233330088335522665588005544002222110044172245332033773366800017870
0888833777733551155226666113322118800775500662244445588447711772233331111001144104433446677440022220055442255553300048566327
100888800666655551177337755331111442244662211335544487711556688622255227722002233228833004788557742682
1113355553377778888222233334444666600007711550011775566884433006622772200440088773388332266776611428802124
1226666228888333311775577335511114400448800115533444688113322002222552277772218667700008877885588430033774
133775533115577000022666622888811005511668877330033332233554444555522111177441122225588440044334422771182007777265
1444488666655553311222288005522007777337755001133224477660033445566778811887700663388443365111177215588204
155773355113377222288880000666655002211118833117755663344440044336622008866112877667777885555881825447744170033805
1666688000088222233337755773311115555884444771177226633556622112277440033002200110066113322888811448854118600564422546
177335555110088886666331166770022223322004444000011883377557711115522880077774455885533881133668844778822554433446561412
18888660000665555113377773322225522444477550011557711448800556633553311776622330022778855883333661111068822664422134466620
2000077553377113355118888666622777733334444330011555566002288008822665500441111003311778877005526881144047764883468584
211337711888833336666225511550000338855220011444455554411667733447777442277002233117766887788110088440077228822211123246
22288000088666633113377115511116677224444332255334422665555775500554400118811002611448877888411777706246
2333377115577880000886655226611117722551133660055444411003344883355662244777733221144555588440044346422275538116011287760774065088
244442200008888666655113355775588005533771111777733116633448855667788112233007766882288440033621144110011522
25577335511337711888822666600003388775566774444111155886682447722228044221177770083440362055533110455443333012
2666622000088883377113355117755331111555577773344440022885522558822227722110033224477663366770044665066014
277331177555533888811330066662211558877002266114411225522220000116688667711003333777764774422336111878464044
2888833117733557711550000666622333377774444775511118800770022446611330055553344885546001101222208126
3008888662222660011551133331144448822336655557711117777553355881122556688000044776633773344664433887788566211884422807
311117777335555222200880077883333444466665511885500663388775544553322447766440011226611441166221157223430004866003022768
32222775577331177444488886611556600221111330033555533776633446666880088224477778877114433338855881677006625007728341
3337711117755552222008800668866770033554444553366662288882211225566114422660055001162777733887788110077641138348
3444488222277776666111155331177335500333300883388005555114477002266772244223366225522886688887744663377560844164
355777711331166668888222200555533334444881100112288007722445500336677665566114466443388337755885524770020418877315
366222288886600007777117722001155778855551111444411224400668822663300331100443344865533337733550055823380816255618
3771133222288887755773355110000550022444477448811552266446655882800884666336677662533111177054
388882222771133775500006666773311552211444433440022551188662244660088007741110611281175553355763305887838416686564
400888822446622006633771133551177553311115555777733334488005588666611664411881100112288778855667744784000227250322
4115577113333550000775566662222338844777733220088118833112244880033774433446600553366886655440044226673006211628822710
42222660088005511333377557733115555885533441188227744446644554488447655663022886011112141706040700
43377113355118888006666557755222255333344445566887733110033885544882244008866220000447700111177778811558844116677663366002233042277421
444220088880033775555777722662277886666441133331166553300005544552288558833550021881155111144884466887344360
455113355772222886666117733887755888844000033116622778822663300442244881188550011007777660377454147071
466662200880077115577333311330066118844222288117755553355001111665566885544440022552244332277005588226877774477648
477331177551133888822662200004466886677771155778844332211880011114444112233665555337766445566006611005525003877058814042
48800006644222288665555771111333377331122668877558888440022336666334477224466774433885544556600335511004411444011762811508051630
50000662277111177556633332288881100221166554444552244660088773355337744223311338822220033443300448800761188336578555511226
511775566661133000022228888773311553322667744447766004455005577770088223344114422085522584433664488340
52266662200007733775511774444887788113355550011114477776688445533663333223300331100556655841186472222124
5337755117733116666000022770088882255554444556611338844221144887722440040662233332222001122883355777788118855880033415
5444400666611117755337722220088881188776633550033885577443311330000555588225566552266886673224411446161221154542
55511117777333300002266228866880033444455775533885500666611222211664411447722558831552847882765613105418
56666000077775511113333222288887733557711220011668844442266338811004455553300806622337766552277224433447744603360554400248
57733117755113388886666110055222255337700880044441166778822115555662200007777114477227766881122885500642244034
5880000886666773311113377551155772222882277664444333355332266117788114400446244121544834423645
60088880011555577771133335511662222776655336688337700444422110077226633006677440000220055666644554468447862582
611555511337777332222000055771188880033662266004444553388111177448877008855884411440544778822775161228834624
62222660000557777551155001188778811773333116655558844448833556688002288664433440066332277442200446670338822523
633115577113322220055551188660088337777444400112288558888773355443388111100226611778822114488046622336666776654772277534
644442288000055553377882266117733338833660022448866865522111166667700112255662222340066310077118500477760815
65511335577116622228888337777444400331100227755334477886677226611224411114422005522146600004437080845082
666880000882222331111335577555511552266005500224444661144332277776677337708441166447866338833336622888873442211030
677551177331155338888662222000011885577225544443333778833446688228066336611113355550044558033208077112644205566670023040
6888811115533335500006622223366113388777755554444002288441122558855778800114433445511665524663311003320776666773377448644271
70000222233557733118888666633775511225544440066774422661133885588220011007777117722111155004455553344662055665524708
71155773355113322220000666688553333444422660022441166445588111177775555001188337766336622552277448866543388880876728
722220088335577331133770066668822334444000055115555333388667766117711221188116644552288554433003322446422684477541
733335511775566660000222288887722444433008855778811336644111100550033114400662201555544221122332255337466334655883388216
7444422880000882233337711551133557722556633441177888866224400775555447777001100245501116611881488752
7555533113322228888771166770000330055665577336622444411778855880044882266884466664422338866114451883377663333560
7662222000066888833335533228855113300115577774455661111771122444477558844110077227700221188660644223311667788226663680438714
77755553333111122228800008866667711552200558844445577441133224422661188881166002011006688730076443564740
7880000882222333377115511335577774466442266775500668877334477002211448855225555884400338888116611118866556602054433010
800002266662288773333771155551177553311113355774488440066003344661166776638118211054477727244522
811113377331155334444886666114455775566223388003322007777005555885500888822554477443355167786000022772222663300664366852
8220066227733337755111155665500330044448888117766114455778877226633118855552255884433440088005544112233668833566644667011602248607
83333111177775555222200006666335511228811884444773344557744662266002244340055885566886644888800316
8444400226666220088333377551177335577770077668822880066554422224488114411555533445566446611332255863311023366016
85511337711550000223333116688226655777744446666005544776622112222886644007700110033008877888111773344520
866661111555533337733880022220011882266775577117788112233668455170044443400554484224460008500672255874
8773311775511335566668800002222116633770033444455557766006844338888624488332267882777118855810
8882266662200007733557711553311337722444433886677555511221111001166117766887788118855880044552255447700832222333344177742806
