00066222266888855113355775555007733774444661111552211441188110088223322883366663333064422440863480
0115577335511888822777755660022661133334444668800063311112211447711778844555533772233222284336662558411652244240
022227733557755113377880000116688446677004488334411006611115555225533117722665544547811221188886622882243885366460328766633330
03377551177331155666688880022771133882211112266335577776600554444553300007722884400114433441477448833281466152
0444488886622226600553311557711333377773300221166885511007744220014552255665555884433227755035543667766428807882236124
05577335511337722228888116666003311552266887755000044440011445588338844332255553333446644778866777700665566330088221022041
066665511117777553333222288881166330077224444008800004466112211886622003388550055554413660027882577667744342
07755337711335511888822666622005555777733224400441166772211003388444466333366886744345588550000183
08888222200666611557711331166775533777733555500333344441122336622886600043322772266330766556688778455442177011105240
1008888666655115577335544440022225533337777555566883344117711112277226677664455880066005522118822342248461166207
111335555337777888822223333444466660000550033116688117755667744008866226650443388336477621144885711880411224458410
1226666555577333311888822000077110066775533777722117788113366880033551155227764332222801162338022558455624463440
1333355771155000066668888222211884444330077555511226644772244110088667777661166087733117706332833880544645564248
144448888666622220000553333771133555511665544772233118800338844221122777788226677668833687730885400117744502
15577335511337722228888336611000011775566226644443388006633332200446655224422777788221111431120330847116877453348654
16666880000885533337711557755113366222277221144445566442255003311117700440022881100118833443388884488763354665866705
1775555331133222288886666007711558800667722114411001188227733550044448844662200223300334433336633856684776642500
188886622226600005577551177337777223311663344440033558855441155666422001133304788771111228831427767021
2008888006666227733117755777711337788553333002211881166334444556688224477226655448355003362555522843384604
2113377115577335500002266668888118800551122444433446633336655447755882200884488553322338877776677086644028835660222725
22233777733551111557766668800883311220055004444775566227788772211333366338866558244110011842254002262803
2337777335511115566660000228888771133334444225577440088116655224455885500338800112266883366331100553305554488662211743
2444466668888000022553311557711337733330066335511227777448822226600334477665500441188111144005555664437885700110088442211786
25577773333111155006666008888227711335511444422667755330000441177443322880011005566886633881188540
26666228888773311775577000077771111444455110066772255556655337788118855003333883344335688227744776462332222441483620
277333377551111556666888811330000226622444477770044882233665577887711880066117722112222885588663466084422055544014
28888331177335577115500006666223333777744447755111188007700445555446655226688227722112222001133034411056674386604225584024
300888822220077773311115555117766663388444422665533771133445522770000110066005500221122558811662244772688641144304
31111775533770000222255771133226666777788881166444455558822008844003333556655006611887766336622112466038831447744210
32222888866660000775577771177337700115555118833116677221111008855334422444466220055002821440411363544858
3331177771155558888662266112200003377002244445544883366330011885511665577667755666688778844664411347722221111080
3444422888800002266667711335511777700337733885566111155222244555577665533660055007754774400443333227722506622112208214
3551177558800008811226666221111444477883333773344550011886611668888777766771133110022227722448844185544004466352
36622228888113311557711444466000011777733220077553355551111224400330055008800226688558877443388334188661166556642554238210
3777711558888661133222200007755667766882255331177334444336622885577447700555511110033001144116666445520448607872
388882266662200007777331155551177553377444488001133663333221111886600885577665544335022772222447788446644116678330066128
400008866661155553333117777552222557711660022445566554433773388776633662211112266881188227788448800442477207700541
411553311773355772222666600008888446622007755551188774477665500221133228855224433337611116422783388106
422226600880055337711335511550022881100668822777744773333117755552666336624332166711144118380446644500
43311773388880022227711555533770044666655221111336622448822668877881188445566007766777471661066420055708
444220088880033777755553311117733226633665566222244116688667711550077440055885546482211333300487188427
45511335577771188883366222266000044772233337755007788220011773311115555667766664411446633881166112433244428448855253
46666220088007711333311555577337755110066886600332288330000447700224444336644885541665533888877884777405525081
47755117733115533888866660000222244883377662211114444008855004433445566777788472266336642555543006133227235257
488880022662277111155337755556611773311442288225500116600008811333382330044003344447744120
500007777551133331122226666888877881155772233553366338833443300116655661111006644008800558855554411444422002252717288618
5111177337700002266663333882277664444885555225588880055445500336611662211001122006673118811442233428876560
522227733117766660000337788335511554444004411880011221166775566446622442141330055553388882743334500710025784
5337711330088770066668822227777444400331155111122557788117766447755443388000077333344521142884022005678526608363
5444400666611117755222200888811667733771188777722660055110033114433558855338822441122886622770077663366802213445577864
55577111177333300002266662288881188770055332244008844663355445566551144448222334411331166004433664477442256775681503
5666611117733557722220000338888331100551122887755444477771133334466885500116677008822337766007744330044555522786622663844124
5771155331177338800002266228833775500661111336644116688112277443300888844445566555544887011834400704
588000088666611115533773311775555442244662255771144403355116600622233221122882277220077884300113342602
6000077555577111133338888222266770033551155444466114433110066223344583322778802118811773377672244112288747
6115555113377773322220000775588886622664444110011116666885522334488005500443311263388336677881177665711447744502
6222288444488000066775511115577335555337722117788118866668833334477007777113300556600110033114422004416552266361822308
633115577113322220055551188660044448833777733554477003366116622887764111122584000880020688818530013407
644446622888811553311000055777733775555113333887711226655447700661111883322117788227722223366886633002254008432414
6551177553377113322228888660000777744442200883311114433885577226666118844555522550055662211223333487733601150227767080
66655111155337777332222008888001133557766223388775544440000441100556611774466002211443300331868448832447822781
67755557711331100888822220033773344881166884466665588005566225500776644554444326630447744124
68888113377115555332200002277558877006611221111665566224444554400441177442844778808557144886388236
700005555773311113388882222666655664444115588775511778800442255333377114433007722332288663366776624006688152
71133335555117766222200006688883311553388002233773366444477775500116600886611004466778844552288227722112244887744340
722223333775511115566660000888833884444114400662266332255773311334466774422885544555500118800553044310036186
733557722220000331133775588886611004444770055662211666688118877667777884466334488011177114411528832774422664432324
7444400222266660088885555335577111133115511446688333377662288005522556644334755882210772277773060487845400
7553377113355110000222288886666331111555544884466227722114477333300770066004833226677885522334802550822464568781
76622226600005555773311113388885511777788664444330022554411663355228877114466115566627755332211872200774422445500601
77733555511113300888800222233334444666655776622554488661122116633220011770077227788774478110000664822631140583
78800008822223333771155113355777744664422667755006688773344772200338888558833111188112288661255444455556655324
8000088662222663311553377333355775511771111332200665500228888774444777766118844334466007722770055678822338811225488340
811333311775555770000222288666633551111444488773344226655007788447766772200660011005566227777115534003088046688541
822444422660000777755113355778855001188333311661177330033880088663322334433664455447744666677665566222200441282125
833111133775555770000666655112222880088444433663333888822114477334411007744005566224422554488772277778855330033546
844440066222266008811115577117777555511335533336688000044116655443344883300338888220057445862446211228422502
8551111553377336622226600883388007777552277114444117744333311666633445566555500554466888864000045882251220011002211887038481
866222266000088111155337733335555775511338877665544117700778833220066443344666677444488003300440022777722331100516688414
87733115533770000661111332288662277555544442222007777117722443333660055110011885588003355008811448844702
8883311113355777755110000222233334444666677661177885500884455332200660077447733881122552211882288764422441144026
