000226666228888337755331133004444117711114422332200885544668877884455886611551100552566001128006644007744777766348
0115577335511775566222266008888774444881111445588550077666655227700447788442288333311334411221100005533668822555544332800261183816
022227733557711553311666688880077775555444455113333226655660044881144228877225500330018220088662244661066364
03377551177331155557788666600006688332211114444880088445533007722554422223333881122888022667744662277770044335711001644005
04444882266662288007777331177111133337755335555222200334477661155110055660244114468770888557748654
05577775511333311888822220066773355668877444455550033442211225522446622885548666600226611001166580077223641114837000847176
066888866222200555577773377553311113366003322444411551144000077225566776644663388333300880044887788447744335522882266642
07755117733335566661155228888001133667722000088777788662233222211445533442255554488444400224438104414727
088882266662200113377553311555511007788444455227722880000440055003333243388334488111176554466116683557633064
100888800666655551177337755331111442244662211338822001155441166885577440000552255004633222233330033426
11155553377338888222266000011775588663366552233335577445500447722007711331108777788116644880611283306770688556626618844246
12266668888331133775533444422000033555577115544008800222244110077332211116600663366776622338866118877778811472288425
13377553311557700006666558811222211773388008844445566332277448833668880777711118602442255552282335501034787672
14444668888333355110000662222338855332288770011113377773366776664330077555500558822117722771122552455440033115575648
155331177335577880000882222666633775588664444334466220011110055668888770022883388555511336677665544048844771182772126114307432
1666688885533337711557700002222774444886622113355110033665500447733887722007778228800114411117811806422340
177335577115533880000886666222233337777555544440022551122665588550055660066118888111100331133220044882211634433624
1888866222266335555331155880000777711770033334444557766552288221133002233778877220088542244112276884466111144860
20066880055773311775511338811665522776633221188224444666600336677226622223377770077843333556615553255802284771410800
21133771155338800008822666677336633330022775511664411777744222244557766555566225522005500334400770011887444888833111100685
2226600008888665511115533555544446688001133114433777733338877882277445577556622334477220033664400442833261
233775511773388556666000077111144448822661155778844776622777722225533668866774455001100440022112282443344213
244446688880000662277555577113311117733774433332222661155118822330022110044553355401122520033666600508
2557777333355111100006666888822336600775522221144224455880044447766332288338855337722778844331122608402054481716
26666880000882211333311777733775555220066554455774411112233550055115566110011662344448888770077260034258866353
2775511333377000022665588881166330066224444117788660055773322335522287777115533114433445555666644003366111766846424847
288883333111177775577226600006633220088551155335522330077882411301100440026114455666684448544755504246
30088880022227777335511557711333344664422663311886600337744332288775544007766667700006611665622404
31111775533777788000055662222885544446611338833667711660088776688112277447722552244888866555511441155720011002214540
3222288881111773300006611662244445555110077554488770088443355333344776655223388012204118266664466360255771155821
33311117777555522220088880066663355112288110044447711550077446644337766773366116600113322118866226650334422772244002007082
3444422228800881177771133557700666655115500331188221144555566888866773377661100043333663308446644712233854403220
3551177556622226611008800778833338811114400113322003300554466448822777733774455558888552288441166000022115500668444723366512
36622226688881111335577551177333344004488223377115533880055554446008842000077772066661188364
3777711113355558888666622220000770011554444557755338822667722550033114488333344336688447788773300880022881466132
388882222000066661155113377114444555522881177331100118800775544223366556688446622443344774400448255335577776677202
40000886666115533117733557722228844662200667755551111333377114488885500558822447777004600226688338876552255623
41155331177338888222266000066448811337700225555776611887777116622330055445522885588678200335500127433334444604
42222666688000088443311113355551155771177775533337733445566227744005522881100118855888866441144882255003024760
433775533111177000055222266665500113388118844445566333366002233225544115588885554773346771166883300887788061106412201482218672287424
44422880000882266661111553333771177773355557766002233118855113344558884116655225544770011221144340066222244664
4551133777755222200008888116666333311557711887722443355668844880033004477332286770055553426114655006600164
466662288883311773355771155000022337755113388005566884422111144007700847744441044554480334433665522667615860272463333064222032
47755117733335566661100888800222244338811113377223366882255331155557777003300004455440011665500558411844486446677807
4888800222277335577115533116666004466221133337777664455668822442266555588334444117788774400551111001188114638552088400
500006622226677111133557777008888115533338877228866114433001177337766555544558844446600221422332244083366331802768643466
511337711557733222200006688886611223311880044441177774422662244001100330021666608333365335527838503476565854
522666622000077775511333311888877335555882244441100667744332211776688553344225566337722336655770055003380111122271144640
533777711551188006666008877222255554444003311778866773333227700004433446688881111224622330055002755776648561
544440000666677115577337755882222774411336633331188777722886600111122555511770077662233002244884433226611668888553044764
5557777111133336666880000882222553377660077884444775544331166446622338888332200610044118857003300117744821
56666000011777788882222333311551133771144440077552266884422111122557744664433558811008855428863220022787348304
5771155331177330000666688882222113333775511444466334411887777001100886600338644774400772266116677824455005555442200443
588000066668822227777117700221133776633115555441188333355332244336655111144660055773300775860116477208044840
6000055775511773377662222887788444455335500331100661111440022663333221122552233001133664422004411880088224488558888665566847711646
61155551133777733000022228888665522117711118833334477663388554444112200660044224488227722556666775500853744007700326
62222331111335577558800007733887722661155660088444455224411771188333377776677447866332511005555365544001124248
633115577113377550000222266888811110055117733884444772255446655887744880044006644333355661122116622082244532233485
6444422008888002266555511777755773355333377111100774455668866115588714472446666225544823380667000330040522
65511115577333377222288880000662277558855661144441177443344771166331100440011883366660033008866882266778844842
666884444002222008833555577111177331100663377558811225522887777888800004477060388633344336451332301882721415
6775511773355772200005544448888668833337700336666555533115522556600222211334411007766118877880011114422881644562
68888113333555511777766111144440000222233005533667733775577445500880033885588332255448844118644224432001122116600746
700002222886666333355773366444488111155112244552277771177880077668833004411001186772211308744305565406
7113333557755666600002222881111777744442266885588330055331122110033882277225511662233224477334466555544186614336633706670740
72222000033555533778888111166665588771133664444224411775522882277002233004400118851008333806600525
7333355111155778800008822223322661144446677558866448844555522113388556777227744376044120068307
744442200005555337788882266552211331155886633660033338811117711661144002277772255667766885544551122887066448100141
75511335577331188882222666600005566887777223377115500334422114444336644886622555533220066774400224475228655445582741
76622226600005555773311113333775511774444888833445533668800115566550033881122330088771188661100227722116677778422546
777333355551111000066222266888833007711553366444455442200118855774411661133114471221660332800586
788000088222233337711551133557777446644226677553344401177332200266611663366886655660055884100331146204
800002266662288773333771155111177550044447744665522331133006677220033227777882244888866881105776561454
8113355117755337700008866226655221111668844446677115500333366664477220077443311005566338855888834554400228800442236112244801
8222233337777111155118800666655007766335522555544001144226644667733443022112277557722488848660055881177887611300
83311113377555577000066662222880022117733884444778811882200443333227744556633660011005500708155224485342
8444400662222660088111155773355117755550022883311663377113333666411223388005533443322004477774488554455603300118007842
855113355666611110000887722227755773333221166003366774444770055884422883388882244337777117766880022665544555533015528664466240
8666611553311773355772222000088555544442288333377113344887766224411112211882266005500225511665588867777847
8773311775511335566660000882222772211550066778866552244004466223333226688884444338011118021630363734
88866000011553311773355772222665555111133880077664444777788332277446682114422552200402247108
