000226666888822115577335511331166558844447711005555003377554466227777228877881111222233220086441183334433830633648
01177551133557733776622225522444466880088111144882233332200221100443344550055331122778633061183871166777706415566054
02266662255777733115533771133008888550044441177001188668877663333556655551122332222846600667422100
033775511773311556666888800227711338822665577223333554444770000111122006622443344225533278855881144886500555520783
0444400886666115555117733775533338811112277772222667744558855228800771144336622118877883322330022546633560033116050647767020
0557777551133331188882222006666555588115566335522334444224411774433778855000077667700110044553644072211225844780
0662222667755557733111133888855117788444400553377116666554477772200332233441148333300880022882256887073621
07777553333551111008888666611332222772266778855554444557711448833660055662200004466447766880011221155006300302
0888822666622113377115511110055773333665544441177555500112277445588000044332288668833114466118233440022567
10088880066662222333355338811330044441166117777555566002211885544552264007700005822442257443344871
1113333555577776666008888002222336688115533007733225544114444337711774400663311883388548822664611012212720
1226666888833113377553344442255770000335566005511117711008866441166114400667766336655002233227733882222884722407777404
1335511775533776666222200888800557733111144440033442266552288556688778822550044770011000066777722774411881166146
14444886666555533112222880055220077773377550011330088224477663366004433445544203333215511110888118877883855672
1553311773355778800008822226666551111333377776688445555447700227755225566221166448888336600114466330077220054003448628
166668888553333551177770000222233008833221111444411003366337733442244884455881188662255556655228877882277667711557755406642661128004
1773333551155000066667766444422770022553388778888337755223311330011116633224488555588661100336655772222882200556600777744004466280083441544768
18888666655551133337733117722225577000088444422336622667755663344552211220077887711664400248800110035411147482
200007755553333771188881133662255773355668877444422226677743311001111551144550033885522330055886666402218332240663348061
211337711553311668888334444000077226677774422223388555566550011117766110066448866008800336622002700547788141
222337777335511550000666688111133664422008877552266224433444455333300555544117788338844770033207748557128001148602
233117733557711550000666688882277774444008800221111442200551166556633332244664433458845553122567766218
2444466008888006622771133775533111177773355112288110055665555004433441155882233887744885544002222114422568333247453630
2557733551177008888002266665555337766333344442277550011115544558866000877441144881122440688338856718822030
2666622000077555577337700338855888822776655331111551144554444335566884466113344118811005500440018324472864425267
277333377551111556666888800002266557788772233444433554411445555331133224466336622550088118822112222886674006600710
2888833117733557711550000666622333377774444775511118800770022446600554433003366110044114422667766556688772222081125340
300888822220066661177331155113377557744228866005544552233448855335566221122558841114011832241602
311773388881155222266000077551111444466770033776611225555887777884433335533228800668866448855441135772477108826250
3222288000088771111773311226666555533556677774444115511003377550066224422114466881188223333448844785868327
333117777115555888866222266000077001188335566448800443322772288447755334444111133773306778811045511661125774404285548214
3444422888811117733000022661100668877555533336677772222008844112244335577007711331166665511556633776600118455404
3551177558800118822666677772200004444228855778888445555443333771111221150776633664404661733183322338477048
36622226688881111335577551177333344004488003377220066331144338822116666556677661155558866005877444477770077101
377551177331155666688880000222277006633338811335577221111442255444455226600330044334488555588777765340
3888811113377555577666600005511222288773300446644770011554488443333663311661100334444526622740674142
4000088222233771133663311553355666600775577338844114422006611772255033342883308662641112677778683270
411335511775533770000226666228888440066887733220044777711114433112211557766116633336677446644881188334455225588223855060
42222773333771155551166668800008844772255336655228833113300117700662266444433448877775544681188885588238867403
433115533775511770000888866665555442222336677111133883322550077330066880055772266446633556022001144552244447844182
4440022666622008888333311775511118855772211006677335555000033005588443366001166337777664422332222446610447744156685334712565
455113355777711888833662222660000447722337766338855331155550011112200778811748866114444282655266685840
4666622000077555533888822445577113377881155227733663333008877776600443311118844001144112255002233448806116677017744765544221106844
477551177333355666611008888002222443388113300116677115577772255558822336655346600554444868077600061241
488880022662277113377555511552288116644000066117733335533221111883366774455008855887788620033825577223055607777604
5000066222266888811117733775533555577444433882211225511558800114466660088772288332200552233113333661166776633447700777788442271841100224400304
511775566660000113388882211114444668877332255770033772222886644331100778800885522006655448833002234512266777748461187604
52200006666888822777711337766331155111100117733553333884444556655002244112233667754004422662211674878183800886850507
5331111775577226600006622558877881133770077446655663333008844221122334411064433555544552222447855183
5444466000088886622227711557777331177883333665566332211113344002288225522668877001100775511255588006677442644704
555771111773300002266662288887700551166554444223311220088448833885533224400667744660011007777227766825584778044341
566660000111177337755332222774444888855116677224477004433118811338877110033330088335555880055446644007777886633476681421
5777711113333550000666688882222332200117755558877336600774444662244338811884455440044221155665532661124702
5880000886666111155337733117755554422446622557700228855114455660011888877881133338833668822367744447777164
60000551155771111335544446622888811777733225555333300338800447755882200774488552233666633116688334400112222402266118878467860608
6113355117755337700002222888866333311114444882211557777110011665544660033007788008844112233666622668400642277224347655
6222200888800667755117733777722555533115588111144446655776611333344001100552211227711668822664411886600448855666244778874550000203
63311553377551177000022223388668833557733225544443333660088006677113300116622778811110044777722003344888844661144107288224422164
644442288000088226611331155337733662233883355777711775511116600222244555588668855447788772200110055006528112333240044641
65511115577333377222288880000662277558855661144441177440044663311223322001133443300771166402211003350538822436
66611555511773333775522888800007711667722330011885544443366227788226633222255665533550022003314006600846
6775511773311553388882222660077113300663322557777008800554400114477666611118811662277441783334433664466548
68888113355117755337700002222661111555544445577333388005500447777442200772288660088778822552244003322762233116011030
700002222333355771155666633113322554477888866440066882244110044443366772266553377338811885501221166227744842205214
71155553377338888222200006611117777444400886633665511333322447755225588007188441166442266731123546666260833085
72222000066668888331133771155553355228855773344441188224400886633880044223300332266551177556600111144774488110026112777887705046
7335577222233113300888800666622551111771100554477770033224466000044440022663366448811884411445651238
7444400222266660088883355551155775544661133330011886622331111668800336633773344776677007777220066443411778854228822510
7553377000055112222883311330088777766665522663322111155004466774488447788668811661188882205880555664455714
76622220000557755113355444466888855333377228833117711115555226611448877338844330088663366665500770033227744704588225566724
777553333551111000066226688228800114444881188778866555522008833884433663322447766446600225544557733442220504
7880000882222666655111155335500775577221144441122006633334433113366116644223388332255224466788861018
8000066222266885511335577555500111177115522777766330077448833337722884466778866118888770088116666031103445644782
8113377115555332222773366000088775522116688007744445577742200664466111122551146556666226673550888431172428
8222233771133551177556666000088333311114444112255777788667722664455885555440066552288776611662344204477443800710
833111133775555770000666622223322558800886633330044224411664400117777114477444466554481550055307726802
84444886666222233113377115511225533334477770000778888772244556688554400883100550066002266446632003611741
85511335566661111000088777733117766225522333344442244886677883377227744553300338888220066002266558811243366332841401
86622226600008811331155333377114444335555111177772200665544887788841100773300116633225522870055003611856677668400242
8773311553377551166660000882277005555662233332244442288111177118800114433557766112266885500222204772254663304178866538
888000077551177333355666622227777221111444400113366778811550088220033005522660022446644225544112235558655761166347
