0006688882222661155551177118800777744446655335544770022778866441144223366662211228877224433220011113377334400408
0113377115577551188666633332288334444227777007722558800445555335500668811222233005566440022443366008822141488731
0222277335577115533116666888800777744442211333377551177665544118833224488660000111100545611230066234
033777733551155226666118822113388004444227711775577441111225588336644785500220000555566001166222233334811008866732
0444488662222668800555511773311113377770022000066112277887711885577553388333355888844774455440088228811003322552233007422146
055777755113333118888222233776666008800444455225555664422007744006677111100115544114488446688117244734433628
06666555577111177332222880011227755333300884444667777448811000044552211335511663311558833661188885566886622554411442233743
077555577331111338888666600225511772233778855444411006677776644553333224433442200118822227744000088116622112266584
08888226666220033777755113355771155553333114444778866005588007722111188774433223344224455441177001122552270446655040
1008888666655553311773322225511114444223377775500334400007766335566224411882288338855880055772277446680664433661044820
111335555337777888822223333444466660000771155001177556688443300661144004477445877227733128866776622448807021
122666688882200005555335566003377558877331111443322777711776644441133004477881166770088552288006655007455710
1335511775533770088880066662222557733111144442244887766881166333388555500330055883366001100772277115544777744584022882
1444466888800006622223333553377551177330022557788554433661111665555226677112277770011882288660077658811550055648834740
15533116666557722888833000077556688551177334444337700118800220055003333552244774418663388126612206628204
166668888333355110055222277332200115566007777118844770044223388557755000066221177448866111144626411308877880445354
17755337766225566880000332288115544440044113311667711110055887733888844660066333355557722007700826655177744323
1888866665555113333770000222233117788552244448800667733442255881155005577556688445542001100777766008266264
20088880066662277333377557777005511335544445533668811555522550022330822114488771166111188341177446644367
21133775533116666007777338822008811115555662226444400551144118844335588550033001100004457447720233364246488334707876
222886666337711335511880000333344442266887777888844550055441155881100116677336622332277665533864433102205552255775567040
233777733115555110000666688882277113322884444335533005500111177662200224400887755881188336633338855778866004488056644214
244442266000077775533115588883333771133001188665555225500448855117722776688441111221144778877334406336677466622016
255773355113377118888332244446622338800661111008811777755667766665588555530778866887155214434245
2666600888800117755557711333311551111668877774444002233005522224422003355336677006622886644110044550005661588227788125
27733337755111155666688882200007722117788006655774444883344777700885533226600110022555544330811335622876644214
2888833117733557711550000666622333377774444778855111166886600226644555522441144008822005544665566110011834437553077212
3008888111133115577776666550022223322556688774444771100662244000077226200443355884455221188553340114788055548236
3117733557711558888222200006666775555113377444422554411663333445500887722662288668855660055348800114436112844670
322228888111177116666337733555500005533664444003311226677557777004433887788665511854452774472007244608
33311117755772222000088666633551122887788110077771155441166445500665533773362555522338844226833027768556822118808832244048
34444882222777711336666880077660022115555333300111188886622337700445522551100558855003388446655661166335577554477812244026
3557711552266662277880000887777444422118833332244117733116677003388668811220077228844776600114616405585306
36622226688880000777755115577335533334444771111660011331122008855445522556644332211442233886666776654883377002100518844046
37777115511888866662233335500007722882255773388332277001111446688554455665555226611664411005584442044312
38888226611773311116622337755557700113300220044447711551144550055880066443366663355667766553326887744885544046
40000886666115533117733557722228844226677555511112244664433227740221133334055001100680043882200771188116522530
411557711337755332222000088886666112244883311118800334466336655556644777733335544330077002277228044226622306
42222660000775555771133881166773311778844553377003322006688558833448722112255111155228411001184662244347022756630804
43377553311117700005566222266888833885511661133554411884455225500886600444288772233666677471276482248103
44400226666225577773311553377113300883388007744111144224466888866558840463322223333555522850000301
4557733116622228888660000446633775511777722778833334411226655442211884400110066880072448500358
466668800002244882233775533113322777711770055554433558866008855221111551144088633864444774424556626165
4775511773311553388886666222200007788442233777711334411114444667722668822885566448022770016174765558030425522406
48888226666115533117733557700002244446600333377880066223300556688777744775500885555220044111188112222558866551455443342883642721
5000066222266888811113333775533555511557777331177444488220011447766663366442233227722556677886600228800446618440055443388507
511117777553333000066222266888811880011661122773355554411007722887711447766778855002255223344220044336655786666008833864444624
52266662200007777553311337711555544884400885511668822557744550066772222112233447700227788776011442244441188104
53377771155118888666600002233557766220088444455004466556677882255224423332555811177331144334411330055447744864120116687206
54444006666111177552222008888116677337711887777226600551100331133338866224477884411445555004488000021558744243344630
555771111773300002266662288887700551188553388224444776611001144883333558866336655668800777755006222003344337744525
56666000022228888117777333311551133771144442266887755003344118800553355884400827746116655552255721116764636224235420
577771111333355000066668888222233773366551100881122443311447700445533003322116622555544883388440077441800175
588000088666611115533773311222277557722667788447777113344446644882281005555002011674527006300438
600002222888811335511775577333344447711556622668822005533777744338877008866663311440044665555001100330066778833221122552243661188454
61155771133551188000066338822554444223377331122441100772266555533445522008866228855883333667766660811448845030
6222288000088663311115577335511775555005522668844777744666611333322336644220023448871883444116600667400410
6331111335577558800002222886600444455666644888844221177115511668811441100555533008822447777062277225501220186173377840
64444222200007755557711333311558888118877773300665566332233774433441111445022583351221174880011604
65511115533773388000088222277662255777700778833113333664411444477556633228855558866771177443344860011004400566
6661155771133110088882211227700553355667722446644883344003388447188000044250025558855445514443300641
6775511335577222288111155006688003333221177776666444466005555882200227711223311443366130000770084556744042255324
6882200883311113355557777226600551100227755333344440066441166663377667788558800330044338888728812448863645
700002266553311557722888833337788661111224411880055554444334477551166006633664488440088222211427251710
71133775533115500002222883322666688777744448866224477005555443366333388003355881111665511885566110011776677330066007455764
72222000055337755111133666688885577331122660022884444555544776677441100664233338811883322117622780
73333555511117700006666882222883300775533113322116644448844550055778800886677771155661185446604374411442266527
74444002222333311555577666600888811335522116688558822000066773344336655337755003300554466338077842411032127011
755333311772222880000886666551155771111444466335555006622007733774433883300118855221166888844003322336455625584226480402
7662222660000888833113377333355551111553322886655444411777700557788552211663366882244884422003300447455010
77755553333111122228800008866665522771133558844443344002211774411663322550011442233883366445511888611524466820
78800008822223333111155775511335544446633772255661177667733447700116622007777110066004488112277440866668838885555887455324434241525064
80000886666222233113377111155334444332266777744002255557733551122118855668844775588887788228833881044824420554463603
8115577333311112266665500880055335566221177778877002200007744771144446688334433006644023366332252486606122
822223377771155113366114444006655770088335522550077226688885844228866221111881106663388033322041
833111133775555770000666622223322558800886633330044224411664400117777114477302466018444556611076677212
84444000066661155771133112222887777220011117766333366221100224433773328338866558855556688880455446644175533552744760
8551133771155000022333311668822665577774444221100663366667755334455661111225588776600881177384411886200552244740
866222200881133331155773300775511665555004444118833777766667700003355223322668888778855884466005544771100111177240066112426453
877333377115511226666220088118800555577444422224411002288667766116633117755665533883324558888554433664488260
8882266660000113333117711884444223377334488558866111100770022772222005522112255003244115544557766440066775566553466228744368
