444888822226666000055771155331177333377775555111133554477003300118877664422880088446633661166820046714322338622465
4446600888800115555777711333355116622112277226666447700228866337733661188338877556688558844876670305
4446688000088662222333311553355551111771166003377775577882255447722006611332267338833034411440277670844324
4446622880000882266771155773355111133331177558866552200332233888877778855661166668411447722448277002222140
44400002266662288883311773355771155113322005588555566111144667777553377443300445522447088064488668822333344241
4448888662222660000551177553377113311556688333300116666777766550077880044223344111144621122773322006022584
4440022666622557777333355111177550088558833880000441188668877113322774422882233663348460011222611653300706
44422008888002266663377773355557700662222441155111133116655336611000055228855883333881188771177556688445544003300476641214
4442200888800115555337733113333661111667755772255228866660077882233443355110033005500002222112278745582440044663381706
4442266662200888800337755331133335577117777332288663388555544772211550000222277881188441122551111665588245566852
44488886622226600005511775533771133115566883333001166667777665500778800442233441111446288221122773322425811002
4448888662222660000551111557777553333773366335588221100113300774411220088118855666644223322506680331164046
444006622226600888811115533775555002255668877333355884422117711003311227777880000770011336633441166118055114233076655428
44422008888002266665555773311775533777711333355111188770011222277663366443388330033445568550055881142115047882
44488666611555533331177778800222200887711113355006633773388884455883322770000442288557766012236775511425522426
444660088880011555577771133335511662211227722666644332288338822553300337733668855887788118844770055000060441144011105224201722
44422000088882266661133775533115511228866777733336633224433557711662255554458111100227722334400660057446644148
444002266662211337711557733550088881188006655112277775522443311774466334600330011005555333360438855614
4448822666622113333775511773355778800550033111155227700885555330077110000445544228888461188660633881166777766487722224203668233425
4448866662222337755331133000088117711660022555522882277443322118800551122447777006677661155007788883366556688745544057
00055777755331111338888222266661155554444003377886677330022112233225522774422008811001188333355885511663344556644884411443288046
011557711335555336622227777002288333344448877338866776666880007225511661188556644554411442211226111781108884588232
0222277773333555511550088886666771177884477664411331166224466553377448800001100660077228833223344552255775588263388742
033775511773311555577880066668811663333882288883300004444665566005533554433447722332201336144224458677744076
044448822666622880077775511335577115522550088337744333344663322112200660000330022440058886111623311722
05511775533776622226600888833113322330077886644447777111122774488557700661155445522446655880666825555640
06666551133557755888800222211556633334444117711442277772255550055440033116644886688118844660088228011112624773377443300745
077551155773355444422002288772244776633113377008888556622334411881111221177116611000055227777880045882266006668374
08888226666220033777755113355771155553333444411773322114400558877004422778866822246116633112287256
1008888333311337722225555775566007711116611224466774400001188666633664488003388773300447777882207051155332277681145023
1115555333377778888226622006600887744441133117700118866665522225500005566440022336682110033551166334424746
122666622888855115577333377554444000077770033553388776655552255883366001111008844113300221188117611663314556228242
1335511888833773311775555226666220088007777006611557722884444550055333322110033846644222277665566704470111144324
14444888866662222000055333377773355551111338800226677117722557755883344668844228811885544116644306630882077060
1557733551133772222888866000066552277550088331111880077116611445533443382447766663366446687770211044412658563254405542
166668888222200005577555533550033777733226622338844441144881177447700445544206611551188667766007716440024301
17755553333771188882222000077774444666600115588112244331133225566447700662211110022773355048808778833036845272
18888662222660000555577773311771111558822113333774444553344667766665566330022772233228877008800668833884422004477881144303
20000557777553333778888662266111155113355444455556600883344117711664488002211225522228477227703110246332687338766774306566
2115577333311666655008888007722336677551177881122444488556633555533776600227711441133005588770000320064001288622254542264384478346
222006666773355771155331188880055554444228877774400001100775500883322445511116633002255881133338855284411446611756
233777733115555116666000022888833336611338800886622774444771144007700448322226122557755220055006011776355411107818
2444466008888006622777755111155557733330000556633552288222266664433887711772255883377004400334688678181316
25577331177556666883333770022880055111144448866001100447722223366338822662211665500661188885522446677442555440088107
26666008888002255773355115555881133331144441177661100440066223366332222772244221111665533443377118877778844882855068837064
277333377551111556666888800002266003355778822444477005555443311223388336644004488621182007711476255352
2888833117733557711550000666622333377774444775511118800770022008855884422114455552255660011663300553344003134326655404
3008888002222777733551155771133334466442266331188660033774433882255440011221111004488770000556655550066116682814477858
3111177553377772222000066558866662288330011338811555511661144112244336633332255002233552266078888044454273344648744071
32222888877111155337755000066665555444488113311445522008844335587330010224400333344660077663386268677770786164
3331177771155558888662266002200885544445533773344112211118800550066110011667722882222442277007754776646566
00066222266888855113355775555007733774444661111552211441188110088223322883366663333064422440863480
0115577335511888822777755660022661133334444668800063311112211447711778844555533772233222284336662558411652244240
022227733557755113377880000116688446677004488334411006611115555225533117722665544547811221188886622882243885366460328766633330
03377551177331155666688880022771133882211112266335577776600554444553300007722884400114433441477448833281466152
0444488886622226600553311557711333377773300221166885511007744220014552255665555884433227755035543667766428807882236124
05577335511337722228888116666003311552266887755000044440011445588338844332255553333446644778866777700665566330088221022041
066665511117777553333222288881166330077224444008800004466112211886622003388550055554413660027882577667744342
07755337711335511888822666622005555777733224400441166772211003388444466333366886744345588550000183
08888222200666611557711331166775533777733555500333344441122336622886600043322772266330766556688778455442177011105240
1008888666655115577335544440022225533337777555566883344117711112277226677664455880066005522118822342248461166207
111335555337777888822223333444466660000550033116688117755667744008866226650443388336477621144885711880411224458410
1226666555577333311888822000077110066775533777722117788113366880033551155227764332222801162338022558455624463440
1333355771155000066668888222211884444330077555511226644772244110088667777661166087733117706332833880544645564248
144448888666622220000553333771133555511665544772233118800338844221122777788226677668833687730885400117744502
15577335511337722228888336611000011775566226644443388006633332200446655224422777788221111431120330847116877453348654
16666880000885533337711557755113366222277221144445566442255003311117700440022881100118833443388884488763354665866705
1775555331133222288886666007711558800667722114411001188227733550044448844662200223300334433336633856684776642500
188886622226600005577551177337777223311663344440033558855441155666422001133304788771111228831427767021
2008888006666227733117755777711337788553333002211881166334444556688224477226655448355003362555522843384604
2113377115577335500002266668888118800551122444433446633336655447755882200884488553322338877776677086644028835660222725
22233777733551111557766668800883311220055004444775566227788772211333366338866558244110011842254002262803
2337777335511115566660000228888771133334444225577440088116655224455885500338800112266883366331100553305554488662211743
2444466668888000022553311557711337733330066335511227777448822226600334477665500441188111144005555664437885700110088442211786
25577773333111155006666008888227711335511444422667755330000441177443322880011005566886633881188540
26666228888773311775577000077771111444455110066772255556655337788118855003333883344335688227744776462332222441483620
277333377551111556666888811330000226622444477770044882233665577887711880066117722112222885588663466084422055544014
28888331177335577115500006666223333777744447755111188007700445555446655226688227722112222001133034411056674386604225584024
300888822220077773311115555117766663388444422665533771133445522770000110066005500221122558811662244772688641144304
31111775533770000222255771133226666777788881166444455558822008844003333556655006611887766336622112466038831447744210
32222888866660000775577771177337700115555118833116677221111008855334422444466220055002821440411363544858
3331177771155558888662266112200003377002244445544883366330011885511665577667755666688778844664411347722221111080
3444422888800002266667711335511777700337733885566111155222244555577665533660055007754774400443333227722506622112208214
3551177558800008811226666221111444477883333773344550011886611668888777766771133110022227722448844185544004466352
36622228888113311557711444466000011777733220077553355551111224400330055008800226688558877443388334188661166556642554238210
3777711558888661133222200007755667766882255331177334444336622885577447700555511110033001144116666445520448607872
388882266662200007777331155551177553377444488001133663333221111886600885577665544335022772222447788446644116678330066128
400008866661155553333117777552222557711660022445566554433773388776633662211112266881188227788448800442477207700541
411553311773355772222666600008888446622007755551188774477665500221133228855224433337611116422783388106
422226600880055337711335511550022881100668822777744773333117755552666336624332166711144118380446644500
43311773388880022227711555533770044666655221111336622448822668877881188445566007766777471661066420055708
444220088880033777755553311117733226633665566222244116688667711550077440055885546482211333300487188427
45511335577771188883366222266000044772233337755007788220011773311115555667766664411446633881166112433244428448855253
46666220088007711333311555577337755110066886600332288330000447700224444336644885541665533888877884777405525081
47755117733115533888866660000222244883377662211114444008855004433445566777788472266336642555543006133227235257
488880022662277111155337755556611773311442288225500116600008811333382330044003344447744120
500007777551133331122226666888877881155772233553366338833443300116655661111006644008800558855554411444422002252717288618
5111177337700002266663333882277664444885555225588880055445500336611662211001122006673118811442233428876560
522227733117766660000337788335511554444004411880011221166775566446622442141330055553388882743334500710025784
5337711330088770066668822227777444400331155111122557788117766447755443388000077333344521142884022005678526608363
5444400666611117755222200888811667733771188777722660055110033114433558855338822441122886622770077663366802213445577864
55577111177333300002266662288881188770055332244008844663355445566551144448222334411331166004433664477442256775681503
5666611117733557722220000338888331100551122887755444477771133334466885500116677008822337766007744330044555522786622663844124
5771155331177338800002266228833775500661111336644116688112277443300888844445566555544887011834400704
588000088666611115533773311775555442244662255771144403355116600622233221122882277220077884300113342602
6000077555577111133338888222266770033551155444466114433110066223344583322778802118811773377672244112288747
6115555113377773322220000775588886622664444110011116666885522334488005500443311263388336677881177665711447744502
6222288444488000066775511115577335555337722117788118866668833334477007777113300556600110033114422004416552266361822308
633115577113322220055551188660044448833777733554477003366116622887764111122584000880020688818530013407
644446622888811553311000055777733775555113333887711226655447700661111883322117788227722223366886633002254008432414
6551177553377113322228888660000777744442200883311114433885577226666118844555522550055662211223333487733601150227767080
66655111155337777332222008888001133557766223388775544440000441100556611774466002211443300331868448832447822781
67755557711331100888822220033773344881166884466665588005566225500776644554444326630447744124
68888113377115555332200002277558877006611221111665566224444554400441177442844778808557144886388236
700005555773311113388882222666655664444115588775511778800442255333377114433007722332288663366776624006688152
71133335555117766222200006688883311553388002233773366444477775500116600886611004466778844552288227722112244887744340
722223333775511115566660000888833884444114400662266332255773311334466774422885544555500118800553044310036186
733557722220000331133775588886611004444770055662211666688118877667777884466334488011177114411528832774422664432324
7444400222266660088885555335577111133115511446688333377662288005522556644334755882210772277773060487845400
7553377113355110000222288886666331111555544884466227722114477333300770066004833226677885522334802550822464568781
76622226600005555773311113388885511777788664444330022554411663355228877114466115566627755332211872200774422445500601
77733555511113300888800222233334444666655776622554488661122116633220011770077227788774478110000664822631140583
78800008822223333771155113355777744664422667755006688773344772200338888558833111188112288661255444455556655324
8000088662222663311553377333355775511771111332200665500228888774444777766118844334466007722770055678822338811225488340
811333311775555770000222288666633551111444488773344226655007788447766772200660011005566227777115534003088046688541
822444422660000777755113355778855001188333311661177330033880088663322334433664455447744666677665566222200441282125
833111133775555770000666655112222880088444433663333888822114477334411007744005566224422554488772277778855330033546
844440066222266008811115577117777555511335533336688000044116655443344883300338888220057445862446211228422502
8551111553377336622226600883388007777552277114444117744333311666633445566555500554466888864000045882251220011002211887038481
866222266000088111155337733335555775511338877665544117700778833220066443344666677444488003300440022777722331100516688414
87733115533770000661111332288662277555544442222007777117722443333660055110011885588003355008811448844702
8883311113355777755110000222233334444666677661177885500884455332200660077447733881122552211882288764422441144026
00022666688882255773355115555660033777755331122445588113333442211118877117788554488405522776622880011661146504
011557711337755332222770044448800772266338844555544116666446606885588881111223311887355667611443286210
02266557777113333662288880077661155551144445522337700885500111100448833887722006600005822227666332244334466741166864
033775533115577116666550044448800556622881111222211334477774411773388668888772254233308336633543326778844645
0444422880077551177337766662233553333115555772266002244558811884411338833668888770000116611112211006655667711440080377784774466348546427
055777755113333118888222233776666008811552255006677444433662266441111771144778800110044884400007211628853045864220
0666655117755337711332222888800555577774444776633111188660022662200881166443333667733552255661108223344645584227482124
0775555771133331188886666002222770088224444664433558833772211556633661166710050448844100
08888666655113355775522223333444400556677773300771155880033111122668844770011004411774433221144518822420
100888866665511557733554444002222553333771133442211226622006677007722778855228800447744558837764466114411856630103056800
111555533337777888822662200660088774444771133556688114466665522334455112222554430440055775500317706772288021188363
122666655551155770000333377338822771111881100448877442222116633660055885500888800113355332288444400777762447755241
13355118888666633773311775522220088224444334400338800558811662288777766446677007710227745778842661682330000104
14444886666555533112222880000556633773355003333226688115577551188774466006644777722770077124022338822008855888833001522134
1553311666688885577551177330000663333778844445544880022776622552233558833886600777711332244336011110055608
1666688000088553333771155556622223311777722550022883344776655774422113355112266336611118866005544888844558822007733006444332877001788141
1773355778800338866550022226611551133334444662288775555336600552211447777007744330044008836442270666688445566700
188886666553311557777330000222233771166003344447744883388006644224411221111445511775566304465226277855582820
200668800557777551133331188116677664444222233558833008855221177882244002288886633666600003322665555304477445544325
2113333777755778800006666228833115511886611008888553355556677224444554422007711227733001166887744111055225588148
222666600888800115577113311112233775533444466773333881177000066114433227722005500330074068825118878485588354
23377773311555511666600008888226688771133224444112277228866443333880066117788336655667755005577662355203344554467440044284
2444466008888006622771133775533111177773355550000552266441144332233334400222205883366116688774476581128510
255113377775566661100003322888811557788444466773311447766441122774400442233554088555533334877222211852243870
26666220088880033775533113333551155771144445544883300555500668855663322221111223366002288224411777788773388147
27733337755111155666688882200007777665577001177448844440044114422887788335555223388553316332255005546771266103
288883377773311110000666622333388551144441155552277004488001188667744664400225533222214226633665508775577145
3008888001155771133775511662222665555886644442200777733882233110044550744663366660433553346881188712
3111177553377778800005566222266338855554444116600442277333366665522558833443350112211448844774400776677128877006688203
32222880000887711117733112266665555335566777744441155110066881144224400336600286633334166418888557766158840104
333117777555511226666228888000055771111444466553355447744113348116611002211882222508856824646763231560
3444488222277771133666688000077221155117700111166228833778855774455330033550066447766002266118811225522086675443311024
35511117733770000222288886655550066447766331122666688441155221100442244887744338822336611333344660322777711614
36622227777337755111100005577444488881166115500887711772211333311447766770066332200778844118808230555885544566604668436540
37711332222888877551166667733110000557700334444336633881111442211227722440066448844668821880011550044117777861077455565802
3888822227711337755551100006666335522111144446655886644333322445566005577667777004166208877331177881155330033485540784835080
40000775511773311553388886666222277884455557766001111332233335566330044116677771122118877228834774446880588226655225618564
411337711555533222288881100007777446666550011112200221177551144773311883333556644886633668874043388242
42222880000886666443311553377333300775577772211117744555511226677006688550466227766116604882243220588883355418
433115533775511770000666655554488882222336688002211114477220077887711881133883333558855226633001466440766224256128866084327334677774
44466660000555577771111331155338888112266770022554488003300886688332200117766114477336622221633565044064
4551133557777118888336622226600004477223333775500778822001177331111555566776666441144663388112433244428448855253
4666622000077553377113355118888224488001155443388778866777733226655774400442233331177225500845522112277663344411100364
47755117733115533888866661111442222000088337766770022445544448855556622557600663344001100333304112288418811621272682
4888800666655111177222211553377004433112255557711003344552288220088116644440006887855884411883611356602763
5000066662277771155228888113311118877337766332244445533008866002255775511770011003333447744004422007566446671661224105
51177553377113366660000222288887733331111442244880077774455776688226644008855665555447788115522110033001187225586220044332
5226666000022888811117711664444335577333311887700336677225588008855113388334488445555661144006633068822332222441155020
5331111775577226600006622558811228877113377007733336633441155666644443322268888447744885555445511882657886011008800542
54444006666111177552222008888116677118866331122333377770055007722555511000044665576880011334488445622115144224470302
55577771133116666880000333322118822665511004444886622778888773355220055446644222288402258537700601
566220066117777113333550088882277665577005511116644443311224400223300446688775588115544226677286633407783773366660011400
577115500007733886666112222337777444488882266775511117700662211003355558833668855665522554422772288032203331633043344546
58800006666115511337777881144442222335577110022554488772266775500118822445555665524338833334406336626888866047733041857446847670
60088880011555577331177553377662222116644443355887722663366111133224411223333446677778866556688118832771400666254770022800
61155557733117722220000338888665522667711337700444488223344118800554400776600664433002466333355111166668833681144701
6222200888800667755551133771155331111226611773344443388777722440055770000776600118855002255446333223307441288448812747868382
63311553388881111222266773377000011887766003344447777114488006666110044330022884455557722007755008422552217440055146
644442222008800553333557711002288330066111166551177770044887733113322552211227722447788118855001155445677488866314
6551111557733337788883311222200006622444455558866442255335566113366775500776688777744770022660044110083446211627144823
666222200888800337755331133335577117777332288111144555544665511552244770077661166330066885588650833848
6775511773355772266000033221155444488882233331166881188001111220077770055662222555533776655002277447784558244666633842
6882200883311113355557777226677110055337755222211228866223322440033336600666644334444880002778888556633881455061
7000022666622888833337755111155331177334444008855776677772255221122441166118822336688005566004477884455554488663380143
711333355775566660000111188222233008877772266444477883311558855004488002200554466334411443377084422440888665511012
722223333775511115566660000888833884444113366773300661177665533555577442211220011005522550033116688118800228868707044814
7331155337700006622226688111133558833880011444411771100775555666611660088448863336722882274388855447875750
74444002222666600888833335533227733007755557711116644336688551177005500667777882255628155841144704011800
75555333377112222880000886666552277774444115500663311332211116622446644207700558888778843004811776388235
76622226600005511557733554444885588331177770033334455552288447711221111661100113300772277843372456666350
77733555533111122228888333344446611550066007711885522663377443366776666886655664477008844100033004800123322738
78800005555775511333366661155444422223355334488116622441122111188771177772200110066888866714470884438502
8000022666622887733331111771188663355551166888844550044777788553344442255220055448815822217224300667766127
81133331155777755222200006666883355118844446600111177112233774488555566116644336622554411003388665211442244002260428888232
8222233771133551177556666000088333344442255777733115533661144550022772266776655552288668888554433240033006644662700180044707
83311113355775566220066444422777788007711226611008811665588553333888844555522337733225544887744336674063301714
84444886622226633111133555577110000660022775511553333777700445588552288117733883366556611888877667788068826664424647411243544050
8551133557777111100882200666655227766332211770044888800558877224433334455440033002233664466228861447422601180750
86600006622228811113333775555115577665544441144227733553344778877007744666611748842664822421800583
8773311553377000066111133228866227755554444663300221122225577114477223333556677778855884400445500551244888414336666808
8880000226666225511335577771177550088773333776688116611005533448844555522004422444400660014664437865582767
000775555773311113388886666551177222233667788225544448877114466885477664433004400661633560022003344526
0115555117733776633886622221188007777557788224444333355334411665566667722888877442233226644885500558833003312554466104
02288883311773355771155226666007755113388225566444477448800881100442200001111443344550055553333003366223322761
0337755117733888866555577220066221133116688000544447777111144334466112244223333227708118848226666076643528
044440088666655551177222288113311553377557733667711668822007700662255441122114422334464332268084472748
05577775511333311888822226666008811552255007744664433773366771111440000663306112233221102885622480
0666655117755337711332222888800111155557777336688220033334400554444227700776644660044116611447638162266700
0775511335577331188886666556622227722115500333344440088224433778855553300005588338844668800114455248811112166117044710
08888222277333377115511116666555500336688117777444466440055221133112288338800225588553355663322330611447788660752067
100888800666655551177337755331111442244668811335577115544443322777700447744882222883333886613001622102
111335555777733662222668888000077553333444422771177445511554433114833008866338872882033706
1226666228888333311557777555511330000332200444400885544337711110022338822221166336677660077006684227722546
133335577556666000088222211773366225588330055553388003322777744441111446655002266884400448811007244742
1444466668888335511337733110000222277555577003322884400558877776655006622553333885544882644243188661111217
155331177335577888800002222666633775511664444332288113388662255440055550088261111446685660044270067774477141
1666688883333115555777722220000337711335522886600117755880055447744111100223322663344446611448511840644256657067786212
1773333551155000066667777228888336622552233008855331133771111001166554455668877884488007744440033824433227764102
18888660000662222555511337777335577115544442233880077448822110011116688117755661144330033132200887788553288345677064
2008888006666227777333311337711555511663344445500335533660000447788338877221177552233002222441100554466440144318827058
211337711557733550000666622888811887755444433110022663388440077227700885555222255883344551122048826446604286655368
22200888800666655773355115522444411771111337777550033886633660002774488332211885555881104556261642
233777733115555116666888833000033557711338800226600114444665522770077222244333366334455441111008844886622882256447328704
244442266000088886677551177337777885533331111335555772233441166880055006611001188115566520044540022112288222252748
25577773333113300888866228855332228215566558077667744006600001144110044772666111177864424671181612
266660000228888777733555577551100554444113311442233224488445533776622006688663366116677880033438645271111256
277333377551111556666888833112244440000665577110011335544114477772266776633664022886047887348403810708
288000088773311775533776633552211556666001188664444550022448882003333668222770077771111006477226255442577441144013
3008888002222777733551155771133334466442288331177553322665555444066224866774000418146003666816630511
31177338888222211551133776666005522444400335555333322550000661166770011887744228866227755777722665566447784607712343
322228800008877111177331122666655553355667777444411551100661144550022118855223388333366888822443377227788113300334166270
3337711557788000088112222555511336666775544668877221144770033001111661188882288665022662238441176320
344442222880077881177331155550066667700335522661122000044005588883366221166886644118855411143884777113377410
3551177556622116600002288887777333344440088111133227711005522336666555577222255082208563377667784226687038
366222266888811113355775511773333440044880033772288225533006633115544443388776655550000885524666644556600116677778835886611202
377113322228888775577331100006655884444663355553333882266001111661122007744004455442211441500348800256666481
3888822000077771133551155772255444466663366558877001122117766447755556622774400880033223311002288111144116600667483404
400008866661155331177335577222288446677556622003377111133334411001166883300770055882264776422336800288
4113377115577335500002222666611884488110055116677553333114422332200668877664455554466556620338833685528886111770821258
422220088886644006611557711331166335588445511005544337777223322776677552211774411448822555500224466566688562441204
43311553377771166665588000088556677338811332277550077222211776688224444554400662288336264246477001100341144887748486
444880000882222666611335511775533777733331111555577114477665500663322887722334455885566001077004400227422188
455113377775500882222880011664466112200553311557711443300778866338877444488335566000066226655885555442233221688104
4666600888822440011553311773377555577226622333300774488004422028866885511227411116611443366332814754
4775511773333556666110088880011663377005577223311883322555533886677662266441111444455442244002222777711220077806
488880022227755337733117722666655776633445511333355558822114444330066778866003366110011668833887777118855647700774464000040820
5000066668888222277113377551155773366440088777722114433330011117744225566555544446633445522441122660022003388648800418811607
5113377115577332222008888001177774444666655882266331111221144775566223333881166885555000022883366778866110033006644118522445277048
52266662200007777553311337711555544884400885511668822557744550066772222112233447700227788776011442244441100504
53311557711666600005555444488882222337777226677880033335566884433661133002200776655001111741124251104558404662473264
544440066661111775522220088881166771188663311223333777733447766225555772266000055885500330011338833621150228822441144304
555117777113366668800008822221155337700665544441188333355773322556622334466007722661144005500442288887755220011076788616
566660088117755111166220055228833331188444488007733006611000044667711337777227766557744003355026688221122338888643364555531514
57711113355000066668888222277337700886644446600775511225522333344887744063311045555443415885804783
58800007777557733222211113311668833555566552244448888553366445500666611772233337744228877001188662266004433841102520
60000555577771111331166222288885566444433776633221177883355330022773333448877001188112244772201446677558826880655436
6115555113377773322220000668888111122331188008855444455335566228866005500774477221177114422776677883333664466330876548
622228800773311115577883300555511337766660044441177114422667755663388770088664433447722553355003322345522140
633115533775511770000556644442266550088227777111133887733332211222200778811006244184477448888336344635
6444422008888002266337755331133336600777711772211555511666622227733557766778833001144006655661188228874558855224488603388104
65511337711557733222288881188000055003366221166772200444455447755556644111144661103552333087766331688277744048
66600888811115533775555002244442233113300556677776611773322771106887744884477222211226822880388635
67755117700005555222266333311553300887788111144448844660033661133883344771122116666885577225588662200227422445566482231804
688881133551177553377000022226611115555444455887733332288660088006622330077771144225577885528447744643388331485640
700002222553377551111336666557788881155444400662233334466887722447711884411001122007777330055003355227746008633126
711553311008855002222883333777744446666335511886677001144332200004477888800334488227766226688111166117566005555406655225582423
722220000555533337711116688886655003311775566444455223344228844115511881100113355885544777700778822112277467736006666325616208
73333551155000066668888227711336622114488442266445588775555444433880022886600770044001463020777223322422
744442200008888226666553333113377334488115555221166880055111188662255885577554411772222447700227777884466004450361
7555533337711112222888800006666556622114411773344447744885511331155220044003388118866332826001166843300850
766222233331155557788000077551166332288444477774455225588330011770088771111267724361188114666488866804
77755553311332222888866117711667700558800002244664433337766330066662277221155111100440411447744481128487738556655082
7880000555577551166663333113322881177772277664422114488887700667711554400334455335588443306552266825566124
800008822226666113311553333771144441166225555440066776655777755110077336633558833885566888844220017004433445460530
811333311775577226666220000555588337788880033444455442211114488665566776633660066115500770012777743552255130088428
822223377113355117755666600008833334444225577773311662200774411110033880011888855004433006644663322881155368844740
8331111337755557700002266662211553366880055444455881177333388227744888877110011223300667722220088440033551188556610443344124
84444880022223333771111775555336666225577221100113300881188661166888855115566777788220000742274652262454
8551111333377336622226688882277557788777700003355664444331100550088114400225588661166084462876344847304232
8662266111177337755557744442277001133331100334455116600006666880088223355002222887777224411553366338844778888558836446522548
877331155337700006611113322886622557755660088824422223333555522663366551144558444117744004433871187866055407721602
88811333311557777550000222266661166778822110033773355111122334433006644446633660044555588665533220011885547662877405088414
00022665577335511552277558844447711770066883388228855553311333377774433440011003300811144112633261186007455462
0115577335511337722228888006655331188663333662211771122004444777766443388355500554455274466668400008144111485807
02288882266660077555577117777444400662255113333553388003300115544110055227722443366118877881166776655663422150
033775533115577116666008888223388772255661133330000555500662222777766773344668844774422443366441111881144544488328
04444886622226688005555113355333311115577117777660088220077337744772211881122552233224466664424330000663366754
0557777553311332266668811008888223333556644330044555511117711558877441144880011221166007700337733444422820
0666655117755337711332222888800555544446633111155772266778877773355003388114400004422002277668833008826062333645585648
0775555771133116622226688883300887733332233661155111100445544443355886600005522114411772277774477002255667783442284063181264
08888662222660011555577771177002255333377220000443388006655114422332244446644885588445544713356882106331166712
1008888006666555511773377553311114422446688113355444822115588777700772277883300552255000022884600163388633322604
111333355557766660000228888223322551177336688774444771100446611558811448800885522226655667755006622005543883370721862784
122666622888833331177557733551111440044880011556600221133441188663322225522774433885533005544223375550038224444746
13333557755666600001100444488222233668833117711885555888811667733880077778863227722552210551200626544240084602
1444466668800008855333311773355557755111122113322224411554433002200110033660066118888228866227700772264577748784
155773355113377222288883311666600002266118855005522444477667711008866448800778877443388221777003366546688440066320
1666688885533335511000077773300883322111122776633660011447755774411550055554400445522444422556588118870623288622
177333355557711666600008888222277774444225511337700330011114400550066445533220077552211554477661104112677246633665433183388548
18888662222663355113333005555773377003311553388004444112211664422036666883324661144776677887775885566554488210
2000077553377113355118888666622777733334444330011555566002288008822665500441100558811440033664455442688338877006845272
2113377118888333366662255557733558800777744440088441177220033110055226655334466006677664422228866347700002235661155111122404
22277333377115555116666888800005577774444003366554477226633008811331144228877662244884433445042120
23377773311555511000066668888227711332288444433553300775544117744003366001111446644524472661188662222008800204
244446666880000882233331177557777111188335511663322227733774433885555334455442255228880558300448655006600102
255773355113377118888332244446666223388000022115500555588111144116688770033110066007722886612777744882044775533336644056634342457884
266668800008855331111335577775511555566337788227733441144443333223366001122006611662222118888447744228815883244503
277333377551111556666888800003311778822665577114444005544332200442244663366776622335222508866402211001188177727460
288883311117777335555000066661188552277004444337766222255440022663366442244882211220655115577881103223333453308638
3008888111155773311223322660066117755664400441188550033552277776622555533770055883344663333665544448822007006766
3115577113377550000222277336666888811662288444433225555220055111100887744776644667708660544521
3222288886600006677557733117744445555111155330088118822114411320055007700140036447777884438004487254
333111177775555222288000088663377116655112200664433445566667744446600550022661144225822110622788816840
3444422888800002266667711337777557733555511776600883300441155225500662277222366440111461188110688778863832
35577771133116666882222880055556600444488442211003377664411773300770011112277226611447755333320885500665588778866700
36622228888660000777711772200115577885511333355338822444433116688440088337766550055558800225522112266442275441144663611067
37755117733115566668888113300002222776655772288003333882255443344445555336600447700552066241166111144663400110
3880022887711117733226666001155557755118866777722331133004444888844112255665544664477661100881200003700568
40000886666551111553377331177555577663344112255880011333388114422332288448877226622777700224445004642205543506
41133771155773355000088222277556666006622001188883333447777443366778855553322552233887700721111445588110446384
42222660088005555331133338833775511557788661100220044552233662588111177118877447777288854884633564033000011265
433775533115577110000888866665555442222332266884455111122003355883366338800552244006611667777447766441144825
44422880000886666223377773311333388115511117755553355007744112255220033665566332266116688221100227055883344330644046678748
455113355777711888833666622223322007700887755886600224400552211003388001177881111441122556611667744664444882266304
46666008888002222445511335577556611550077331177118822336677663377778866443333221144006622553300334444111168770044881544255587447013800
4773311775555338888116622226611114400005500887777223333778866443355885522006600336666782211580044613344548
48888006666551177553377113322220044663311662288338855550011557777443300334477227788112255882266000055221111007184114422340
5000066227711557777661177333388882233772211440044225511886677441100556666444488113355553366558855228834775241112688003088416
511775566661133773311002222888800662211660011447744441188554400335555005522004433448833338822667422730
522666622000077773311553377113355114444880011887744556655558822111166886633336600228811008055003300447722775677641177812233870
533777711551188886666000022335577662211227788331177004444885566774466336655006688111133887755224411047722042
544446666008811775511110077001188228855883388443322005522223333113300003366112211663344550022772266465577114622468045306
555117777113366668888000077662222337700115522440066553344663311660088338822884422002211078877557733335588554433027744164
5666611115577333377222288880000775511335544441144008822774455552211660011226633665500667311738844885044330033268
577771111333355666688882200002277337766224444770044553311551177887755554433448866007722880066374422118811225500384402623225246
588000088666611115533773311775555442244662255771144403355116600622233221122882277220077884300113342602
6000055771155331177338888222266555544440033777755118800112211113355663344110044776611667744224488445522550648720
61155551133777733222200006688881111223311880088226644443355440055003344860077553300241166557744247700401143862
622220000557777553311333388881111665555444466335511003344778877226666002234004411884434880455664426717
6331155338888111122226600007777555500118877335511337744441144225566110033005577885522884400667766462233224800470
64444222200005577115533113377773333448877001166228822661122117755225555888855118844554400224466774472304411443111006666508
655111155773333772222888800006622001177556644447766116600224433118855553355883388625500554455223324877744142
6662222008888003377553311333366115577114444225511118833550000223344116688117788556600770068221107338277632264640
67755117733115533888822226600771133006633225577770088005544001144776666111188116622774417833344335022864466548
68888115555113333777700002222661100331122778855448877664455884433442288667755771177444400553111856655241
7000022223333775555111177888866661166221155444433440088220066771188556655777733553311338055064482674411012
7115555333311772222888866661111444400005588330088551133663355221166777733223344112277660033880066447744337244287844562
7222200005555337788333311118866664444115500112255663344338888440033004488228133561106773367532
733557722000055331111226666558888337766332244441188662255228822770011550088002388555566884433334466742
744440022223333557700888833663322553311337711772288555511114466880000334455661188115544147588765524882014362
755113355773311888822223377666600005588115500226677772200114477444411116644884455554426112711062855633344336833846
766222266000055557711331155337777448844008877335544421177550022088855881188668833882233664122551148024
77755333355110000666622223300888811555544442266771133774411118800557733660077886611770011447722002274882288740
788000088222233337711775555666677664444225533118833558877750022001166114433663344665866084411226622740
8000066222266885511115533331133777788223355557744661144770044442288338844330033220022154410771600801
811333311557777550000222288666611110055116622663366008833445544884433555588014467441177327
822006622773333771155111166550055221133888833448800881100440011770033114444336633228022667766872222446666447744142
833111133775555770000666688221155332277330011444455886633336644117777224488550055222288856677660033543384220022371
84444002266662200883333115511337711117733555566775577770077668855228822225533445500554422346600663122710
8551133557733117722220000886666337755882233444411110011440033330055336611556677112266880044221188332277887777447768124433845544802
86666115533117733557722220000881111444466775555113377112233447700665566885588226644002288778800554411884430445077674168325278801
877333377115511226666550022557700884444223355331133445555221100776644305546222277224048000188886788577818382
888000022226666551133557755550066773333444411117722332277882255331155228844003388330044260011007850563
000226666228888331155337733330088771111332255667755777722224444110055552277665501220744554434886688140
011557733551133772222888800665533118866444466221166883333660000220077550055552277110033004433825582445544011177774477848
022666622888800775511773377772233113344445577885544882200111100550044000088118866006611446644756674116688743834284525553655803
03377553322227777888800113366661166444422882211005555771122667733117700774411118855225588330044334472446688614
044448866662222880033115533773333227755777711117744551133006688110008446644226605550855882255220672383
05577775533111133888822220066667711555544440033774422661188330044551100008811663366001144333346425848524022786218087
066222266888800555511777755773355333344440033776611228855447711666677000022110011114433882200772253008866063316546
0775555771133116622886644442233330088335522665588005544002222110044172245332033773366800017870
0888833777733551155226666113322118800775500662244445588447711772233331111001144104433446677440022220055442255553300048566327
100888800666655551177337755331111442244662211335544487711556688622255227722002233228833004788557742682
1113355553377778888222233334444666600007711550011775566884433006622772200440088773388332266776611428802124
1226666228888333311775577335511114400448800115533444688113322002222552277772218667700008877885588430033774
133775533115577000022666622888811005511668877330033332233554444555522111177441122225588440044334422771182007777265
1444488666655553311222288005522007777337755001133224477660033445566778811887700663388443365111177215588204
155773355113377222288880000666655002211118833117755663344440044336622008866112877667777885555881825447744170033805
1666688000088222233337755773311115555884444771177226633556622112277440033002200110066113322888811448854118600564422546
177335555110088886666331166770022223322004444000011883377557711115522880077774455885533881133668844778822554433446561412
18888660000665555113377773322225522444477550011557711448800556633553311776622330022778855883333661111068822664422134466620
2000077553377113355118888666622777733334444330011555566002288008822665500441111003311778877005526881144047764883468584
211337711888833336666225511550000338855220011444455554411667733447777442277002233117766887788110088440077228822211123246
22288000088666633113377115511116677224444332255334422665555775500554400118811002611448877888411777706246
2333377115577880000886655226611117722551133660055444411003344883355662244777733221144555588440044346422275538116011287760774065088
244442200008888666655113355775588005533771111777733116633448855667788112233007766882288440033621144110011522
25577335511337711888822666600003388775566774444111155886682447722228044221177770083440362055533110455443333012
2666622000088883377113355117755331111555577773344440022885522558822227722110033224477663366770044665066014
277331177555533888811330066662211558877002266114411225522220000116688667711003333777764774422336111878464044
2888833117733557711550000666622333377774444775511118800770022446611330055553344885546001101222208126
3008888662222660011551133331144448822336655557711117777553355881122556688000044776633773344664433887788566211884422807
311117777335555222200880077883333444466665511885500663388775544553322447766440011226611441166221157223430004866003022768
32222775577331177444488886611556600221111330033555533776633446666880088224477778877114433338855881677006625007728341
3337711117755552222008800668866770033554444553366662288882211225566114422660055001162777733887788110077641138348
3444488222277776666111155331177335500333300883388005555114477002266772244223366225522886688887744663377560844164
355777711331166668888222200555533334444881100112288007722445500336677665566114466443388337755885524770020418877315
366222288886600007777117722001155778855551111444411224400668822663300331100443344865533337733550055823380816255618
3771133222288887755773355110000550022444477448811552266446655882800884666336677662533111177054
388882222771133775500006666773311552211444433440022551188662244660088007741110611281175553355763305887838416686564
400888822446622006633771133551177553311115555777733334488005588666611664411881100112288778855667744784000227250322
4115577113333550000775566662222338844777733220088118833112244880033774433446600553366886655440044226673006211628822710
42222660088005511333377557733115555885533441188227744446644554488447655663022886011112141706040700
43377113355118888006666557755222255333344445566887733110033885544882244008866220000447700111177778811558844116677663366002233042277421
444220088880033775555777722662277886666441133331166553300005544552288558833550021881155111144884466887344360
455113355772222886666117733887755888844000033116622778822663300442244881188550011007777660377454147071
466662200880077115577333311330066118844222288117755553355001111665566885544440022552244332277005588226877774477648
477331177551133888822662200004466886677771155778844332211880011114444112233665555337766445566006611005525003877058814042
48800006644222288665555771111333377331122668877558888440022336666334477224466774433885544556600335511004411444011762811508051630
50000662277111177556633332288881100221166554444552244660088773355337744223311338822220033443300448800761188336578555511226
511775566661133000022228888773311553322667744447766004455005577770088223344114422085522584433664488340
52266662200007733775511774444887788113355550011114477776688445533663333223300331100556655841186472222124
5337755117733116666000022770088882255554444556611338844221144887722440040662233332222001122883355777788118855880033415
5444400666611117755337722220088881188776633550033885577443311330000555588225566552266886673224411446161221154542
55511117777333300002266228866880033444455775533885500666611222211664411447722558831552847882765613105418
56666000077775511113333222288887733557711220011668844442266338811004455553300806622337766552277224433447744603360554400248
57733117755113388886666110055222255337700880044441166778822115555662200007777114477227766881122885500642244034
5880000886666773311113377551155772222882277664444333355332266117788114400446244121544834423645
60088880011555577771133335511662222776655336688337700444422110077226633006677440000220055666644554468447862582
611555511337777332222000055771188880033662266004444553388111177448877008855884411440544778822775161228834624
62222660000557777551155001188778811773333116655558844448833556688002288664433440066332277442200446670338822523
633115577113322220055551188660088337777444400112288558888773355443388111100226611778822114488046622336666776654772277534
644442288000055553377882266117733338833660022448866865522111166667700112255662222340066310077118500477760815
65511335577116622228888337777444400331100227755334477886677226611224411114422005522146600004437080845082
666880000882222331111335577555511552266005500224444661144332277776677337708441166447866338833336622888873442211030
677551177331155338888662222000011885577225544443333778833446688228066336611113355550044558033208077112644205566670023040
6888811115533335500006622223366113388777755554444002288441122558855778800114433445511665524663311003320776666773377448644271
70000222233557733118888666633775511225544440066774422661133885588220011007777117722111155004455553344662055665524708
71155773355113322220000666688553333444422660022441166445588111177775555001188337766336622552277448866543388880876728
722220088335577331133770066668822334444000055115555333388667766117711221188116644552288554433003322446422684477541
733335511775566660000222288887722444433008855778811336644111100550033114400662201555544221122332255337466334655883388216
7444422880000882233337711551133557722556633441177888866224400775555447777001100245501116611881488752
7555533113322228888771166770000330055665577336622444411778855880044882266884466664422338866114451883377663333560
7662222000066888833335533228855113300115577774455661111771122444477558844110077227700221188660644223311667788226663680438714
77755553333111122228800008866667711552200558844445577441133224422661188881166002011006688730076443564740
7880000882222333377115511335577774466442266775500668877334477002211448855225555884400338888116611118866556602054433010
800002266662288773333771155551177553311113355774488440066003344661166776638118211054477727244522
811113377331155334444886666114455775566223388003322007777005555885500888822554477443355167786000022772222663300664366852
8220066227733337755111155665500330044448888117766114455778877226633118855552255884433440088005544112233668833566644667011602248607
83333111177775555222200006666335511228811884444773344557744662266002244340055885566886644888800316
8444400226666220088333377551177335577770077668822880066554422224488114411555533445566446611332255863311023366016
85511337711550000223333116688226655777744446666005544776622112222886644007700110033008877888111773344520
866661111555533337733880022220011882266775577117788112233668455170044443400554484224460008500672255874
8773311775511335566668800002222116633770033444455557766006844338888624488332267882777118855810
8882266662200007733557711553311337722444433886677555511221111001166117766887788118855880044552255447700832222333344177742806
000226666228888337755331133004444117711114422332200885544668877884455886611551100552566001128006644007744777766348
0115577335511775566222266008888774444881111445588550077666655227700447788442288333311334411221100005533668822555544332800261183816
022227733557711553311666688880077775555444455113333226655660044881144228877225500330018220088662244661066364
03377551177331155557788666600006688332211114444880088445533007722554422223333881122888022667744662277770044335711001644005
04444882266662288007777331177111133337755335555222200334477661155110055660244114468770888557748654
05577775511333311888822220066773355668877444455550033442211225522446622885548666600226611001166580077223641114837000847176
066888866222200555577773377553311113366003322444411551144000077225566776644663388333300880044887788447744335522882266642
07755117733335566661155228888001133667722000088777788662233222211445533442255554488444400224438104414727
088882266662200113377553311555511007788444455227722880000440055003333243388334488111176554466116683557633064
100888800666655551177337755331111442244662211338822001155441166885577440000552255004633222233330033426
11155553377338888222266000011775588663366552233335577445500447722007711331108777788116644880611283306770688556626618844246
12266668888331133775533444422000033555577115544008800222244110077332211116600663366776622338866118877778811472288425
13377553311557700006666558811222211773388008844445566332277448833668880777711118602442255552282335501034787672
14444668888333355110000662222338855332288770011113377773366776664330077555500558822117722771122552455440033115575648
155331177335577880000882222666633775588664444334466220011110055668888770022883388555511336677665544048844771182772126114307432
1666688885533337711557700002222774444886622113355110033665500447733887722007778228800114411117811806422340
177335577115533880000886666222233337777555544440022551122665588550055660066118888111100331133220044882211634433624
1888866222266335555331155880000777711770033334444557766552288221133002233778877220088542244112276884466111144860
20066880055773311775511338811665522776633221188224444666600336677226622223377770077843333556615553255802284771410800
21133771155338800008822666677336633330022775511664411777744222244557766555566225522005500334400770011887444888833111100685
2226600008888665511115533555544446688001133114433777733338877882277445577556622334477220033664400442833261
233775511773388556666000077111144448822661155778844776622777722225533668866774455001100440022112282443344213
244446688880000662277555577113311117733774433332222661155118822330022110044553355401122520033666600508
2557777333355111100006666888822336600775522221144224455880044447766332288338855337722778844331122608402054481716
26666880000882211333311777733775555220066554455774411112233550055115566110011662344448888770077260034258866353
2775511333377000022665588881166330066224444117788660055773322335522287777115533114433445555666644003366111766846424847
288883333111177775577226600006633220088551155335522330077882411301100440026114455666684448544755504246
30088880022227777335511557711333344664422663311886600337744332288775544007766667700006611665622404
31111775533777788000055662222885544446611338833667711660088776688112277447722552244888866555511441155720011002214540
3222288881111773300006611662244445555110077554488770088443355333344776655223388012204118266664466360255771155821
33311117777555522220088880066663355112288110044447711550077446644337766773366116600113322118866226650334422772244002007082
3444422228800881177771133557700666655115500331188221144555566888866773377661100043333663308446644712233854403220
3551177556622226611008800778833338811114400113322003300554466448822777733774455558888552288441166000022115500668444723366512
36622226688881111335577551177333344004488223377115533880055554446008842000077772066661188364
3777711113355558888666622220000770011554444557755338822667722550033114488333344336688447788773300880022881466132
388882222000066661155113377114444555522881177331100118800775544223366556688446622443344774400448255335577776677202
40000886666115533117733557722228844662200667755551111333377114488885500558822447777004600226688338876552255623
41155331177338888222266000066448811337700225555776611887777116622330055445522885588678200335500127433334444604
42222666688000088443311113355551155771177775533337733445566227744005522881100118855888866441144882255003024760
433775533111177000055222266665500113388118844445566333366002233225544115588885554773346771166883300887788061106412201482218672287424
44422880000882266661111553333771177773355557766002233118855113344558884116655225544770011221144340066222244664
4551133777755222200008888116666333311557711887722443355668844880033004477332286770055553426114655006600164
466662288883311773355771155000022337755113388005566884422111144007700847744441044554480334433665522667615860272463333064222032
47755117733335566661100888800222244338811113377223366882255331155557777003300004455440011665500558411844486446677807
4888800222277335577115533116666004466221133337777664455668822442266555588334444117788774400551111001188114638552088400
500006622226677111133557777008888115533338877228866114433001177337766555544558844446600221422332244083366331802768643466
511337711557733222200006688886611223311880044441177774422662244001100330021666608333365335527838503476565854
522666622000077775511333311888877335555882244441100667744332211776688553344225566337722336655770055003380111122271144640
533777711551188006666008877222255554444003311778866773333227700004433446688881111224622330055002755776648561
544440000666677115577337755882222774411336633331188777722886600111122555511770077662233002244884433226611668888553044764
5557777111133336666880000882222553377660077884444775544331166446622338888332200610044118857003300117744821
56666000011777788882222333311551133771144440077552266884422111122557744664433558811008855428863220022787348304
5771155331177330000666688882222113333775511444466334411887777001100886600338644774400772266116677824455005555442200443
588000066668822227777117700221133776633115555441188333355332244336655111144660055773300775860116477208044840
6000055775511773377662222887788444455335500331100661111440022663333221122552233001133664422004411880088224488558888665566847711646
61155551133777733000022228888665522117711118833334477663388554444112200660044224488227722556666775500853744007700326
62222331111335577558800007733887722661155660088444455224411771188333377776677447866332511005555365544001124248
633115577113377550000222266888811110055117733884444772255446655887744880044006644333355661122116622082244532233485
6444422008888002266555511777755773355333377111100774455668866115588714472446666225544823380667000330040522
65511115577333377222288880000662277558855661144441177443344771166331100440011883366660033008866882266778844842
666884444002222008833555577111177331100663377558811225522887777888800004477060388633344336451332301882721415
6775511773355772200005544448888668833337700336666555533115522556600222211334411007766118877880011114422881644562
68888113333555511777766111144440000222233005533667733775577445500880033885588332255448844118644224432001122116600746
700002222886666333355773366444488111155112244552277771177880077668833004411001186772211308744305565406
7113333557755666600002222881111777744442266885588330055331122110033882277225511662233224477334466555544186614336633706670740
72222000033555533778888111166665588771133664444224411775522882277002233004400118851008333806600525
7333355111155778800008822223322661144446677558866448844555522113388556777227744376044120068307
744442200005555337788882266552211331155886633660033338811117711661144002277772255667766885544551122887066448100141
75511335577331188882222666600005566887777223377115500334422114444336644886622555533220066774400224475228655445582741
76622226600005555773311113333775511774444888833445533668800115566550033881122330088771188661100227722116677778422546
777333355551111000066222266888833007711553366444455442200118855774411661133114471221660332800586
788000088222233337711551133557777446644226677553344401177332200266611663366886655660055884100331146204
800002266662288773333771155111177550044447744665522331133006677220033227777882244888866881105776561454
8113355117755337700008866226655221111668844446677115500333366664477220077443311005566338855888834554400228800442236112244801
8222233337777111155118800666655007766335522555544001144226644667733443022112277557722488848660055881177887611300
83311113377555577000066662222880022117733884444778811882200443333227744556633660011005500708155224485342
8444400662222660088111155773355117755550022883311663377113333666411223388005533443322004477774488554455603300118007842
855113355666611110000887722227755773333221166003366774444770055884422883388882244337777117766880022665544555533015528664466240
8666611553311773355772222000088555544442288333377113344887766224411112211882266005500225511665588867777847
8773311775511335566660000882222772211550066778866552244004466223333226688884444338011118021630363734
88866000011553311773355772222665555111133880077664444777788332277446682114422552200402247108
